5.491262205439696 5.491262205439689
5.433674954441784 5.433674954441799
0.34466015255674165 0.34466015255674165
0.24080133622929623 0.24080133622929623
0.16165872035067252 0.16165872035067252
0.12586204106284526 0.12586204106284526
0.10863945240029693 0.10863945240029693
0.06820613472113735 0.06820613472113735
0.05783083745079409 0.05783083745079409
0.05634229758996412 0.05634229758996412
0.04113254208762385 0.04113254208762385
0.04068505945063805 0.04068505945063805
0.039353510858475715 0.039353510858475715
0.039023958920878954 0.039023958920878954
0.03347187373852023 0.03347187373852023
0.03304483727562513 0.03304483727562513
0.03264073359817132 0.03264073359817132
0.028270913549320653 0.028270913549320653
0.025942561038945655 0.025942561038945655
0.025942561038945655 0.025942561038945655
0.025672496224927954 0.025672496224927954
0.02497100090666038 0.02497100090666038
0.02248994255451464 0.02248994255451464
0.021505920817517676 0.021505920817517676
0.017552265800262035 0.017552265800262035
0.017552265800262035 0.017552265800262035
0.017471863439212143 0.017471863439212143
0.015598765356060085 0.015598765356060085
0.015341844978777885 0.015341844978777885
0.015143093860089607 0.015143093860089607
0.01508273810783578 0.01508273810783578
0.01509607945806124 0.01509607945806124
0.014729424221414433 0.014729424221414433
0.014464823362914103 0.014464823362914103
0.014276117279621303 0.014276117279621303
0.014294616454378684 0.014294616454378684
0.014242053496943186 0.014242053496943186
0.014230517699473921 0.014230517699473921
0.014267074434783922 0.014267074434783922
0.014296201925688479 0.014296201925688479
0.013602510296195192 0.013602510296195192
0.013566836664040238 0.013566836664040238
0.013566836664040238 0.013566836664040238
0.013035586788419096 0.013035586788419096
0.0129033746433862 0.0129033746433862
0.01283277961134388 0.01283277961134388
0.012758559079898646 0.012758559079898646
0.012752871082568618 0.012752871082568618
0.012468339117333471 0.012468339117333471
0.012448318942716696 0.012448318942716696
0.012490145559553412 0.012490145559553412
0.012534872035644185 0.012534872035644185
0.01243272894677716 0.01243272894677716
0.011772384254427948 0.011772384254427948
0.01172658448940922 0.01172658448940922
0.010610316056641977 0.010610316056641977
0.010675899778149756 0.010675899778149756
0.010740532484973642 0.010740532484973642
0.010765318858062756 0.010765318858062756
0.009903317448831217 0.009903317448831217
0.009903227021041516 0.009903227021041516
0.009796149818640743 0.009796149818640743
0.009580144880914077 0.009580144880914077
0.009667243251442414 0.009667243251442414
0.009235840661560246 0.009235840661560246
0.008175102294316616 0.008175102294316616
0.008168582987408968 0.008168582987408968
0.00799881207804276 0.00799881207804276
0.007999224583926434 0.007999224583926434
0.007972578014872056 0.007972578014872056
0.007502382052734902 0.007502382052734902
0.00766397714458833 0.00766397714458833
0.007675996501262716 0.007675996501262716
0.0074884472644072275 0.0074884472644072275
0.007446044726222567 0.007446044726222567
0.0074615487917952805 0.0074615487917952805
0.007572440845351025 0.007572440845351025
0.007354141843663342 0.007354141843663342
0.007779808545905098 0.007779808545905098
0.0076180066427156135 0.0076180066427156135
0.007738874202757984 0.007738874202757984
0.007777290004725046 0.007777290004725046
0.007819540051130502 0.007819540051130502
0.007511866588686189 0.007511866588686189
0.007556357772244837 0.007556357772244837
0.007470496897013845 0.007470496897013845
0.007464155524502303 0.007464155524502303
0.00760940868627813 0.00760940868627813
0.007434421903624866 0.007434421903624866
0.0076337993800592585 0.0076337993800592585
0.0077499651158348115 0.0077499651158348115
0.007862248775850844 0.007862248775850844
0.007971868142064409 0.007971868142064409
0.007968765538677758 0.007968765538677758
0.007668841531369708 0.007668841531369708
0.0077663778482559565 0.0077663778482559565
0.007812617428143653 0.007812617428143653
0.007810236749079991 0.007810236749079991
0.00781258999998613 0.00781258999998613
0.007931225183071433 0.007931225183071433
0.007931225183071433 0.007931225183071433
0.008078894352053112 0.008078894352053112
0.007967685482299203 0.007967685482299203
0.007958062493514717 0.007958062493514717
0.007779673049171265 0.007779673049171265
0.007658243087902861 0.007658243087902861
0.007675079145215591 0.007675079145215591
0.007642808318252037 0.007642808318252037
0.007700013524654992 0.007700013524654992
0.007627103576609784 0.007627103576609784
0.007622818940660636 0.007622818940660636
0.00773512035239321 0.00773512035239321
0.00779325200184644 0.00779325200184644
0.007737080234775817 0.007737080234775817
0.007737080234775817 0.007737080234775817
0.0077035105057774445 0.0077035105057774445
0.007636439594065791 0.007636439594065791
0.0078000324869123006 0.0078000324869123006
0.0077184818801043775 0.0077184818801043775
0.007550507848478105 0.007550507848478105
0.007681205283958548 0.007681205283958548
0.007686076401370201 0.007686076401370201
0.007788296911115822 0.007788296911115822
0.007705990712906896 0.007705990712906896
0.007626327409582245 0.007626327409582245
0.0075648816828248755 0.0075648816828248755
0.00754611172195041 0.00754611172195041
0.007454372960381761 0.007454372960381761
0.0074410172445738 0.0074410172445738
0.007352027185902443 0.007352027185902443
0.007479991642469486 0.007479991642469486
0.007633188264577484 0.007633188264577484
0.007718629588580939 0.007718629588580939
0.007610620216311759 0.007610620216311759
0.007518988211472788 0.007518988211472788
0.007562956980109448 0.007562956980109448
0.007575265582161705 0.007575265582161705
0.007498620823781721 0.007498620823781721
0.007498891976382538 0.007498891976382538
0.007541679814835334 0.007541679814835334
0.007466557374300464 0.007466557374300464
0.007416237943033366 0.007416237943033366
0.0076198328399925686 0.0076198328399925686
0.007565159287892698 0.007565159287892698
0.007501387428334283 0.007501387428334283
0.007501387428334283 0.007501387428334283
0.007480792648621559 0.007480792648621559
0.007390199849638179 0.007390199849638179
0.007363080896809038 0.007363080896809038
0.0075003333588625765 0.0075003333588625765
