0.0 1.0
1.0 0.0
0.004879679785805015 0.9301452951777405
0.0 1.0
0.08231969861740385 0.7130859037666433
0.06233141858047653 0.7503373905037509
0.3843697952402531 0.3800243591557382
0.03569200023179775 0.8110767345407195
0.06233141858047653 0.7503373905037509
0.045253930718493734 0.7872702871752661
0.2009895949254481 0.55168136897353
0.9851646622583239 0.0074453857553611336
0.02326798946827751 0.847461514796175
0.16852913519255305 0.5894769979738613
0.14666791191133888 0.6170275311313633
0.7061814146379899 0.15965399112152034
0.02997701882819866 0.8268612728815454
0.5447835321674288 0.2619054720651095
0.5159989254036323 0.2816693481385941
0.40344334695319767 0.36482809653354653
0.2595498553639599 0.4905396429907819
0.9404047509426786 0.03025531662056602
0.8927073685246394 0.05516807392815126
0.1813207085888053 0.5741823059232916
0.7985229271212235 0.10639889932855184
0.6866254883557316 0.17137132058096638
0.6605508827960453 0.18725718533102653
0.2065461248902895 0.5455265410496566
0.2808244883157555 0.4700712422261314
0.1310087055059397 0.6380487525840811
0.11446092936357688 0.6616792507640465
0.24265910823375217 0.5073955864654153
0.005437877454907092 0.9262580346416839
0.2947061808913037 0.45713152523718636
0.14282284431460823 0.62208090242142
0.9643442889046061 0.017989669654842166
0.6281477049129309 0.20744230183984025
0.6062249489886469 0.22139551183630668
0.8611097613333805 0.07204000014365897
0.8379282830309049 0.08461577300517953
0.649583435097046 0.19403260916024279
0.6281477049129309 0.20744230183984025
0.017553008064678417 0.867512234283016
0.010986141224678656 0.8951852051250462
0.010560323127601023 0.8972365671671045
0.816560718770886 0.09636250699138982
0.7387014267498121 0.14052258508451076
0.7172856025648704 0.15307284695502266
0.43040866735165123 0.3439446156370247
0.4114416201285777 0.3585628478731703
0.8828695603811612 0.0603886120415732
0.8611097613333805 0.07204000014365897
0.045253930718493734 0.7872702871752661
0.23734087527192735 0.5128235686407568
0.2210482017660976 0.5298423649815973
0.9339026015851575 0.0336136375211219
0.9121027320333536 0.04495930346746291
0.5642600443710164 0.2488275535065091
0.5447835321674288 0.2619054720651095
0.4948967846148029 0.29651099183085816
0.47601724716288785 0.31005996842994543
0.6062249489886469 0.22139551183630668
0.5865902736153003 0.23410818413087853
0.5865902736153003 0.23410818413087853
0.5674328849533821 0.24671858847215533
0.9643442889046061 0.017989669654842166
0.6866254883557316 0.17137132058096638
0.7603166955579912 0.12803859285058306
0.7405760851420757 0.1394326957511831
0.7699131288126014 0.12255306210996353
0.34945283366257585 0.40885464252641224
0.333084762065015 0.42286503999063185
0.2210482017660976 0.5298423649815973
0.9121027320333536 0.04495930346746291
0.4611220654679611 0.32094030787569117
0.44418094140930187 0.3335309899107822
0.11446092936357688 0.6616792507640465
0.10284383846978651 0.6793072522338766
0.2572100146399877 0.49284123330066776
0.7895498672101836 0.11143381382691386
0.09289201315336282 0.6952180891959583
0.08231969861740385 0.7130859037666433
0.5087831445456241 0.2867096351795967
0.1813207085888053 0.5741823059232916
0.16852913519255305 0.5894769979738613
0.3145697342825736 0.4391348341333956
0.2999556976537251 0.45231788631202763
0.1310087055059397 0.6380487525840811
0.8379282830309049 0.08461577300517953
0.8203897281068931 0.09424632040112957
0.2808244883157555 0.4700712422261314
0.3643327132519782 0.3964002043970043
0.34980130246377833 0.40855997559872703
0.10284383846978651 0.6793072522338766
0.09289201315336282 0.6952180891959583
0.4621355545873397 0.3201944729649959
0.017553008064678417 0.867512234283016
0.44418094140930187 0.3335309899107822
0.43040866735165123 0.3439446156370247
0.47601724716288785 0.31005996842994543
