0.0 1.0
1.0 0.0
0.6180200305720611 0.6180512418117086
0.583401059511913 0.6596432037603773
0.24971965457859027 0.9376400941171495
0.8794873750335653 0.22650195715656884
0.9907920546300546 0.018331104481954852
0.08301542379812443 0.9931084394116177
0.7206838184440826 0.48061483383285664
0.7055266979466173 0.5022320784845427
0.6844252283076112 0.5315621068560743
0.81751774757318 0.3316647324028744
0.8612897762250022 0.25817992137028556
0.9567655186220605 0.08459974237585965
0.9403345395190394 0.115770953787516
0.8417049798592657 0.2915327268801131
0.8239487736209097 0.32110841844859894
0.8047706745171758 0.35234416143716996
0.6629426284766794 0.5605070713484315
0.6438758237206714 0.5854239236280269
0.3719978054106917 0.8616176327696291
0.8003360516223011 0.3594622044736253
0.13126139525230957 0.982770446116417
0.4156622229462563 0.8272249164153767
0.5373813300259334 0.7112213061395589
0.517000564732444 0.7327104160663339
0.4227147059685654 0.8213122773579093
0.30338869865994156 0.9079552975254271
0.2773600935277614 0.9230713785182715
0.9082144156952954 0.17514657512325316
0.894709077448681 0.1994956667309301
0.5005500824008535 0.7494496150084988
0.7055266979466173 0.5022320784845427
0.9811368160292311 0.03737054823202279
0.9691345941451557 0.060778138431104356
0.061824909129011216 0.9961776806111895
0.029732458740197032 0.9991159808972625
0.9691345941451557 0.060778138431104356
0.9572003870674823 0.083767418997862
0.7882290578463843 0.37869495236660133
0.9202568593936287 0.15312731273897517
0.9082144156952954 0.17514657512325316
0.399309624411575 0.8405518238522869
0.3802705733913967 0.8553942910125784
0.5703678364151762 0.6746805311830708
0.7631990818279405 0.41752716149698854
0.7499734045697052 0.4375398924381253
0.517000564732444 0.7327104160663339
0.5380385596655346 0.710514508313037
0.27104645302889163 0.9265338203004568
0.6323569510209125 0.6001246864955353
0.6180200305720611 0.6180512418117086
0.5531839249854964 0.6939875451376407
0.6844252283076112 0.5315621068560743
0.6711431463641077 0.549566877088486
0.45325585146440384 0.7945591331132783
0.5678115306017659 0.6775900657156798
0.5531839249854964 0.6939875451376407
0.22895545097160858 0.9475794014703873
0.7752695554746482 0.39895711635414144
0.7631990818279405 0.41752716149698854
0.029732458740197032 0.9991159808972625
0.0 1.0
0.10860778164086152 0.988204349767051
0.4690204344469721 0.7800198320711735
0.7870395862886846 0.38056868961453616
0.7752695554746482 0.39895711635414144
0.4987081219834897 0.7512902090677007
0.4835471821006717 0.7661821226824999
0.7499734045697052 0.4375398924381253
0.7379871617854362 0.4553749490398764
0.399309624411575 0.8405518238522869
0.17917582084084716 0.9678960252260086
0.15736221860735375 0.9752371321549714
0.8525168589637337 0.2732150051826093
0.8417049798592657 0.2915327268801131
0.9403345395190394 0.115770953787516
0.930193730048976 0.13473962457757283
0.894709077448681 0.1994956667309301
0.8842449933083222 0.21811079180916526
0.32123896631379406 0.896805526521645
0.30338869865994156 0.9079552975254271
0.3385824443341108 0.8853619283887388
0.32123896631379406 0.896805526521645
0.9811368160292311 0.03737054823202279
0.4381104861444421 0.8080592019302806
0.35543852069522897 0.8736634580059873
0.35543852069522897 0.8736634580059873
0.33866518997306805 0.8853058891005057
0.4698386204890305 0.7792516706969648
0.930193730048976 0.13473962457757283
0.9202568593936287 0.15312731273897517
0.10860778164086152 0.988204349767051
0.583401059511913 0.6596432037603773
0.1993547492771226 0.9602576839406556
0.17917582084084716 0.9678960252260086
0.7379871617854362 0.4553749490398764
0.7267299768472923 0.4718635407515339
0.45277854338199663 0.7949915906528774
0.4381104861444421 0.8080592019302806
