11.087293222468233 11.087293222468237
10.333333333333329 10.333333333333345
0.23723503608842123 0.23723503608842123
0.19845490076552608 0.19845490076552608
0.16137833809398217 0.16137833809398217
0.15050639071377248 0.15050639071377248
0.13585657840266663 0.13585657840266663
0.07385862935440457 0.07385862935440457
0.0662302304085216 0.0662302304085216
0.06303371058213258 0.06303371058213258
0.038616269573267914 0.038616269573267914
0.038616269573267914 0.038616269573267914
0.03540388766114688 0.03540388766114688
0.025440063677152125 0.025440063677152125
0.024940887267078438 0.024940887267078438
0.02468079607704965 0.02468079607704965
0.024455794556004662 0.024455794556004662
0.02347084965749957 0.02347084965749957
0.017468405761377426 0.017468405761377426
0.017468405761377426 0.017468405761377426
0.017129125789011823 0.017129125789011823
0.016978641226998548 0.016978641226998548
0.016734621161475616 0.016734621161475616
0.01661684882409986 0.01661684882409986
0.015447848395368169 0.015447848395368169
0.015447848395368169 0.015447848395368169
0.015356005514192361 0.015356005514192361
0.014590053768699818 0.014590053768699818
0.013979148415870668 0.013979148415870668
0.012939634715536386 0.012939634715536386
0.012804240154551394 0.012804240154551394
0.01283925223908966 0.01283925223908966
0.012822055615302475 0.012822055615302475
0.012798838858458339 0.012798838858458339
0.012211447665976038 0.012211447665976038
0.012211447665976038 0.012211447665976038
0.011160131242363036 0.011160131242363036
0.01117353032209678 0.01117353032209678
0.011161521741897218 0.011161521741897218
0.011166514283999618 0.011166514283999618
0.011202726532502538 0.011202726532502538
0.010671326225377697 0.010671326225377697
0.010738008972850821 0.010738008972850821
0.01062093304116729 0.01062093304116729
0.009717706258498993 0.009717706258498993
0.009743143731114401 0.009743143731114401
0.0097769263878007 0.0097769263878007
0.009594821156170497 0.009594821156170497
0.008718597392558536 0.008718597392558536
0.008482081884551462 0.008482081884551462
0.008551491342103645 0.008551491342103645
0.008653554902579685 0.008653554902579685
0.008701951138021968 0.008701951138021968
0.008494022190973283 0.008494022190973283
0.008461823208662622 0.008461823208662622
0.008340494451317682 0.008340494451317682
0.008329216271235396 0.008329216271235396
0.008407788780388614 0.008407788780388614
0.008215676027816698 0.008215676027816698
0.008204499307822744 0.008204499307822744
0.008263087064207753 0.008263087064207753
0.008287267965542355 0.008287267965542355
0.008329115621293681 0.008329115621293681
0.008332530966242757 0.008332530966242757
0.008273747832078016 0.008273747832078016
0.008081248901490312 0.008081248901490312
0.007973806723143184 0.007973806723143184
0.00785226617657031 0.00785226617657031
0.007790389878948645 0.007790389878948645
0.0076499753409251525 0.0076499753409251525
0.0074307808486508975 0.0074307808486508975
0.007394488866381721 0.007394488866381721
0.007509415349602477 0.007509415349602477
0.00745763475572403 0.00745763475572403
0.007488527120926847 0.007488527120926847
0.007493950481105571 0.007493950481105571
0.00767614314719367 0.00767614314719367
0.007642070369456633 0.007642070369456633
0.007926840492771703 0.007926840492771703
0.007803802198566245 0.007803802198566245
0.007727811987322752 0.007727811987322752
0.007860193741038302 0.007860193741038302
0.007998462311903154 0.007998462311903154
0.007939421598265994 0.007939421598265994
0.007983734098701234 0.007983734098701234
0.007642517269459859 0.007642517269459859
0.007837637139985532 0.007837637139985532
0.00805271366856175 0.00805271366856175
0.007947073977973673 0.007947073977973673
0.007841739945675386 0.007841739945675386
0.007940321524884553 0.007940321524884553
0.007905297263747002 0.007905297263747002
0.007839001129852363 0.007839001129852363
0.00791061213210753 0.00791061213210753
0.007955342597242065 0.007955342597242065
0.008048605808625098 0.008048605808625098
0.008271311027939987 0.008271311027939987
0.007796706927180708 0.007796706927180708
0.008338988976021255 0.008338988976021255
0.008239308104833754 0.008239308104833754
0.008372927476088421 0.008372927476088421
0.0084618701965411 0.0084618701965411
0.008367044289727232 0.008367044289727232
0.008162580535028496 0.008162580535028496
0.00802719898298676 0.00802719898298676
0.008041516595355347 0.008041516595355347
0.007994124217702847 0.007994124217702847
0.00794796528408881 0.00794796528408881
0.007912441016387106 0.007912441016387106
0.007701851366903156 0.007701851366903156
0.007845196595042125 0.007845196595042125
0.007791737765117546 0.007791737765117546
0.007791627676581925 0.007791627676581925
0.0077470849855814095 0.0077470849855814095
0.00783521549328725 0.00783521549328725
0.007904404853761093 0.007904404853761093
0.008056831766367623 0.008056831766367623
0.008335734889882929 0.008335734889882929
0.008226742068075055 0.008226742068075055
0.00818064450211864 0.00818064450211864
0.008557942636102212 0.008557942636102212
0.008496043706060163 0.008496043706060163
0.008551794850248484 0.008551794850248484
0.00850596038097251 0.00850596038097251
0.008544613601756623 0.008544613601756623
0.008427906678548425 0.008427906678548425
0.00821918269198818 0.00821918269198818
0.008391176660410338 0.008391176660410338
0.00782192593500497 0.00782192593500497
0.007674313441199843 0.007674313441199843
0.007754868661450587 0.007754868661450587
0.0078305293556582 0.0078305293556582
0.007721754110107781 0.007721754110107781
0.0075539158795550065 0.0075539158795550065
0.007468677387365119 0.007468677387365119
0.007736207684956753 0.007736207684956753
0.007772788964160782 0.007772788964160782
0.007733415296840462 0.007733415296840462
0.007453384785179651 0.007453384785179651
0.007532094624153274 0.007532094624153274
0.007558180335934139 0.007558180335934139
0.007670158928974047 0.007670158928974047
0.007753207326047118 0.007753207326047118
0.007567060019837868 0.007567060019837868
0.007493706826949165 0.007493706826949165
0.007540017276298272 0.007540017276298272
0.0077155210377384265 0.0077155210377384265
0.007524696732289726 0.007524696732289726
0.007543996535474662 0.007543996535474662
0.007654059317204087 0.007654059317204087
