12.150385995677013 12.150385995676993
4.202365301411376 4.202365301411366
3.907516833583543 3.907516833583543
3.7912018067373907 3.791201806737382
3.7485179090799647 3.7485179090799647
3.695857641021817 3.6958576410218082
1.1747405677464116 1.1747405677464116
1.1738103454839859 1.1738103454839859
1.1305055233030146 1.1305055233030146
1.0922132333621732 1.0922132333621732
1.090328445985378 1.090328445985378
1.0620185169565985 1.0620185169565985
0.35129207950996033 0.35129207950996033
0.35129207950996033 0.35129207950996033
0.3433798292179233 0.3433798292179233
0.3430437957676986 0.3430437957676986
0.33669503050157346 0.33669503050157346
0.31615990621858714 0.31615990621858714
0.31405699518612096 0.31405699518612096
0.31403180551359355 0.31403180551359355
0.07969237279800723 0.07969237279800723
0.07736293604020261 0.07736293604020261
0.07710545206606412 0.07710545206606412
0.06683476359003748 0.06683476359003748
0.06665379991019904 0.06665379991019904
0.06665379991019904 0.06665379991019904
0.06439135776943772 0.06439135776943772
0.05937593120560791 0.05937593120560791
0.05433640561847142 0.05433640561847142
0.053633603078651504 0.053633603078651504
0.05259228460607801 0.05259228460607801
0.05259228460607801 0.05259228460607801
0.05087284577965079 0.05087284577965079
0.05055351143522557 0.05055351143522557
0.05043783299052507 0.05043783299052507
0.05043783299052507 0.05043783299052507
0.05038135447426839 0.05038135447426839
0.050375564923626825 0.050375564923626825
0.05036481280720295 0.05036481280720295
0.05036481280720295 0.05036481280720295
0.05036481280720295 0.05036481280720295
0.05025495906704691 0.05025495906704691
0.05025495906704691 0.05025495906704691
0.05023280807799324 0.05023280807799324
0.050214276120811974 0.050214276120811974
0.028659876398847928 0.028659876398847928
0.02864796949680226 0.02864796949680226
0.028252054029564988 0.028252054029564988
0.028083478048017696 0.028083478048017696
0.027980640718453742 0.027980640718453742
0.027693247296127765 0.027693247296127765
0.027693247296127765 0.027693247296127765
0.027693247296127765 0.027693247296127765
0.02768003175810918 0.02768003175810918
0.027670263351211588 0.027670263351211588
0.027530498487379873 0.027530498487379873
0.027530498487379873 0.027530498487379873
0.027542086495458307 0.027542086495458307
0.02748168798572692 0.02748168798572692
0.027439537904967892 0.027439537904967892
0.027448476703511915 0.027448476703511915
0.027462761208283837 0.027462761208283837
0.027462705705602275 0.027462705705602275
0.02744975722782783 0.02744975722782783
0.027454676752199703 0.027454676752199703
0.027190439030874813 0.027190439030874813
0.02714235635775708 0.02714235635775708
0.027145116641776212 0.027145116641776212
0.027145116641776212 0.027145116641776212
0.027071589171356436 0.027071589171356436
0.027071589171356436 0.027071589171356436
0.027071589171356436 0.027071589171356436
0.027071589171356436 0.027071589171356436
0.027060100886046712 0.027060100886046712
0.02701684596610221 0.02701684596610221
0.02701299271492985 0.02701299271492985
0.02701299271492985 0.02701299271492985
0.027004393750189593 0.027004393750189593
0.027004393750189593 0.027004393750189593
0.027000926511675516 0.027000926511675516
0.02700021122865337 0.02700021122865337
0.026900427256947523 0.026900427256947523
0.02690902622165936 0.02690902622165936
0.02686664276245665 0.02686664276245665
0.026880672311563103 0.026880672311563103
0.026871429739458108 0.026871429739458108
0.02685987963724301 0.02685987963724301
0.026870926767088577 0.026870926767088577
0.026926273383082844 0.026926273383082844
0.026983662385362095 0.026983662385362095
0.026968328144903353 0.026968328144903353
0.026948371257503823 0.026948371257503823
0.026961367594111607 0.026961367594111607
0.026981539202012073 0.026981539202012073
0.026931909338401283 0.026931909338401283
0.026937368050425903 0.026937368050425903
0.02693936983834533 0.02693936983834533
0.026919282738589345 0.026919282738589345
0.02693936983834533 0.02693936983834533
0.02693936983834533 0.02693936983834533
0.02693936983834533 0.02693936983834533
0.02693936983834533 0.02693936983834533
0.026921520650233788 0.026921520650233788
0.026751533074104827 0.026751533074104827
0.02672407551213496 0.02672407551213496
0.026718801646211432 0.026718801646211432
0.026715365426298376 0.026715365426298376
0.026684488354220548 0.026684488354220548
0.026692164108453653 0.026692164108453653
0.026725986281860514 0.026725986281860514
0.026725986281860514 0.026725986281860514
0.026725986281860514 0.026725986281860514
0.026725986281860514 0.026725986281860514
0.02666179629522958 0.02666179629522958
0.02666179629522958 0.02666179629522958
0.020983583796379435 0.020983583796379435
0.020978921394856798 0.020978921394856798
0.02097088899867572 0.02097088899867572
0.02099119109814751 0.02099119109814751
0.019747426020074954 0.019747426020074954
0.019705786607175924 0.019705786607175924
0.01970766070817831 0.01970766070817831
0.0197214892554598 0.0197214892554598
0.01975474078892603 0.01975474078892603
0.019183013785948333 0.019183013785948333
0.019177562293293704 0.019177562293293704
0.01916151136245503 0.01916151136245503
0.01918621656977848 0.01918621656977848
0.019192156009296468 0.019192156009296468
0.01918935880306094 0.01918935880306094
0.01918935880306094 0.01918935880306094
0.01918931301136695 0.01918931301136695
0.01920297215835376 0.01920297215835376
0.019133814916926895 0.019133814916926895
0.019133814916926895 0.019133814916926895
0.019133814916926895 0.019133814916926895
0.019133814916926895 0.019133814916926895
0.019084048025007405 0.019084048025007405
0.018871903560636838 0.018871903560636838
0.018908769987575624 0.018908769987575624
0.018936289738235246 0.018936289738235246
0.018988731917346513 0.018988731917346513
0.018933488529285114 0.018933488529285114
0.0189122850300123 0.0189122850300123
0.01892337714537007 0.01892337714537007
0.01892337714537007 0.01892337714537007
0.018856909772779318 0.018856909772779318
0.018854249147693736 0.018854249147693736
0.01892489438378675 0.01892489438378675
0.018923525940124364 0.018923525940124364
