0.0 1.0
0.8532952944133081 -0.7724666777305684
0.8491831571858902 -0.770414909521776
0.6523591081265101 -0.4582557886850154
0.625969695436658 -0.24708657238955667
0.4544388739259422 -0.12414818286045559
0.2578582839908879 0.24216229990857752
0.6501540014634063 -0.45633991524727735
0.6306148147263838 -0.3113544959093495
0.4099977442844023 0.2330206999723249
0.08383469559857548 0.6696891391327899
0.18239480386239973 0.668737413444632
0.6306148147263838 -0.3113544959093495
0.625969695436658 -0.24708657238955667
0.0035557143850260486 0.9399738194719122
0.0 1.0
0.4348530509699807 -0.04597527322020534
0.4287147981540229 0.008853576219981174
0.016887576203306717 0.8615027095537937
0.2371742420676608 0.29481451240025547
0.008359196825567213 0.9064012773932923
0.232017801313 0.3223491339322232
0.06505026949626333 0.6870369536303672
0.18898861452445176 0.629353000564412
0.19419899654190187 0.5945158459377365
0.00635487977237315 0.9190221951057032
0.4126335254022312 0.19812864400823246
0.4099977442844023 0.2330206999723249
0.07039734295889413 0.678243324654428
0.4261187617606531 0.03550889825742126
0.4231653246823136 0.06799931475115861
0.21503087521866457 0.4384780132313217
0.4169157128457103 0.14303351062913824
0.4144204282598479 0.17485618067864409
0.20511552525150561 0.5142809929328503
0.20116323222742047 0.5441380801892867
0.031735063093359106 0.7952042810685358
0.025513966187051866 0.821939043202285
0.18323504584936534 0.6640474465892598
0.21886210840879758 0.4099395542101194
0.4459565921202949 -0.11016327276020987
0.19786054948305498 0.5684735690491923
0.19419899654190187 0.5945158459377365
0.2127559603368494 0.4557491094441727
0.4231653246823136 0.06799931475115861
0.42088168466676157 0.09452260554547304
0.4286224957998552 0.00976845490999434
0.4261187617606531 0.03550889825742126
0.05658212994720917 0.7067532921300487
0.20954437621607658 0.480346174373154
0.2480053848197457 0.25447997595145605
0.24148767571531118 0.27568200466838555
0.1871751002403914 0.6407527436729994
0.22962269024827944 0.3366545940718182
0.22627183833391634 0.3580577637017646
0.018157927621139953 0.855443196005846
0.43771674590448906 -0.06713041119117785
0.4348530509699807 -0.04597527322020534
0.0035557143850260486 0.9399738194719122
0.24148767571531118 0.27568200466838555
0.044438460921889134 0.7454337914561042
0.20551471466527474 0.5112351463632454
0.4408220724998551 -0.08656891357217011
0.43771674590448906 -0.06713041119117785
0.2480053848197457 0.25447997595145605
0.4532494023682425 -0.12412780932408124
0.22141416458350263 0.3914822245468262
0.21886210840879758 0.4099395542101194
0.22395663484807526 0.37367312305164924
0.22141416458350263 0.3914822245468262
0.03569356449942336 0.7789238926208165
0.031735063093359106 0.7952042810685358
0.4140598355048886 0.17952312776777887
0.4126335254022312 0.19812864400823246
0.20777304062676394 0.49394387396446154
0.03954690829997013 0.7637023673561476
0.03569356449942336 0.7789238926208165
0.4439472942123136 -0.10223912718848316
0.4408220724998551 -0.08656891357217011
0.42088168466676157 0.09452260554547304
0.4194502725417522 0.11170049416822417
0.21478859410738604 0.44030829574874325
0.22627183833391634 0.3580577637017646
0.22395663484807526 0.37367312305164924
0.052674338100878536 0.7180025556487741
0.04840637313698303 0.7316397962971408
0.04840637313698303 0.7316397962971408
0.04324437015351311 0.7497731093673848
0.03954690829997013 0.7637023673561476
0.025513966187051866 0.821939043202285
0.0222900178535628 0.8363374987270584
0.4182183790487776 0.1267920572717306
0.4169157128457103 0.14303351062913824
0.19996523302643382 0.5530436861678865
0.19786054948305498 0.5684735690491923
0.021178240853325373 0.8413987491478362
0.22962269024827944 0.3366545940718182
0.21288651727942792 0.4547533886005411
0.4194502725417522 0.11170049416822417
0.4182183790487776 0.1267920572717306
