0.2816052389247605 0.9206984894101286
1.0 0.0
0.5467013235240668 0.7011176628570337
0.893883213307511 0.20097280096703884
0.8763435824932687 0.23202192542286348
0.9851784673412658 0.029423387487114483
0.598833206617955 0.6413987906516576
0.5895945615713407 0.6523782529654985
0.8054535683193691 0.35124454928159543
0.7844173137323344 0.3846894779169485
0.835911096442521 0.30125263884426234
0.6108968900936038 0.6268049896739634
0.9475093122956262 0.10222610311306957
0.9338239275721745 0.12797287229367826
0.4831153288840093 0.7665995789972955
0.960655054103368 0.07714186702565506
0.9475093122956262 0.10222610311306957
0.5739853260938585 0.6705408454289269
0.5563764563765978 0.6904452387898197
0.4902527269087291 0.7596522637585551
0.863178252166416 0.25492330498693117
0.8502759340383322 0.2770308359952417
0.779574377886757 0.39226378934247585
0.530035998389201 0.719061840411563
0.9245037613327381 0.14529279528161954
0.912307413236905 0.1676951837529871
0.33636130072519366 0.8868610753744558
0.6307386785206803 0.6021687194179859
0.3293152369458455 0.8915514747153016
0.6592569640753673 0.56538025531813
0.7968865363120824 0.3649718482445322
0.4496212219686566 0.797840756755412
0.4330116793377452 0.8125008855571058
0.7707693403897375 0.40591462391516886
0.758432443071487 0.4247802292966155
0.5219939333132738 0.7275223335841374
0.6694971289313444 0.5517735943526868
0.8161314357096555 0.33392947964649644
0.7545933805717956 0.43058882999722925
0.6281033869942648 0.6054861352463328
0.3924671525437903 0.8459695341741693
0.3763427867859148 0.8583661068342114
0.9947159538984464 0.010540171059903902
0.4643904275440922 0.7843415308054152
0.4496212219686566 0.797840756755412
0.6431270778008136 0.5863875617993863
0.7012113450828626 0.5083026495270826
0.6895015080692597 0.5245876703702166
0.8145737131833751 0.3364696657906485
0.3157758595840471 0.9002856065039562
0.2985014370639951 0.9108968920707298
0.7354494376148151 0.45911412471205226
0.7241376254708756 0.4756246993774019
0.655147067728991 0.5707823196461048
0.6431270778008136 0.5863875617993863
0.7435434819499949 0.4471430904496777
0.7130163911963361 0.49160762588535345
0.8258422183890448 0.31798463032626123
0.8945814909966001 0.19972395596629988
0.5773711078965842 0.6666426037662709
0.42027046400866386 0.8233727370819424
0.4059028465281692 0.8352428791803295
0.36275803000143336 0.8684066116694792
0.5147820248447463 0.734999466896743
0.5019602350268999 0.7480359224517394
0.8258422183890448 0.31798463032626123
0.9694022944115598 0.06025919158960358
0.960655054103368 0.07714186702565506
0.6832909056894465 0.533113538202096
0.6725011537538469 0.5477421981997448
0.903412774542014 0.1838453587943002
0.47074519032027007 0.7783989657903327
0.4059028465281692 0.8352428791803295
0.3924671525437903 0.8459695341741693
0.7032228904192697 0.5054775663903679
0.365270845622335 0.8665772093383443
0.4330116793377452 0.8125008855571058
0.42027046400866386 0.8233727370819424
0.6176199387215053 0.618545611293644
0.2985014370639951 0.9108968920707298
0.2837518970817613 0.9194848609025016
0.5019602350268999 0.7480359224517394
0.7241376254708756 0.4756246993774019
0.7146156792912988 0.4893244309110356
0.34985427931987145 0.8776019832415733
0.9324302869935301 0.13057375989716302
0.9245037613327381 0.14529279528161954
0.7707693403897375 0.40591462391516886
0.7968865363120824 0.3649718482445322
0.3157758595840471 0.9002856065039562
0.9769344215418465 0.04559913600669774
0.9694022944115598 0.06025919158960358
0.35001032879693017 0.8774927697354649
0.8502759340383322 0.2770308359952417
0.8422155293834803 0.290673002065304
0.8709157260267045 0.24150579815937812
0.863178252166416 0.25492330498693117
0.912307413236905 0.1676951837529871
0.9050715248989225 0.18084553481713905
0.5563764563765978 0.6904452387898197
