45.09490921872094 45.094909218721014
2.9560135579454965 2.9560135579454885
2.9560135579454965 2.9560135579454885
1.7772739117252314 1.7772739117252274
1.5457353583334736 1.5457353583334736
0.8348318983783116 0.8348318983783116
0.6760807069164372 0.6760807069164372
0.5182966358236172 0.5182966358236172
0.37173629197526736 0.37173629197526736
0.17216263387183517 0.17216263387183517
0.14262287934617746 0.14262287934617746
0.14262287934617746 0.14262287934617746
0.14262285429775545 0.14262285429775545
0.1403747112097733 0.1403747112097733
0.11926630875301214 0.11926630875301214
0.118726137842458 0.118726137842458
0.10737312499625773 0.10737312499625773
0.10689266475972659 0.10689266475972659
0.10203600547707481 0.10203600547707481
0.10063944749958864 0.10063944749958864
0.09600397636987168 0.09600397636987168
0.09319409293415504 0.09319409293415504
0.085590113575293 0.085590113575293
0.08245569582956591 0.08245569582956591
0.08171655343466 0.08171655343466
0.08171655343466 0.08171655343466
0.08122548328942969 0.08122548328942969
0.0811138448256088 0.0811138448256088
0.08094740114292165 0.08094740114292165
0.08052484417626715 0.08052484417626715
0.02965213974006531 0.02965213974006531
0.029651371445936547 0.029651371445936547
0.029565919419425768 0.029565919419425768
0.02956433507165457 0.02956433507165457
0.028912825165690492 0.028912825165690492
0.02891264816844341 0.02891264816844341
0.028858744339103737 0.028858744339103737
0.02884203811225916 0.02884203811225916
0.028802624960874823 0.028802624960874823
0.028802624960874823 0.028802624960874823
0.028771302581546365 0.028771302581546365
0.028770719145498447 0.028770719145498447
0.028770719145498447 0.028770719145498447
0.02861512763496421 0.02861512763496421
0.026798779962192043 0.026798779962192043
0.026733083385721557 0.026733083385721557
0.02664360259092291 0.02664360259092291
0.020759206728044433 0.020759206728044433
0.018426933260414557 0.018426933260414557
0.017725475541297442 0.017725475541297442
0.0173019127409475 0.0173019127409475
0.01732930285953671 0.01732930285953671
0.01732116650113369 0.01732116650113369
0.017289509710721518 0.017289509710721518
0.017059093784141055 0.017059093784141055
0.016670761837076498 0.016670761837076498
0.016653880480092198 0.016653880480092198
0.01669972616122095 0.01669972616122095
0.016357338887772244 0.016357338887772244
0.016240054005052684 0.016240054005052684
0.016290112735916296 0.016290112735916296
0.016307914042258176 0.016307914042258176
0.016307914042258176 0.016307914042258176
0.016337554999466875 0.016337554999466875
0.016195359117247676 0.016195359117247676
0.015693195983857322 0.015693195983857322
0.015544469319962673 0.015544469319962673
0.015634554041184856 0.015634554041184856
0.01556815307941406 0.01556815307941406
0.015223847683046188 0.015223847683046188
0.015233576056971287 0.015233576056971287
0.015218905873766175 0.015218905873766175
0.015164906161913905 0.015164906161913905
0.01506983145138463 0.01506983145138463
0.015179579249831932 0.015179579249831932
0.01521798662763274 0.01521798662763274
0.015256650925465465 0.015256650925465465
0.015002226940794117 0.015002226940794117
0.015066214118874655 0.015066214118874655
0.014954390799957196 0.014954390799957196
0.014926769886457691 0.014926769886457691
0.014962810358710499 0.014962810358710499
0.015001522038346593 0.015001522038346593
0.01501491323220705 0.01501491323220705
0.015027152800186627 0.015027152800186627
0.014708516348264311 0.014708516348264311
0.014593307970386604 0.014593307970386604
0.014593307970386604 0.014593307970386604
0.01437429247683042 0.01437429247683042
0.014076843950491025 0.014076843950491025
0.013985156566548085 0.013985156566548085
0.014026409948314722 0.014026409948314722
0.014104280039632044 0.014104280039632044
0.014249124607957242 0.014249124607957242
0.014127039595791757 0.014127039595791757
0.014259471771580934 0.014259471771580934
0.014208151437074434 0.014208151437074434
0.014173328115376194 0.014173328115376194
0.014241398683466855 0.014241398683466855
0.01420174833646115 0.01420174833646115
0.014257902908227038 0.014257902908227038
0.014395951662251605 0.014395951662251605
0.014202247133084711 0.014202247133084711
0.014054620502619741 0.014054620502619741
0.014102991715446933 0.014102991715446933
0.014066020721955397 0.014066020721955397
0.01412944427359264 0.01412944427359264
0.014100643271220292 0.014100643271220292
0.014041757482999628 0.014041757482999628
0.014041757482999628 0.014041757482999628
0.013999216696063854 0.013999216696063854
0.013975976011408875 0.013975976011408875
0.013947054267390513 0.013947054267390513
0.013989882150681865 0.013989882150681865
0.013962075602094615 0.013962075602094615
0.013947897151879829 0.013947897151879829
0.01395060008769633 0.01395060008769633
0.014014060363805925 0.014014060363805925
0.014002866714704965 0.014002866714704965
0.013948668306795753 0.013948668306795753
0.013934834702325816 0.013934834702325816
0.013968946243281266 0.013968946243281266
0.013994281862494518 0.013994281862494518
0.013985292660080972 0.013985292660080972
0.013913271230265423 0.013913271230265423
0.01391245024397847 0.01391245024397847
0.013851223138814817 0.013851223138814817
0.014113434221300736 0.014113434221300736
0.014051886839908434 0.014051886839908434
0.014006230107383999 0.014006230107383999
0.014105528131153733 0.014105528131153733
0.014144594238345576 0.014144594238345576
0.014129204405833207 0.014129204405833207
0.014028985044575393 0.014028985044575393
0.01405421939234941 0.01405421939234941
0.014122610570396432 0.014122610570396432
0.014105641131834545 0.014105641131834545
0.014065850264486812 0.014065850264486812
0.013869469375734411 0.013869469375734411
0.013906545803948234 0.013906545803948234
0.013875768723480064 0.013875768723480064
0.01380063771776463 0.01380063771776463
0.01387337099284025 0.01387337099284025
0.013811756945429465 0.013811756945429465
0.013912431628796185 0.013912431628796185
0.013912431628796185 0.013912431628796185
0.01388433516905252 0.01388433516905252
0.013810878933199433 0.013810878933199433
0.013716336246474725 0.013716336246474725
0.013729881166938185 0.013729881166938185
