5.138159279893451E-4 2.933503274497987E-4
5.671006374664389E-4 3.3617346106079934E-4
6.126159734272386E-4 3.94014966469439E-4
6.89343658373829E-4 4.1755328891212115E-4
8.086073016271886E-4 4.462425857384233E-4
9.785108472013227E-4 4.701399178404085E-4
9.785108472013227E-4 5.08288593545305E-4
0.0012538631038734125 5.971617299209852E-4
0.0019178159766696263 6.916079781734948E-4
0.0019178159766696263 8.28465530177415E-4
0.0019178159766696263 9.460503266152565E-4
0.0019178159766696263 0.001062067095503734
0.002495090886477513 0.0012475571271535154
0.002495090886477513 0.0013509932023480693
0.002886534863951103 0.00150946890352956
0.00295085837216685 0.0016047103525200868
0.0029732685770417766 0.0016682750295013008
0.0031716904033369936 0.0017374903751040918
0.0031716904033369936 0.0017871229896588641
0.003489075073774114 0.0019819042308380497
0.004113241560259876 0.0021523544813674355
0.004113241560259876 0.00233574125282559
0.004113241560259876 0.0025152421902670833
0.005962035392026985 0.003153071623121563
0.005962035392026985 0.0034148529445139366
0.005962035392026985 0.003521859398313042
0.005962035392026985 0.0036750697940067896
0.005962035392026985 0.0037529342673695947
0.007048431704588874 0.004120487274141912
0.007048431704588874 0.00452070171714212
0.007048431704588874 0.004395874098322195
0.007048431704588874 0.0048041416104004295
0.007048431704588874 0.0052905604049748615
0.007048431704588874 0.005669798030874152
0.007048431704588874 0.005531766670743664
0.007048431704588874 0.00594892628048384
0.007048431704588874 0.006407634690035412
0.007048431704588874 0.006304611721069207
0.007048431704588874 0.006409462131787733
0.007048431704588874 0.006389852083549439
0.007048431704588874 0.006064716558514903
0.007048431704588874 0.0058438921813406056
0.007048431704588874 0.006058382361162531
0.007048431704588874 0.006344681104017594
0.007048431704588874 0.006064875029078705
0.007048431704588874 0.006188526588035351
0.007048431704588874 0.006214426796144948
0.007048431704588874 0.0062352162690206304
0.007048431704588874 0.0064465031508394435
0.007048431704588874 0.006473305035785783
0.007048431704588874 0.005906040205372715
0.007048431704588874 0.006019634274160499
0.007048431704588874 0.006224668170833265
0.007048431704588874 0.006415289230455031
0.007048431704588874 0.0063811033071088505
0.007048431704588874 0.006118007774677705
0.007048431704588874 0.00608819679207118
0.007048431704588874 0.005991603029717886
0.007048431704588874 0.006087744359885341
0.007048431704588874 0.0062736990141053425
0.007048431704588874 0.006044107507155452
0.007048431704588874 0.006195883379446252
0.007048431704588874 0.005885420514666546
0.007048431704588874 0.006471809472295646
0.007048431704588874 0.006205690083039648
0.007048431704588874 0.0060232349419609595
0.007048431704588874 0.006318878186259889
0.007048431704588874 0.006032174370684916
0.007048431704588874 0.005991576442866724
0.007048431704588874 0.006165536143124689
0.007048431704588874 0.006462860473177431
0.007048431704588874 0.006283760238457504
0.007048431704588874 0.00582503985757274
0.007048431704588874 0.006203628805921565
0.007048431704588874 0.006108814992587637
0.007048431704588874 0.006120303919696064
0.007048431704588874 0.0063195404376059075
0.007048431704588874 0.006185798582064933
0.007048431704588874 0.0060710382127566655
0.007048431704588874 0.006172810933723492
0.007048431704588874 0.005948319975084711
0.007048431704588874 0.0061670121368852405
0.007048431704588874 0.006311347395642025
0.007048431704588874 0.006127179747143091
0.007048431704588874 0.006203037800055263
0.007048431704588874 0.006357561459156252
0.007048431704588874 0.00622338748016811
0.007048431704588874 0.0062496949952399496
0.007048431704588874 0.006190256241529285
0.007048431704588874 0.0059397087849752065
0.007048431704588874 0.006287620908242819
0.007048431704588874 0.006169243199622126
0.007048431704588874 0.005837562216761267
0.007048431704588874 0.0062381735920887214
0.007048431704588874 0.006105897792341898
0.007048431704588874 0.006081836646369494
0.007048431704588874 0.006362517800559929
0.007048431704588874 0.0061750103052379615
0.007048431704588874 0.006283134158342891
0.007048431704588874 0.006168370894141701
0.007048431704588874 0.006375285183726376
0.007048431704588874 0.006383423158019038
0.007048431704588874 0.00632513952686109
0.007048431704588874 0.006207609998599884
0.007048431704588874 0.006252942354423787
0.007048431704588874 0.006302744688901686
0.007048431704588874 0.0061697503705368
0.007048431704588874 0.006033697603580673
0.007048431704588874 0.006627338237221706
0.007048431704588874 0.006101838409878665
0.007048431704588874 0.006154008912586591
0.007048431704588874 0.006099385179037977
0.007048431704588874 0.006336711729462904
0.007048431704588874 0.006296443787203604
0.007048431704588874 0.006293030342267846
0.007048431704588874 0.006442110714803071
0.007048431704588874 0.005928911138220021
0.007048431704588874 0.006477990483327454
0.007048431704588874 0.0059596799156117364
0.007048431704588874 0.005856667058029055
0.007048431704588874 0.006196161062981526
0.007048431704588874 0.0064239548716375884
0.007048431704588874 0.00637123331210696
0.007048431704588874 0.005761189713085666
0.007048431704588874 0.006206000400200025
0.007048431704588874 0.006060890578170074
0.007048431704588874 0.006184864649189019
0.007048431704588874 0.006174679442542377
0.007048431704588874 0.006316024826758919
0.007048431704588874 0.006478880454049691
0.007048431704588874 0.0063842295320308785
0.007048431704588874 0.006155101399283615
0.007048431704588874 0.005957640615047393
0.007048431704588874 0.006353077521545062
0.007048431704588874 0.006355585828285341
0.007048431704588874 0.006114317416127284
0.007048431704588874 0.005994449601664922
0.007048431704588874 0.006240456360638148
0.007048431704588874 0.006060606365294522
0.007048431704588874 0.006411201246487371
0.007048431704588874 0.006180945334553429
0.007048431704588874 0.006259127258962442
0.007048431704588874 0.006121366632969762
0.007048431704588874 0.006322045441766993
0.007048431704588874 0.006288376501320375
0.007048431704588874 0.006395144533808572
0.007048431704588874 0.006522779659148019
0.007048431704588874 0.006105602432543485
0.007048431704588874 0.006250352172429054
0.007048431704588874 0.006308892991160788
0.007048431704588874 0.006301801579512117
0.007048431704588874 0.006052318061248748
0.007048431704588874 0.00591268811169131
0.007048431704588874 0.006233260985106373
0.007048431704588874 0.006208679778996522
0.007048431704588874 0.00617769338599012
0.007048431704588874 0.006010145277322725
0.007048431704588874 0.00624968740557258
0.007048431704588874 0.00611798710745847
0.007048431704588874 0.006096124007543301
0.007048431704588874 0.006069719294795623
0.007048431704588874 0.006255670945166587
0.007048431704588874 0.006239037243624017
0.007048431704588874 0.006262922665989051
0.007048431704588874 0.00599069243713426
0.007048431704588874 0.006403913388146777
0.007048431704588874 0.0061961650974121625
0.007048431704588874 0.006224111551765413
0.007048431704588874 0.006284314984801135
0.007048431704588874 0.0062252696544528386
0.007048431704588874 0.006292173468879889
0.007048431704588874 0.006386873561727957
0.007048431704588874 0.0061299893643439254
0.007048431704588874 0.006219485619990492
0.007048431704588874 0.006206846891783905
0.007048431704588874 0.0060315747968344964
0.007048431704588874 0.006217130052475976
0.007048431704588874 0.0062078030208821975
0.007048431704588874 0.006372754864797953
0.007048431704588874 0.006182751926957407
0.007048431704588874 0.006416599463878198
0.007048431704588874 0.006067093954474539
0.007048431704588874 0.006234877309776569
0.007048431704588874 0.006168119801228023
0.007048431704588874 0.0061228793727478355
0.007048431704588874 0.0063982296432314205
0.007048431704588874 0.006235168943918894
0.007048431704588874 0.006192234484971303
0.007048431704588874 0.006137377195698914
0.007048431704588874 0.006186461964496995
0.007048431704588874 0.006248138041202702
0.007048431704588874 0.006339452313354309
0.007048431704588874 0.006570334784072932
0.007048431704588874 0.0062370956246367406
0.007048431704588874 0.006310830182655932
0.007048431704588874 0.006592424052709291
0.007048431704588874 0.006189011904291924
0.007048431704588874 0.006108719879474812
0.007048431704588874 0.006185786031986024
0.007048431704588874 0.006280179820201333
