3472.0 10533.465
3472.0 9405.37
3472.0 8118.78
3472.0 6705.095
3804.0 6733.745
2829.0 6184.69
2829.0 5542.37
1908.0 4804.425
2262.0 4174.085
1750.0 4051.34
1750.0 3735.335
1750.0 3366.14
1205.0 2948.08
1205.0 2923.56
1205.0 2838.22
960.0 2581.57
960.0 2566.8
960.0 2556.655
960.0 2642.125
960.0 2265.665
1049.0 2266.94
1049.0 2091.12
1049.0 2068.585
859.0 2023.06
859.0 1885.31
859.0 1624.46
859.0 1590.71
859.0 1407.11
859.0 1408.9
562.0 1436.24
459.0 1325.435
459.0 1246.125
459.0 1052.2
459.0 1157.025
459.0 1079.205
459.0 935.12
459.0 936.695
459.0 977.49
459.0 1021.455
459.0 885.41
459.0 775.585
459.0 808.8
459.0 749.17
459.0 821.71
459.0 728.21
459.0 776.735
459.0 688.465
459.0 655.23
459.0 712.265
459.0 806.37
459.0 748.85
459.0 758.705
459.0 820.395
459.0 813.975
459.0 707.77
459.0 719.985
459.0 802.7
459.0 787.495
459.0 692.555
459.0 815.74
459.0 759.485
459.0 787.03
459.0 775.0
459.0 739.34
459.0 817.18
459.0 782.51
459.0 863.66
459.0 839.73
459.0 716.79
459.0 672.385
459.0 762.27
459.0 829.61
459.0 844.485
459.0 691.145
459.0 712.96
459.0 709.455
459.0 804.82
459.0 705.675
459.0 688.075
459.0 984.32
459.0 707.535
459.0 806.74
459.0 760.84
459.0 782.815
459.0 738.735
459.0 758.1
459.0 691.86
459.0 711.49
459.0 757.675
459.0 798.6
459.0 659.435
459.0 673.075
459.0 731.17
459.0 771.725
459.0 733.72
459.0 664.59
459.0 725.495
459.0 778.1
459.0 664.69
459.0 724.62
459.0 765.525
459.0 686.245
459.0 623.025
459.0 707.195
459.0 724.27
459.0 778.12
459.0 767.635
459.0 677.19
459.0 683.335
459.0 736.21
459.0 717.06
459.0 765.85
459.0 769.455
459.0 860.995
459.0 763.75
459.0 707.555
459.0 695.26
459.0 638.325
459.0 745.935
389.0 617.265
389.0 726.97
389.0 678.22
389.0 805.555
389.0 787.22
389.0 741.56
389.0 771.975
389.0 725.33
389.0 775.405
389.0 750.465
389.0 731.155
389.0 697.75
389.0 650.795
389.0 660.16
389.0 680.2
389.0 742.125
389.0 569.365
389.0 644.985
389.0 695.47
389.0 669.465
389.0 559.105
389.0 605.91
389.0 631.725
389.0 561.195
389.0 583.07
389.0 685.13
389.0 635.63
389.0 727.615
389.0 598.455
389.0 644.6
301.0 615.54
301.0 657.61
301.0 596.16
301.0 846.63
301.0 600.26
301.0 641.595
301.0 605.685
301.0 608.39
301.0 585.255
301.0 681.83
301.0 571.275
301.0 530.445
301.0 560.585
301.0 476.735
301.0 451.52
301.0 475.12
301.0 502.705
301.0 631.145
301.0 588.035
301.0 539.255
301.0 552.605
301.0 612.54
301.0 500.47
301.0 500.73
301.0 615.8
301.0 480.53
301.0 596.215
301.0 702.525
301.0 610.55
301.0 620.79
301.0 494.3
301.0 490.575
301.0 494.805
301.0 653.67
301.0 541.65
301.0 473.7
301.0 518.82
301.0 519.495
301.0 578.46
301.0 479.475
301.0 578.04
301.0 569.145
301.0 536.28
301.0 559.77
301.0 508.5
301.0 623.875
301.0 525.45
301.0 490.335
301.0 514.795
301.0 476.98
301.0 545.255
