6476.0 10629.7
4763.0 9636.995
3971.0 9080.865
3536.0 8101.565
3536.0 7535.795
3536.0 7286.44
3536.0 6650.975
2666.0 6420.83
2286.0 5605.13
1943.0 5235.385
1943.0 4321.95
1943.0 3706.62
1312.0 3430.915
1312.0 2887.445
1312.0 2857.22
1312.0 2670.225
1312.0 2775.355
1312.0 2685.19
1312.0 2670.74
1188.0 2641.03
1188.0 2706.07
1188.0 2461.015
1188.0 2552.365
1117.0 2337.73
1117.0 2357.24
970.0 2370.77
970.0 2357.58
970.0 2101.755
970.0 2028.555
684.0 1866.105
629.0 1551.185
629.0 1298.59
393.0 1233.675
393.0 1051.055
393.0 1011.845
393.0 833.075
393.0 785.26
393.0 761.78
393.0 739.43
393.0 781.08
393.0 690.445
393.0 589.9
393.0 656.095
393.0 615.89
393.0 720.895
393.0 711.545
393.0 630.04
393.0 776.53
393.0 709.33
393.0 625.45
393.0 635.775
393.0 735.835
393.0 684.36
393.0 706.455
393.0 644.775
393.0 650.735
393.0 643.62
393.0 732.965
393.0 589.945
393.0 546.755
393.0 631.165
393.0 692.58
393.0 631.92
393.0 657.135
393.0 623.05
393.0 602.785
393.0 633.66
393.0 661.16
393.0 702.125
393.0 707.87
393.0 662.565
393.0 730.26
393.0 742.715
393.0 698.08
393.0 681.74
393.0 715.575
393.0 616.75
393.0 640.55
393.0 635.025
393.0 684.16
393.0 649.155
393.0 643.425
393.0 745.32
393.0 657.465
393.0 685.39
393.0 772.975
393.0 650.415
393.0 652.065
393.0 690.225
393.0 702.46
393.0 638.8
393.0 608.115
393.0 688.44
393.0 604.77
393.0 650.515
393.0 706.115
393.0 728.62
393.0 717.525
393.0 616.005
393.0 687.91
393.0 621.5
393.0 645.295
393.0 608.03
393.0 550.265
393.0 636.49
393.0 730.215
393.0 731.16
393.0 735.925
393.0 768.5
393.0 715.515
393.0 708.84
393.0 590.71
393.0 698.835
393.0 774.43
393.0 680.73
393.0 646.205
393.0 649.725
393.0 645.335
393.0 751.64
393.0 634.355
393.0 678.005
393.0 671.51
393.0 617.12
393.0 663.42
393.0 686.365
393.0 553.03
393.0 618.81
393.0 565.67
393.0 706.29
393.0 642.93
393.0 635.36
393.0 646.01
393.0 663.32
393.0 711.335
393.0 639.275
393.0 688.505
393.0 752.295
393.0 694.44
393.0 585.315
393.0 682.39
393.0 676.55
393.0 724.77
393.0 643.535
393.0 642.575
393.0 664.85
393.0 740.845
393.0 847.4
393.0 816.21
393.0 568.82
393.0 645.555
393.0 738.43
393.0 655.16
393.0 702.825
393.0 653.575
393.0 711.875
393.0 726.0
393.0 607.565
393.0 747.965
393.0 729.685
393.0 677.195
393.0 578.915
393.0 741.495
393.0 730.445
393.0 811.54
393.0 726.47
393.0 704.295
393.0 569.02
393.0 591.31
393.0 628.015
393.0 733.33
393.0 655.985
393.0 746.92
393.0 662.335
393.0 714.265
393.0 700.325
393.0 683.635
393.0 541.255
393.0 645.215
393.0 778.81
393.0 834.18
393.0 797.52
393.0 679.715
393.0 688.48
393.0 670.665
393.0 609.41
393.0 718.27
393.0 712.53
393.0 617.17
393.0 677.41
393.0 635.685
393.0 747.15
393.0 573.85
393.0 687.115
393.0 614.0
393.0 814.735
393.0 663.43
393.0 718.655
393.0 619.365
393.0 639.115
393.0 627.055
