7.835795552289442E-4 3.628019584550677E-4
7.835795552289442E-4 4.1074042637016263E-4
9.329327935569537E-4 4.943712363236444E-4
9.329327935569537E-4 5.296755743698928E-4
0.0011327841573199773 6.289732718218559E-4
0.0012242984919165598 6.958221102286237E-4
0.0012242984919165598 7.215022906375258E-4
0.0013105253230215393 8.124601142255419E-4
0.0015267482014575914 9.363903928362674E-4
0.0015267482014575914 0.0010318093495366794
0.0015267482014575914 0.0010772516915886527
0.0020183901287943043 0.0011661518615276615
0.002120246710429577 0.001258096639677623
0.002611598163161701 0.0014494129741764302
0.002611598163161701 0.0015857852147017565
0.002658477776354957 0.0017263440513486724
0.002686841309000198 0.0018142890495163621
0.002686841309000198 0.0018415476772942949
0.002929570160405488 0.002079128693902874
0.0033271080180553433 0.0020807267532347283
0.005044689301198261 0.0021797737880427646
0.005044689301198261 0.002421240379921606
0.005044689301198261 0.0026850658052642636
0.005270625443082558 0.003041573927313117
0.005270625443082558 0.0036054228610228694
0.005270625443082558 0.004195386392980569
0.005270625443082558 0.004520035536623923
0.005270625443082558 0.004663834864620881
0.005270625443082558 0.004657920333771526
0.005270625443082558 0.004945123749370925
0.005270625443082558 0.0048720683831509305
0.005270625443082558 0.0049638953407404015
0.005270625443082558 0.004829082198504644
0.005270625443082558 0.004905909256738534
0.005270625443082558 0.005119602350912598
0.005270625443082558 0.004939300645428503
0.005270625443082558 0.0049087834728194675
0.005270625443082558 0.00498451249694306
0.005270625443082558 0.004891743949926517
0.005270625443082558 0.005061217785306382
0.005270625443082558 0.0049673972449247325
0.005270625443082558 0.0048112876442162125
0.006158567507525862 0.004843323399717116
0.006158567507525862 0.005022529776012416
0.006158567507525862 0.004724970339458548
0.006158567507525862 0.004819160218830496
0.006483944558568814 0.005025276753462709
0.006483944558568814 0.005140806796807206
0.006483944558568814 0.005180151699042088
0.006483944558568814 0.005420130632133246
0.006483944558568814 0.005399177603570979
0.006483944558568814 0.005629859487060883
0.006483944558568814 0.005682658075196631
0.006483944558568814 0.0054868701448810685
0.006483944558568814 0.005681977327210503
0.006483944558568814 0.00557982032653339
0.006483944558568814 0.005674891478200047
0.006483944558568814 0.0057336266393696
0.006483944558568814 0.005727050042093392
0.006483944558568814 0.005871695517648056
0.006483944558568814 0.00596215907649728
0.006483944558568814 0.006076004765053604
0.006483944558568814 0.0061031714891762266
0.006483944558568814 0.006036339749646392
0.006483944558568814 0.006085855560381999
0.006483944558568814 0.006035703954033851
0.006483944558568814 0.0061874408178916995
0.006483944558568814 0.006217710438994551
0.006483944558568814 0.006182212395750801
0.006483944558568814 0.006306694734524775
0.006483944558568814 0.006279195636442841
0.006483944558568814 0.0060147514771278065
0.006483944558568814 0.0060468637476939905
0.006483944558568814 0.006275233149226019
0.006483944558568814 0.006242588711844624
0.006483944558568814 0.006136533387258948
0.006483944558568814 0.006102526243709558
0.006483944558568814 0.006305449658844946
0.006483944558568814 0.006177290684832244
0.006483944558568814 0.006072779915377456
0.006483944558568814 0.006282747101536121
0.006483944558568814 0.006164075685243447
0.006483944558568814 0.0062420218357921
0.006483944558568814 0.005905720188132743
0.006483944558568814 0.0062358134896285024
0.006483944558568814 0.00624464235823849
0.006483944558568814 0.006066359441063781
0.006483944558568814 0.006205684423281876
0.006483944558568814 0.006111221034583646
0.006483944558568814 0.006239635512857684
0.006483944558568814 0.006077066215784002
0.006483944558568814 0.006001409719587153
0.006483944558568814 0.005976977693557542
0.006483944558568814 0.006160350000420436
0.006483944558568814 0.006149750367647552
0.006483944558568814 0.006230886544509119
0.006483944558568814 0.006174264062252997
0.006483944558568814 0.006149127277726183
0.006483944558568814 0.006213511645816834
0.006483944558568814 0.006025962699188084
0.006483944558568814 0.006126375776042561
0.006483944558568814 0.006038394570930855
0.006483944558568814 0.006195604601051583
0.006483944558568814 0.006188436260292234
0.006483944558568814 0.006261837164806951
0.006483944558568814 0.0060827731617052625
0.006483944558568814 0.006159059483700696
0.006483944558568814 0.006081879852147059
0.006483944558568814 0.006161584451320894
0.006483944558568814 0.006002472902936628
0.006483944558568814 0.0062231879194247185
0.006483944558568814 0.006214339813976656
0.006483944558568814 0.006196332622703879
0.006483944558568814 0.006271509893010484
0.006483944558568814 0.006208251456519717
0.006483944558568814 0.006118737493804989
0.006483944558568814 0.006152168894762119
0.006483944558568814 0.006198539456931077
0.006483944558568814 0.006251772847939571
0.006483944558568814 0.006232747337037517
0.006483944558568814 0.006403233715329218
0.006483944558568814 0.006076085831498019
0.006483944558568814 0.00621856098060648
0.006483944558568814 0.006166351309757246
0.006483944558568814 0.006275447223174236
0.006483944558568814 0.0061578099942213435
0.006483944558568814 0.006203709713812944
0.006483944558568814 0.006338261367681718
0.006483944558568814 0.006271206378820792
0.006483944558568814 0.006105375854643786
0.006833269788437832 0.006258038026641647
0.006833269788437832 0.0059528034183578635
0.006833269788437832 0.006182321912311704
0.006833269788437832 0.006081592555492035
0.006833269788437832 0.0060720046683814324
0.006833269788437832 0.0062612268176011265
0.006833269788437832 0.006146820572964019
0.006833269788437832 0.00615736960260716
0.006833269788437832 0.006484056193445056
0.006833269788437832 0.006325329518736727
0.006833269788437832 0.006338883902742693
0.006833269788437832 0.0065194052106986485
0.006833269788437832 0.006579793593742881
0.006833269788437832 0.0064212323524617376
0.006833269788437832 0.0062784337032335815
0.006833269788437832 0.006359198471169482
0.006833269788437832 0.006465616070247462
0.006833269788437832 0.006429218799481415
0.006833269788437832 0.006510189388709133
0.006833269788437832 0.006421386478652402
0.006833269788437832 0.006389375558374763
0.006833269788437832 0.006317557556275366
0.006833269788437832 0.006476115712069007
0.006833269788437832 0.006576972865011254
0.006833269788437832 0.006604759382024908
0.006833269788437832 0.0065294378589551335
0.006833269788437832 0.006589067895421633
0.006833269788437832 0.0064567556599061
0.006833269788437832 0.006724949927203814
0.006833269788437832 0.0066120457597817085
0.006833269788437832 0.006708966294604049
0.006833269788437832 0.006711089175438051
0.006833269788437832 0.006565848136921171
0.006833269788437832 0.006647295150801476
0.006833269788437832 0.006516637596850064
0.006833269788437832 0.006557103852270327
0.006833269788437832 0.00636423138118181
0.006833269788437832 0.0063402205804961665
0.006833269788437832 0.006539788687743762
0.006833269788437832 0.006422926827008014
0.006833269788437832 0.006478626931567787
0.006833269788437832 0.0065588991233369665
0.006833269788437832 0.006499583884979101
0.006833269788437832 0.006620275416865235
0.006833269788437832 0.006348752997304597
0.006833269788437832 0.006356566111301739
0.006833269788437832 0.006465874320758938
0.006833269788437832 0.0064556573535707725
0.006833269788437832 0.006543678634385348
0.006833269788437832 0.00652007838743798
0.006833269788437832 0.006501373450748248
0.006833269788437832 0.006591463107897433
0.006833269788437832 0.006550083785329973
0.006833269788437832 0.0066430213091392435
0.006833269788437832 0.006617667386745364
0.006833269788437832 0.0063956772452799515
0.006833269788437832 0.006526384488149272
0.006833269788437832 0.006587767144786525
0.006833269788437832 0.006641886037559659
0.006833269788437832 0.006588150085761552
0.006833269788437832 0.006609673814840421
0.006833269788437832 0.0067287574309221046
0.006833269788437832 0.006619854457749683
0.006833269788437832 0.0065998615479423515
0.006833269788437832 0.006291196184422449
0.006833269788437832 0.006457986934116818
0.006833269788437832 0.006595819154001383
0.006833269788437832 0.00667387572781658
0.006833269788437832 0.006439674729132059
0.006833269788437832 0.0063974146707051135
