6.512746913458532E-4 3.069814926079879E-4
6.512746913458532E-4 3.4445854212450036E-4
7.554500226000375E-4 3.8219472835608804E-4
7.554500226000375E-4 4.232538956504245E-4
9.28556208586065E-4 4.7690255200958043E-4
9.28556208586065E-4 4.891503823382182E-4
0.0010059486619716142 5.417686961532906E-4
0.0010148062412061356 5.601351389694325E-4
0.0011520315993514354 6.325046109967686E-4
0.0014102958741612263 7.317017595225543E-4
0.0014102958741612263 7.739525108925765E-4
0.0014300902060866306 8.175769902709778E-4
0.0014300902060866306 8.495950734689396E-4
0.0021399363760721654 8.873109794912108E-4
0.0021399363760721654 9.731738146359414E-4
0.0023159264288919006 0.0010612310208064735
0.0023159264288919006 0.0011216587917772611
0.00270822324869878 0.0013063068929213462
0.00270822324869878 0.0013960009279111126
0.0030525565258763374 0.0016012536697940323
0.0030525565258763374 0.001645702009340541
0.0030525565258763374 0.0016324547906737652
0.0030525565258763374 0.0018070817307014766
0.0030525565258763374 0.001951511628896999
0.006114381586322243 0.0021224024568257628
0.006114381586322243 0.002342399819663888
0.006114381586322243 0.002283277344395134
0.006114381586322243 0.0024823279757831608
0.006114381586322243 0.0027499707773031394
0.006114381586322243 0.0030515741567024163
0.006114381586322243 0.004157200310575878
0.006114381586322243 0.005168023649173985
0.006114381586322243 0.0049657042230298295
0.006114381586322243 0.00517701526301447
0.006114381586322243 0.005293101140543731
0.006459788974773505 0.005107825811144384
0.006459788974773505 0.005195886951130577
0.006459788974773505 0.005253826585345625
0.006459788974773505 0.005632966042231493
0.006459788974773505 0.005476341854089167
0.006459788974773505 0.005598522574990077
0.006459788974773505 0.005575847548896341
0.006459788974773505 0.005493608460140521
0.006459788974773505 0.005411426246162749
0.006459788974773505 0.0055878564925285045
0.006459788974773505 0.005457196325474038
0.006459788974773505 0.00560163108196858
0.006459788974773505 0.0059163565904116755
0.006459788974773505 0.005500038150669326
0.006459788974773505 0.0056934900095750906
0.006459788974773505 0.005469942884431332
0.006459788974773505 0.005396124414735499
0.006459788974773505 0.0055682505229505555
0.006459788974773505 0.005829442519295385
0.006459788974773505 0.00572521503244972
0.006459788974773505 0.005647526956751958
0.006459788974773505 0.005598247511013173
0.006459788974773505 0.005522636625505513
0.006459788974773505 0.00554575594952352
0.006459788974773505 0.005372698439747421
0.006459788974773505 0.005663322041229324
0.006459788974773505 0.005731184241871409
0.006459788974773505 0.005464563245312494
0.006459788974773505 0.005610134150134731
0.006459788974773505 0.005438107054471848
0.006459788974773505 0.00583628932407976
0.006459788974773505 0.0055202816761391335
0.006459788974773505 0.005604742533367349
0.006459788974773505 0.005501985563776863
0.006459788974773505 0.005455481703366987
0.006459788974773505 0.005459602473908483
0.006459788974773505 0.005555608750757302
0.006459788974773505 0.005653507915433892
0.006459788974773505 0.006008384652406657
0.006459788974773505 0.00561596508214857
0.006459788974773505 0.005437349032999818
0.006459788974773505 0.005709298595749737
0.006459788974773505 0.005781764544920648
0.006459788974773505 0.005776676056657595
0.006459788974773505 0.0055858981484832974
0.006459788974773505 0.005649960094556245
0.006459788974773505 0.005687908096415043
0.006459788974773505 0.005792496153520125
0.006459788974773505 0.005384958755435485
0.006459788974773505 0.005534972903429917
0.006459788974773505 0.005688701817579664
0.006459788974773505 0.005833940618164842
0.006459788974773505 0.0056567601542831525
0.006459788974773505 0.005872508575276659
0.006459788974773505 0.005544165611304387
0.006459788974773505 0.0054888271404839465
0.006459788974773505 0.005688208446027886
0.006459788974773505 0.0054401441264219415
0.006459788974773505 0.005614166336157278
0.006459788974773505 0.005380399206408118
0.006459788974773505 0.0055742850363356515
0.006459788974773505 0.0057798652778988276
0.006459788974773505 0.005403094050350836
0.006459788974773505 0.005738723341481253
0.006459788974773505 0.005554067042627904
0.006459788974773505 0.005744660399633992
0.006459788974773505 0.005723340580161817
0.006459788974773505 0.005588981448762106
0.006459788974773505 0.005291652653015472
0.006459788974773505 0.0059344250762873455
0.006459788974773505 0.005715222546579857
0.006459788974773505 0.005349764959177249
0.006459788974773505 0.005515766991398523
0.006459788974773505 0.005361836667895108
0.006459788974773505 0.005698979290984223
0.006459788974773505 0.0053233145921477345
0.006459788974773505 0.005596153258011287
0.006459788974773505 0.005608381165994237
0.006459788974773505 0.005127601772056638
0.006459788974773505 0.0052024527562738255
0.006459788974773505 0.005666514516551181
0.006459788974773505 0.005571528748081662
0.006459788974773505 0.005481969139071483
0.006459788974773505 0.005507993364738941
0.006459788974773505 0.005661593638214031
0.006459788974773505 0.0057185136532525525
0.006459788974773505 0.005571698436046563
0.006459788974773505 0.005497866357579826
0.006459788974773505 0.005356960778361564
0.006459788974773505 0.005397910491687863
0.006459788974773505 0.005700892556617459
0.006459788974773505 0.0056889701737937014
0.006459788974773505 0.005794382167685549
0.006459788974773505 0.005387376600647659
0.006459788974773505 0.005647921114662757
0.006459788974773505 0.0056710998718383365
0.006459788974773505 0.005557515668185571
0.006459788974773505 0.005532047450615728
0.006459788974773505 0.005479097834446683
0.006459788974773505 0.0057663343719130435
0.006459788974773505 0.005670916919354976
0.006459788974773505 0.005701461772926897
0.006459788974773505 0.005699597006070246
0.006459788974773505 0.005616734188489716
0.006459788974773505 0.005326909966213894
0.006459788974773505 0.005716816525853712
0.006459788974773505 0.005640788986426853
0.006459788974773505 0.005453648622488791
0.006459788974773505 0.005649360773194666
0.006459788974773505 0.005843136727373011
0.006459788974773505 0.005595463498579689
0.006459788974773505 0.005623939290419211
0.006459788974773505 0.005627132691737268
0.006459788974773505 0.005664624572438432
0.006459788974773505 0.005420178046249537
0.006459788974773505 0.005608485232755253
0.006459788974773505 0.005774413586432164
0.006459788974773505 0.005867985234211448
0.006459788974773505 0.005822429145598975
0.006459788974773505 0.005770202201801267
0.006459788974773505 0.00583236705282618
0.006459788974773505 0.005595564527761252
0.006459788974773505 0.005895032204585629
0.006459788974773505 0.00575015414667355
0.006459788974773505 0.005594688614028201
0.006459788974773505 0.005544068001034629
0.006459788974773505 0.005485798588709004
0.006459788974773505 0.005607614982944173
0.006459788974773505 0.005799891363405868
0.006459788974773505 0.005701947468242763
0.006459788974773505 0.005884759981390648
0.006459788974773505 0.0056431231911708065
0.006459788974773505 0.005501682504009215
0.006459788974773505 0.005743820076281037
0.006459788974773505 0.005569961903073132
0.006459788974773505 0.005575947849650363
0.006459788974773505 0.005845503064291803
0.006459788974773505 0.0055059273189690516
0.006459788974773505 0.005491263838322574
0.006459788974773505 0.005664558183727065
0.006459788974773505 0.005740560661314176
0.006459788974773505 0.0057230790262174655
0.006459788974773505 0.0057281980155576865
0.006459788974773505 0.005449137741137089
0.006459788974773505 0.005621057702650953
0.006459788974773505 0.005572788386168228
0.006554563158330095 0.00575100417713677
0.006554563158330095 0.00575960573727029
0.006554563158330095 0.005660249972894501
0.006554563158330095 0.005937174861767523
0.006554563158330095 0.005547766368186935
0.006554563158330095 0.005843816841348164
0.006554563158330095 0.005653121473333539
0.006554563158330095 0.005807081309032064
0.006554563158330095 0.005631243413651283
0.006554563158330095 0.005668326627723315
0.006554563158330095 0.0055466428286948056
0.006554563158330095 0.005879778343569252
0.006620307026653012 0.005781557323923707
0.006620307026653012 0.005447317040939609
0.006620307026653012 0.005613826204686801
0.006620307026653012 0.005764132879078711
0.006620307026653012 0.005596517608594174
0.006620307026653012 0.0055534003202931306
0.006620307026653012 0.005486781416388512
