7.536607538666355E-4 3.109171084879694E-4
7.536607538666355E-4 3.9626378158639055E-4
7.943878474134461E-4 4.168950025935114E-4
9.069903565014954E-4 4.708457734047016E-4
9.069903565014954E-4 5.108453867551923E-4
9.774180597352114E-4 5.826101221305574E-4
0.001193361984135719 6.113632028477519E-4
0.001193361984135719 6.634912832938679E-4
0.0013581611583461056 7.161433308394174E-4
0.0013581611583461056 7.052662209485947E-4
0.0013581611583461056 7.158333831935597E-4
0.0017638290683263478 7.811463561452696E-4
0.0017638290683263478 8.452805394137337E-4
0.001822900348458591 8.779834708619148E-4
0.002668511146489071 0.001013189178925719
0.002668511146489071 0.001038176490029879
0.002668511146489071 0.0010834153314680634
0.002668511146489071 0.0011835079591137026
0.0034655944526756403 0.0013024275323077787
0.0034655944526756403 0.00151490429666086
0.0034655944526756403 0.0019206496416786603
0.003726015287827376 0.002338582545251963
0.003847134092312731 0.002456104577977121
0.003847134092312731 0.0025226605690711903
0.0043831833031891775 0.0028471817150797283
0.004546863915922641 0.0029585738770363684
0.004546863915922641 0.0030394254561762674
0.004546863915922641 0.0029149694567366046
0.004546863915922641 0.003035250038664918
0.004546863915922641 0.003069466037726259
0.004546863915922641 0.0031816678345778756
0.004546863915922641 0.0031595119892166472
0.004546863915922641 0.003575565444639857
0.004549958685298834 0.003789171733247019
0.004549958685298834 0.0037279600813131214
0.004613146826552171 0.003525632950854316
0.005420604937128976 0.0036300774373743366
0.005420604937128976 0.0036551224969345692
0.005420604937128976 0.0036807324380848535
0.005420604937128976 0.0037776285797770314
0.005420604937128976 0.0037806811133478378
0.005420604937128976 0.0037764389454503387
0.005420604937128976 0.003843742359985165
0.005930081421565234 0.004083364154660608
0.005930081421565234 0.0037279452073079415
0.005930081421565234 0.0038537323611992753
0.006540466234131744 0.004272960362073874
0.006540466234131744 0.004494144699558725
0.006540466234131744 0.004811172030192264
0.006540466234131744 0.00507288675306018
0.006540466234131744 0.005546272939602363
0.006540466234131744 0.00527938202203399
0.006540466234131744 0.005350095735139988
0.006540466234131744 0.005606377620645377
0.006540466234131744 0.005406379715958
0.006540466234131744 0.005691020309175471
0.006540466234131744 0.005844063950447224
0.006540466234131744 0.005747851853739511
0.006858365714791896 0.005702303806107026
0.006858365714791896 0.005518991089957575
0.006858365714791896 0.005476042534507216
0.006858365714791896 0.005845262898480709
0.006858365714791896 0.00561464747044272
0.006858365714791896 0.0057641372398608455
0.006858365714791896 0.00588368992746122
0.006858365714791896 0.0058622702248474125
0.006858365714791896 0.005761017977954378
0.006858365714791896 0.005739289489811997
0.006858365714791896 0.0057438774799238425
0.006858365714791896 0.005800199358872235
0.006858365714791896 0.00574949446642475
0.006858365714791896 0.005836390337343623
0.006858365714791896 0.00566487542820966
0.006858365714791896 0.005717510923246779
0.006858365714791896 0.005688253880752021
0.006858365714791896 0.006068305373044735
0.006858365714791896 0.005973246273169053
0.006858365714791896 0.006245843815758882
0.006858365714791896 0.005931100792701036
0.006858365714791896 0.005956657763229538
0.006858365714791896 0.0059599180163485
0.006858365714791896 0.006144745536986271
0.006858365714791896 0.006086850806307959
0.006858365714791896 0.006222811052650252
0.006858365714791896 0.0060705603442575565
0.006858365714791896 0.005911748465866302
0.006858365714791896 0.006165573857578052
0.006858365714791896 0.006303056801933885
0.006858365714791896 0.006218844080475497
0.006858365714791896 0.0057289729354649925
0.006858365714791896 0.005978060086471917
0.006858365714791896 0.006077851577514805
0.006858365714791896 0.0057380364649350715
0.006858365714791896 0.005933245467604842
0.006858365714791896 0.005715615291432585
0.006858365714791896 0.006066878834215857
0.006858365714791896 0.006237602199034245
0.006858365714791896 0.006057550991825687
0.006858365714791896 0.005974975810248359
0.007051741184084888 0.005970807722386456
0.007051741184084888 0.005742918420806329
0.007051741184084888 0.006075825194229112
0.007051741184084888 0.005868298769316849
0.007051741184084888 0.0061977073449306416
0.007051741184084888 0.006160208892220075
0.007051741184084888 0.005886623004987761
0.007051741184084888 0.006040135784945211
0.007051741184084888 0.005922299453522714
0.007051741184084888 0.005887697247340483
0.007051741184084888 0.005692213021535409
0.007051741184084888 0.006052432789257631
0.007051741184084888 0.006177631277584695
0.007051741184084888 0.006331486533319572
0.007051741184084888 0.006374723501559353
0.007051741184084888 0.0059895080547464515
0.007051741184084888 0.006258803484387598
0.007051741184084888 0.006362281893913216
0.007051741184084888 0.006198697290342512
0.007051741184084888 0.006262157046385141
0.007051741184084888 0.006348506951405507
0.007051741184084888 0.006154868798338822
0.007051741184084888 0.005967433770405813
0.007051741184084888 0.005840084128570361
0.007051741184084888 0.00586847000552014
0.007051741184084888 0.006077998981039567
0.007051741184084888 0.006203176749036898
0.007051741184084888 0.00625300645054087
0.007051741184084888 0.0062481720591548925
0.007051741184084888 0.006207451173263189
0.007051741184084888 0.006126392637406414
0.007051741184084888 0.006412890662808713
0.007051741184084888 0.006218094510861796
0.007051741184084888 0.00620396019016493
0.007051741184084888 0.00601177405493168
0.007051741184084888 0.006238123705611432
0.007051741184084888 0.006065337301336001
0.007051741184084888 0.006347909964666375
0.007051741184084888 0.0062745468293905005
0.007051741184084888 0.006161059926842497
0.007051741184084888 0.0061371947981858875
0.007051741184084888 0.0062022317428251416
0.007051741184084888 0.006360257409807344
0.007051741184084888 0.006308511466892541
0.007051741184084888 0.006143597263422048
0.007051741184084888 0.006036525376076452
0.007051741184084888 0.005689603827431119
0.007051741184084888 0.006206202788822643
0.007051741184084888 0.0063156703202805675
0.007051741184084888 0.006376179719756387
0.007051741184084888 0.006247910600790751
0.007051741184084888 0.006279586008804683
0.007051741184084888 0.006315458166562211
0.007051741184084888 0.00629918839930498
0.007051741184084888 0.006112001393949313
0.007051741184084888 0.0060156831617550425
0.007051741184084888 0.006007937943657372
0.007051741184084888 0.006224750986533472
0.007051741184084888 0.006265035198365725
0.007051741184084888 0.0062412165543885055
0.007051741184084888 0.0059719531598033644
0.007051741184084888 0.006285055166377347
0.007051741184084888 0.006275930631589538
0.007051741184084888 0.0062928082043827525
0.007051741184084888 0.006467518726999359
0.007051741184084888 0.006256000356312506
0.007051741184084888 0.005929346209487417
0.007051741184084888 0.006210631177808854
0.007051741184084888 0.006276258470111818
0.007051741184084888 0.006345889010502877
0.007051741184084888 0.006009440920873483
0.007051741184084888 0.006299111138557638
0.007051741184084888 0.005897852976116319
0.007051741184084888 0.006080721197669364
0.007051741184084888 0.006446872196265161
0.007051741184084888 0.006285719472905366
0.007051741184084888 0.006243361575856852
0.007051741184084888 0.006310357706898061
0.007051741184084888 0.006245749068264991
0.007051741184084888 0.006161008252640219
0.007051741184084888 0.006444154488305645
0.007051741184084888 0.006341066757232482
0.007051741184084888 0.0060757462965924025
0.007051741184084888 0.006323339426603004
0.007051741184084888 0.006217517144139689
0.007051741184084888 0.006415876258776583
0.007051741184084888 0.006201107159861749
0.007051741184084888 0.006070353790647288
0.007051741184084888 0.006188567457510015
0.007051741184084888 0.00591856833049777
0.007051741184084888 0.006096199005005121
0.007051741184084888 0.006075326276930478
0.007051741184084888 0.006262576413314073
0.007051741184084888 0.006172070563322209
0.007051741184084888 0.006376012201943745
0.007051741184084888 0.006317085159833901
0.007051741184084888 0.0062729319097481915
0.007051741184084888 0.006031212941546745
0.007051741184084888 0.00618130113484201
0.007051741184084888 0.005888313408127578
0.007051741184084888 0.006038966401569462
