4871.0 11492.38
4871.0 9904.015
4871.0 9200.6
4923.0 8741.435
4395.0 8435.55
4395.0 8019.34
4395.0 7116.915
3258.0 6770.985
3258.0 6869.14
3258.0 6408.34
2503.0 5533.36
2503.0 5139.16
2503.0 4886.24
2805.0 4663.53
2805.0 4823.37
1571.0 4226.325
1462.0 4337.83
1462.0 4147.07
1462.0 3327.5
1141.0 3214.115
1141.0 2855.57
1141.0 2735.01
1141.0 2511.645
1141.0 2293.61
1036.0 2416.13
817.0 1956.16
817.0 1913.27
817.0 1800.92
817.0 1511.355
817.0 1319.315
817.0 1098.555
817.0 1226.19
817.0 1162.955
817.0 1173.14
817.0 1206.435
817.0 1214.56
817.0 1153.995
817.0 1085.295
817.0 1161.78
817.0 1221.59
817.0 1274.845
817.0 1165.085
817.0 1198.255
817.0 1275.865
817.0 1195.46
817.0 1236.195
817.0 1310.475
817.0 1122.83
771.0 1151.86
771.0 1176.235
771.0 1363.61
771.0 1159.01
771.0 1330.885
771.0 1203.28
771.0 1393.31
771.0 1202.48
823.0 1285.975
823.0 1293.845
823.0 1292.375
823.0 1134.095
817.0 1188.59
777.0 1126.33
777.0 1120.06
777.0 1212.305
771.0 1198.94
742.0 1025.01
742.0 1207.935
742.0 1120.96
736.0 992.36
736.0 974.715
736.0 1188.55
736.0 1116.59
736.0 1061.465
736.0 1063.465
736.0 1118.42
736.0 1096.5
736.0 1090.64
736.0 1106.49
599.0 983.28
599.0 1132.46
599.0 1042.915
599.0 1041.795
599.0 1060.71
599.0 963.51
599.0 1036.06
599.0 928.535
599.0 907.795
255.0 941.86
255.0 854.68
255.0 623.3
255.0 525.25
255.0 533.31
255.0 395.195
255.0 443.62
255.0 428.25
255.0 476.445
255.0 446.44
255.0 545.56
255.0 536.91
255.0 469.56
255.0 546.625
255.0 473.92
255.0 533.17
255.0 361.44
255.0 499.15
255.0 611.545
255.0 426.17
255.0 429.71
255.0 344.225
255.0 440.51
255.0 451.375
255.0 509.9
255.0 449.045
255.0 380.905
255.0 426.88
255.0 416.51
255.0 385.445
255.0 364.985
255.0 458.525
255.0 371.87
255.0 402.875
255.0 373.765
255.0 377.905
255.0 421.975
255.0 409.905
255.0 501.37
255.0 447.08
255.0 513.145
255.0 448.01
255.0 386.8
255.0 363.84
255.0 386.825
255.0 406.83
255.0 424.565
255.0 409.99
255.0 441.59
255.0 392.88
255.0 357.325
255.0 347.245
255.0 348.79
255.0 439.72
255.0 520.95
255.0 403.53
255.0 478.46
255.0 402.335
255.0 465.3
255.0 509.47
255.0 472.445
255.0 424.88
255.0 359.46
255.0 405.34
255.0 460.005
255.0 398.02
255.0 422.385
255.0 401.04
255.0 534.065
255.0 470.715
255.0 386.07
255.0 449.605
255.0 406.32
255.0 481.83
255.0 371.705
255.0 517.685
255.0 415.315
255.0 432.48
255.0 471.805
255.0 410.51
255.0 373.92
255.0 473.445
255.0 386.815
255.0 397.24
255.0 502.4
255.0 413.335
255.0 494.74
255.0 470.765
255.0 349.91
255.0 417.77
255.0 447.26
255.0 392.145
255.0 450.045
255.0 386.675
255.0 481.04
255.0 386.755
255.0 437.225
255.0 410.45
255.0 467.26
255.0 478.55
255.0 423.69
255.0 440.52
255.0 459.82
255.0 363.575
255.0 431.665
255.0 470.875
255.0 324.595
255.0 400.755
255.0 380.775
255.0 396.215
255.0 403.31
255.0 389.01
255.0 414.405
