5.48953465198275E-4 2.991364690149074E-4
6.12998089657569E-4 3.418866454087786E-4
6.12998089657569E-4 3.8932000235160076E-4
7.529023387576519E-4 4.104566136348836E-4
7.9570373623817E-4 4.5001797224057986E-4
0.0010259665925354635 5.180688891965781E-4
0.0010970388806235776 5.460440525681777E-4
0.0011768248201216537 6.328434495510969E-4
0.0013233158783206092 6.906691599127114E-4
0.0013233158783206092 7.698514159307186E-4
0.0019703032111368685 9.124353438939169E-4
0.0019807750181308616 0.0010081014057610183
0.002074168067219839 0.0011793451935510671
0.002514369474174314 0.0014399277085744425
0.002514369474174314 0.0015502981431642971
0.002514369474174314 0.001556256290220312
0.0031793078408327673 0.001723243984457829
0.0031793078408327673 0.0017853415597700389
0.0031793078408327673 0.001886736630577829
0.0031793078408327673 0.0018567510616532092
0.003568647970498432 0.0020132732070070694
0.003568647970498432 0.0019241063854976833
0.004507421946466937 0.0019978209742547333
0.005093327222752856 0.0023697798497589934
0.005093327222752856 0.002741321765096378
0.005093327222752856 0.003069057167865821
0.005093327222752856 0.003606727819707384
0.005093327222752856 0.003755334155175122
0.005194916179751261 0.00426911545206422
0.005547039890859848 0.004200990612957011
0.006080453747415145 0.004041222910680271
0.006080453747415145 0.004495069859129604
0.006080453747415145 0.0045448995650156235
0.007676878589313429 0.004786501783473823
0.007676878589313429 0.004786283016046181
0.007676878589313429 0.004857494353285392
0.007676878589313429 0.0050383253461168676
0.007676878589313429 0.005348241412487606
0.007676878589313429 0.005116932654122894
0.007676878589313429 0.005434879706549926
0.007676878589313429 0.005265473675707494
0.007676878589313429 0.006071575784431758
0.007676878589313429 0.00650799954930506
0.007676878589313429 0.00622345376460759
0.007676878589313429 0.006615217066462425
0.007676878589313429 0.006846282193845647
0.007676878589313429 0.006653303917915176
0.007676878589313429 0.006668755383368543
0.007676878589313429 0.006756100381751091
0.007676878589313429 0.006732821809718518
0.007676878589313429 0.00680703946292477
0.007676878589313429 0.006899590978344391
0.007676878589313429 0.006840798890849455
0.007676878589313429 0.007057297806004173
0.007676878589313429 0.006850293384575588
0.007676878589313429 0.006594529398795024
0.007676878589313429 0.006733221084810019
0.007676878589313429 0.006919750517632044
0.007676878589313429 0.007125206953902151
0.007676878589313429 0.0070037743013132425
0.007676878589313429 0.006970722730171387
0.007676878589313429 0.0067308796215271435
0.007676878589313429 0.006843233252764306
0.007676878589313429 0.006808915783800877
0.007676878589313429 0.006904908760751699
0.007676878589313429 0.006866933978253093
0.007676878589313429 0.006799769197607402
0.007676878589313429 0.006820549526947527
0.007676878589313429 0.006951698993136295
0.007676878589313429 0.006681311493589913
0.007676878589313429 0.00718388471878079
0.007676878589313429 0.006892703287197357
0.007676878589313429 0.006914344436092044
0.007676878589313429 0.006716498824812958
0.007676878589313429 0.00665122860076222
0.007676878589313429 0.007033602797773857
0.007676878589313429 0.006809611055857948
0.007676878589313429 0.006775533150252361
0.007676878589313429 0.006833044997374126
0.007676878589313429 0.006921582590032709
0.007676878589313429 0.00676839302845013
0.007676878589313429 0.006621448029247365
0.007676878589313429 0.006843512142940321
0.007676878589313429 0.006920618602390013
0.007676878589313429 0.006848299722704021
0.007676878589313429 0.006599473069665016
0.007676878589313429 0.006788039167325111
0.007676878589313429 0.006957915238142914
0.007676878589313429 0.0065892252843711965
0.008130350006092964 0.006800126676601359
0.008130350006092964 0.0069553970918112
0.008130350006092964 0.007109821993550702
0.008130350006092964 0.007216357828235709
0.008130350006092964 0.0070065456729884856
0.008130350006092964 0.007094312886067743
0.008130350006092964 0.006972127911816232
0.008130350006092964 0.006991476851287838
0.008130350006092964 0.007162678592741043
0.008130350006092964 0.007379019514890843
0.008130350006092964 0.006721495311340789
0.008130350006092964 0.007018916123969203
0.008130350006092964 0.007160861874832549
0.008130350006092964 0.006950545205909168
0.008130350006092964 0.007089037032126388
0.008130350006092964 0.006925506087854689
0.008130350006092964 0.00715295911729434
0.008130350006092964 0.007390643495991303
0.008130350006092964 0.007221980867970177
0.008130350006092964 0.007426946609643667
0.008130350006092964 0.007094988920826554
0.008130350006092964 0.0071931122002357375
0.008130350006092964 0.007158436585851076
0.008130350006092964 0.007215518539768142
0.008130350006092964 0.007118446141531152
0.008130350006092964 0.007097255659133871
0.008130350006092964 0.006866245728095649
0.008130350006092964 0.007501176842019352
0.008130350006092964 0.007228900111005252
0.008130350006092964 0.00735152491713287
0.008130350006092964 0.007305514351951834
0.008130350006092964 0.007184505560183265
0.008130350006092964 0.007532667167761619
0.008130350006092964 0.007317218649261128
0.008130350006092964 0.007345533765000047
0.008130350006092964 0.007124036413315998
0.008130350006092964 0.0074034716895703566
0.008130350006092964 0.007307576074321239
0.008130350006092964 0.007153481810016687
0.008130350006092964 0.007150040646356996
0.008130350006092964 0.0070438142724866286
0.008130350006092964 0.007373755572634009
0.008130350006092964 0.00732008741899735
0.008130350006092964 0.007354078155920551
0.008130350006092964 0.007218631689745613
0.008130350006092964 0.0074878787160849725
0.008130350006092964 0.007102705988697419
0.008130350006092964 0.0070322949382678615
0.008130350006092964 0.00727443568448518
0.008130350006092964 0.007344991525713867
0.008130350006092964 0.00747513503190391
0.008130350006092964 0.0072843824105026204
0.008130350006092964 0.0071963837822595945
0.008130350006092964 0.00728654544583655
0.008130350006092964 0.007345972224351853
0.008130350006092964 0.007390119613636521
0.008130350006092964 0.0073562813363731005
0.008130350006092964 0.007131533079238789
0.008130350006092964 0.0072039394411365495
0.008130350006092964 0.0073172884157167795
0.008130350006092964 0.007492221221514074
0.008130350006092964 0.007397327409328664
0.008130350006092964 0.00743865197364776
0.008130350006092964 0.0071399441476941005
0.008130350006092964 0.00713981665752373
0.008130350006092964 0.007269788274048879
0.008130350006092964 0.007237557286332397
0.008130350006092964 0.0069227121306616145
0.008130350006092964 0.007014730336568752
0.008130350006092964 0.007254136983319072
0.008130350006092964 0.006742184175196789
0.008130350006092964 0.007003122252877478
0.008130350006092964 0.007205320542402757
0.008130350006092964 0.007197697909030264
0.008130350006092964 0.0073766328700776585
0.008130350006092964 0.007126524839555105
0.008130350006092964 0.007294208513744366
0.008130350006092964 0.007262567046504681
0.008130350006092964 0.006823506662504777
0.008130350006092964 0.007676878290079546
0.008130350006092964 0.007272236647157721
0.008130350006092964 0.007347344594294624
0.008130350006092964 0.006687171232170599
0.008130350006092964 0.006763832103796901
0.008130350006092964 0.007300221461234462
0.008130350006092964 0.007117634802801896
0.008130350006092964 0.00748366999019146
0.008130350006092964 0.007130733276913817
0.008130350006092964 0.007320452261793938
0.008130350006092964 0.007449513415178641
0.008130350006092964 0.007329423376086817
0.008130350006092964 0.007167178668875106
0.008130350006092964 0.007377080863980071
0.008130350006092964 0.007141386106170084
0.008130350006092964 0.007039239238103214
0.008130350006092964 0.007151945255873752
0.008130350006092964 0.007168048503217405
0.008130350006092964 0.00712021064971256
0.008130350006092964 0.007176110108245709
0.008130350006092964 0.007108747517530938
0.008130350006092964 0.006967313015008192
0.008130350006092964 0.007172382363279771
0.008130350006092964 0.007134325211662651
0.008130350006092964 0.007262760429702078
0.008130350006092964 0.007292325067278433
0.008130350006092964 0.007422196326904203
0.008130350006092964 0.007480098856191756
0.008130350006092964 0.006903241506190863
0.008130350006092964 0.007293778708220717
0.008130350006092964 0.007253205675427908
0.008130350006092964 0.00748234032687844
