6.725666930499305E-4 3.158652169608187E-4
6.725666930499305E-4 3.644943725255354E-4
6.725666930499305E-4 4.011672985853753E-4
7.721991606003239E-4 4.464380991927586E-4
8.156634587696531E-4 4.609074721202392E-4
9.179511422307769E-4 4.988354862731226E-4
9.708735830430178E-4 5.680840570111674E-4
0.0015354171422691605 6.049304807846908E-4
0.0015354171422691605 6.816071895391624E-4
0.0015354171422691605 7.284418528941156E-4
0.0015354171422691605 8.307594823255622E-4
0.0015354171422691605 9.00205061284164E-4
0.0015354171422691605 9.272236038750283E-4
0.002353285011010196 0.0010369269816620488
0.002353285011010196 0.0011123699683379673
0.002353285011010196 0.001134253221914578
0.002353285011010196 0.0012165911762005172
0.002353285011010196 0.0012630696860124893
0.002353285011010196 0.0012839448193936772
0.0030507503539903 0.0014330851955788807
0.0030507503539903 0.0015975913768214067
0.0030507503539903 0.0016955638798180081
0.0030507503539903 0.0020131581546416403
0.00428641416557291 0.0020671096410683487
0.00428641416557291 0.002156069061907762
0.0053598610780126715 0.0022682754130442105
0.0053598610780126715 0.002599956014167126
0.0053598610780126715 0.00340721005249029
0.0053598610780126715 0.004228635235438077
0.0053598610780126715 0.004439873618754307
0.0053598610780126715 0.004421530877944597
0.0053598610780126715 0.004349709630238221
0.0053598610780126715 0.004745236421410132
0.0053598610780126715 0.0045274742971515005
0.0053598610780126715 0.004639356033480713
0.0053598610780126715 0.004643220225896631
0.0053598610780126715 0.004735000067089138
0.0053598610780126715 0.004616363545766257
0.0053598610780126715 0.004548205048587549
0.0053598610780126715 0.0046884756734131665
0.0053598610780126715 0.004642773641826953
0.0053598610780126715 0.004673025251402225
0.0053598610780126715 0.004416449710149384
0.0053598610780126715 0.0044764753662287615
0.0053598610780126715 0.004320907100305436
0.0053598610780126715 0.004562341261197296
0.0053598610780126715 0.004459067567503479
0.006315411609944685 0.004507561244232362
0.006315411609944685 0.004568801571834933
0.006315411609944685 0.004678644067422999
0.006315411609944685 0.004482674582009412
0.006315411609944685 0.0047667319696978626
0.006315411609944685 0.004509895229178524
0.006315411609944685 0.005034569778614385
0.006315411609944685 0.005159381710272812
0.006315411609944685 0.005286444301725358
0.006315411609944685 0.005096421459447457
0.006315411609944685 0.0055611293616826644
0.006315411609944685 0.0057686740603903755
0.006315411609944685 0.005370787331103814
0.006315411609944685 0.005641319300253186
0.006315411609944685 0.005396995192355746
0.006315411609944685 0.0055185806598085215
0.0070528323867328395 0.005486749733493403
0.0070528323867328395 0.0056578720719461465
0.0070528323867328395 0.005458958438670605
0.0070528323867328395 0.0054751644601158675
0.0070528323867328395 0.005451777241158387
0.0070528323867328395 0.005187605425033888
0.0070528323867328395 0.0061161791156330424
0.0070528323867328395 0.006154058925810748
0.0070528323867328395 0.0059704801024705835
0.0070528323867328395 0.006154269147701439
0.0070528323867328395 0.005918518785091566
0.0070528323867328395 0.005972419126728901
0.0070528323867328395 0.006091565507048548
0.0070528323867328395 0.00603453968315076
0.0070528323867328395 0.006224904257662662
0.0070528323867328395 0.005999470883045654
0.0070528323867328395 0.006065154209194212
0.0070528323867328395 0.00610640407376849
0.0070528323867328395 0.006319766365803009
0.0070528323867328395 0.006129849181993996
0.0070528323867328395 0.006275285758061533
0.0070528323867328395 0.006135279878164309
0.0070528323867328395 0.006341352927966009
0.0070528323867328395 0.006251098058238669
0.007130820902825642 0.006046944247962469
0.007130820902825642 0.006366548932319474
0.007130820902825642 0.006035568875971307
0.007130820902825642 0.006354412548594828
0.007130820902825642 0.006235265947659274
0.007130820902825642 0.006025476557465967
0.007130820902825642 0.0063511289837907756
0.007130820902825642 0.006142398350877918
0.007130820902825642 0.005863276316012616
0.007130820902825642 0.006007497329731814
0.007130820902825642 0.005631102626439987
0.007130820902825642 0.005565156631940134
0.0114798533159634 0.00611069727313911
0.0114798533159634 0.006405259324269288
0.0114798533159634 0.006642478361152636
0.0114798533159634 0.007175412646274382
0.0114798533159634 0.009171234411456643
0.0114798533159634 0.01007448911632551
0.0114798533159634 0.010654073006817154
0.0114798533159634 0.010214353945442282
0.0114798533159634 0.010746871616558169
0.0114798533159634 0.01034014127541979
0.0114798533159634 0.010368529021149386
0.0114798533159634 0.010407025063959486
0.0114798533159634 0.01049515307683143
0.0114798533159634 0.01039111438591759
0.0114798533159634 0.010604687767731512
0.0114798533159634 0.010370482094655138
0.0114798533159634 0.010146376308943533
0.0114798533159634 0.010502007466605156
0.0114798533159634 0.010182266040958642
0.0114798533159634 0.010535840167941313
0.0114798533159634 0.01064265072580578
0.0114798533159634 0.010063964369992705
0.0114798533159634 0.010511166769776039
0.0114798533159634 0.011100894316725762
0.0114798533159634 0.010742133518249864
0.0114798533159634 0.010218031336294373
0.0114798533159634 0.010685194990093683
0.0114798533159634 0.010434377025914297
0.0114798533159634 0.0108398411198678
0.0114798533159634 0.010746204416467868
0.0114798533159634 0.010873353928743272
0.0114798533159634 0.010297665346386065
0.0114798533159634 0.010339154718868118
0.0114798533159634 0.010521926383718903
0.0114798533159634 0.010524059511310836
0.0114798533159634 0.010546892108492474
0.0114798533159634 0.01043400436658858
0.0114798533159634 0.010694157012726423
0.0114798533159634 0.010531053838399678
0.0114798533159634 0.010740530525581686
0.0114798533159634 0.010633107571467125
0.0114798533159634 0.010621387855889041
0.0114798533159634 0.010545094810804847
0.0114798533159634 0.010427538271201155
0.0114798533159634 0.010778702947479901
0.0114798533159634 0.010196205341315063
0.0114798533159634 0.010313025770427323
0.0114798533159634 0.01038355863529927
0.0114798533159634 0.010789874063806002
0.0114798533159634 0.009863842844527704
0.0114798533159634 0.010789542286417068
0.0114798533159634 0.010843917264775819
0.0114798533159634 0.010258583279616944
0.0114798533159634 0.010902028482615712
0.0114798533159634 0.010625822225117473
0.0114798533159634 0.010463413054690214
0.0114798533159634 0.009933798228728601
0.0114798533159634 0.010300277090702439
0.0114798533159634 0.010444643180252986
0.0114798533159634 0.01064406984334338
0.0114798533159634 0.010996393844612871
0.0114798533159634 0.010349015037717098
0.0114798533159634 0.010789157929764995
0.0114798533159634 0.010408802964937049
0.0114798533159634 0.010464251316649879
0.0114798533159634 0.01077252848705306
0.0114798533159634 0.01063173711435373
0.011493831064570251 0.01010894520822276
0.011493831064570251 0.010829412303965103
0.011493831064570251 0.010481429061426392
0.011493831064570251 0.010637212956578905
0.011493831064570251 0.010226862277037545
0.011493831064570251 0.010443399410751099
0.011493831064570251 0.010296545880360972
0.011493831064570251 0.010227031614672146
0.011738828646469836 0.009992007367082502
0.011755579754981597 0.010254723323915568
0.011755579754981597 0.010100748047047334
0.011755579754981597 0.010523651172966641
0.011755579754981597 0.010636603832394856
0.011755579754981597 0.009638241099851756
0.011755579754981597 0.010245819326723898
0.011755579754981597 0.009863541584793769
0.011755579754981597 0.010086072200867501
0.011755579754981597 0.010874501676170377
0.011755579754981597 0.010851780121664972
0.011755579754981597 0.010510373998992326
0.011755579754981597 0.010410807520581091
0.011755579754981597 0.010414306534010646
0.011755579754981597 0.010338588943208368
0.011755579754981597 0.01046772061375253
0.011755579754981597 0.010713911367345152
0.011755579754981597 0.010680049759871541
0.011755579754981597 0.010770190262392471
0.011755579754981597 0.010991511106900125
0.011755579754981597 0.010988558330500789
0.011755579754981597 0.01053921982193757
0.011755579754981597 0.010722550724503607
0.011755579754981597 0.010783948489905064
0.011755579754981597 0.010797272077987658
0.011755579754981597 0.010958130645123998
