5.077112641221891E-4 2.9993075687759446E-4
6.228168041524205E-4 3.477177124883381E-4
8.963940053547282E-4 3.925614454973209E-4
0.0010446974410119375 4.2853975590042973E-4
0.0010446974410119375 4.844437569656507E-4
0.0010446974410119375 5.164354717658646E-4
0.0011319860124723434 5.518381567182361E-4
0.0012791603422880379 6.122471234316089E-4
0.0012791603422880379 6.690621380350828E-4
0.0014968270957898553 7.473739043602618E-4
0.0019215662259256536 7.806502394617958E-4
0.0019215662259256536 9.163195988565762E-4
0.002049645144909418 0.0011366100431164602
0.0022038469744532917 0.0012291054170807504
0.0022038469744532917 0.0013786273629303564
0.002636150942179194 0.0014371272278430086
0.002636150942179194 0.00169704062701474
0.0026364542820768943 0.0016644333505621846
0.002670883263984234 0.0016642498932650984
0.002938517078929815 0.0016815774754935539
0.003087004676405055 0.0018750575029976844
0.003087004676405055 0.0018715149510191572
0.003087004676405055 0.002009284435077484
0.003087004676405055 0.002215765026587067
0.003186232592011024 0.0022206466450991396
0.0035800236396901467 0.002257770596936062
0.0035800236396901467 0.0023551851198049577
0.0035800236396901467 0.0024522411506620262
0.0035800236396901467 0.0027358774898446087
0.0035800236396901467 0.002682943335934684
0.0035800236396901467 0.0023709998372635197
0.0035800236396901467 0.0025782945102439895
0.0035800236396901467 0.002556721088207439
0.0035800236396901467 0.002678582666903579
0.0037368855242376356 0.0026753253037502434
0.0037368855242376356 0.002653018386746077
0.0037368855242376356 0.002576902455811838
0.0037368855242376356 0.002679200547671439
0.0037368855242376356 0.002782777356366796
0.0037368855242376356 0.0026219595188439215
0.003907681297757955 0.0027431780423851247
0.004531608311657773 0.0030086967670800097
0.004531608311657773 0.003060235465752813
0.0061553517889203525 0.003252853919004283
0.0061553517889203525 0.0035122982425897305
0.0061553517889203525 0.004182866477239134
0.0061553517889203525 0.005066220806252877
0.0061553517889203525 0.0051776123608883486
0.0061553517889203525 0.005326623484740611
0.0061553517889203525 0.005165107133153589
0.0061553517889203525 0.005366614474180846
0.0061553517889203525 0.00512053199884745
0.0061553517889203525 0.005357533344503535
0.0061553517889203525 0.005055614296009191
0.0061553517889203525 0.005363821068781235
0.0061553517889203525 0.005359937995768077
0.0061553517889203525 0.005051074738891148
0.0061553517889203525 0.005343781747587012
0.0061553517889203525 0.005660349038362486
0.0061553517889203525 0.005403376093538412
0.0061553517889203525 0.0053958527701321755
0.0061553517889203525 0.005320759788173625
0.0061553517889203525 0.005144013202515094
0.0061553517889203525 0.005179287224872138
0.0061553517889203525 0.005426585942704946
0.0061553517889203525 0.005629457731906349
0.0061553517889203525 0.005112973436444484
0.0061553517889203525 0.005604509494515412
0.0061553517889203525 0.005260831818065598
0.0061553517889203525 0.005464363079596569
0.0061553517889203525 0.005323885274989083
0.0061553517889203525 0.005484106810631863
0.0061553517889203525 0.005491417579640458
0.0061553517889203525 0.005577526693665822
0.0061553517889203525 0.005205819981407622
0.0061553517889203525 0.005189864788464214
0.0061553517889203525 0.005136292390964124
0.0061553517889203525 0.005495714142473379
0.0061553517889203525 0.005422084252639934
0.0061553517889203525 0.00541025306742697
0.0061553517889203525 0.0053987292977850905
0.0061553517889203525 0.005327050648203355
0.0061553517889203525 0.005268604902260589
0.0061553517889203525 0.005417095773991616
0.0061553517889203525 0.005403843437500227
0.0061553517889203525 0.005181416116273252
0.0061553517889203525 0.005401574358462097
0.0061553517889203525 0.005293838325303643
0.006218902265774845 0.005481584981140399
0.006218902265774845 0.005312886115453861
0.006218902265774845 0.00523473033866171
0.006218902265774845 0.005283358245179074
0.006218902265774845 0.005198596115835114
0.006218902265774845 0.005345825637645273
0.006218902265774845 0.005589298464785089
0.006218902265774845 0.005484381511427295
0.006218902265774845 0.0056863160031543954
0.006218902265774845 0.005277975810521565
0.006218902265774845 0.005267401909531447
0.006218902265774845 0.005511579891535862
0.006218902265774845 0.005395206505315272
0.006218902265774845 0.00531392058894574
0.006218902265774845 0.005461979099197402
0.006218902265774845 0.005340375727524478
0.006218902265774845 0.005287385335917687
0.006218902265774845 0.005302465858925056
0.006218902265774845 0.0052967351713161725
0.006218902265774845 0.005398592088860935
0.006218902265774845 0.005386673499383422
0.006218902265774845 0.00541589385525469
0.006218902265774845 0.005617999514755941
0.006218902265774845 0.005087755451960907
0.006218902265774845 0.005160898989500494
0.006218902265774845 0.005081509231083322
0.006218902265774845 0.005086195853956393
0.006218902265774845 0.005322443468137756
0.006218902265774845 0.005464125916961122
0.006218902265774845 0.005601694580864395
0.006218902265774845 0.005286358393503197
0.006218902265774845 0.005543925073114447
0.006218902265774845 0.005587747511833029
0.006218902265774845 0.005401084122234032
0.006218902265774845 0.005416562449630275
0.006218902265774845 0.00532347599520357
0.006218902265774845 0.005349999195286368
0.006218902265774845 0.005440148290852565
0.006218902265774845 0.005220013622791632
0.006218902265774845 0.00556886968152818
0.006218902265774845 0.005245632619860588
0.006218902265774845 0.0053252461744747615
0.006218902265774845 0.0053681125717334075
0.006218902265774845 0.005447444683660291
0.006218902265774845 0.005441291960838776
0.006218902265774845 0.0053608714485860395
0.006218902265774845 0.005478612805656588
0.006218902265774845 0.005426760553231418
0.006218902265774845 0.005550429365246888
0.006218902265774845 0.005548927709871945
0.006218902265774845 0.005574475905135356
0.006218902265774845 0.005240466243040681
0.006218902265774845 0.00537063927290104
0.006218902265774845 0.005423247744189919
0.006218902265774845 0.005403324805564813
0.006218902265774845 0.005446786485169016
0.006218902265774845 0.00525196213847213
0.006624114601353516 0.005330649550711751
0.006624114601353516 0.005351281902109798
0.006624114601353516 0.005444396780558315
0.006624114601353516 0.005608428018162855
0.006624114601353516 0.005079972097639373
0.006624114601353516 0.005474493800464842
0.006624114601353516 0.005595543437550278
0.006624114601353516 0.005711335964028167
0.006624114601353516 0.005740628131811666
0.006624114601353516 0.0053673712611034055
0.006624114601353516 0.0059210753829140265
0.006624114601353516 0.005789198443760085
0.006624114601353516 0.005838956101475474
0.006624114601353516 0.005609835435998539
0.006624114601353516 0.0057388566730020366
0.006624114601353516 0.005916828866990491
0.006624114601353516 0.005679525624367021
0.006624114601353516 0.005438825831771498
0.006624114601353516 0.005923923032163082
0.006624114601353516 0.0060619848606986194
0.0068220590899300375 0.005746441318505526
0.0068220590899300375 0.006059858870805444
0.0068220590899300375 0.006247303771629469
0.0068220590899300375 0.005887444244752666
0.0068220590899300375 0.005649316432687624
0.0068220590899300375 0.0057678519628195195
0.0068220590899300375 0.005962901901850754
0.0068220590899300375 0.005825523431029431
0.0068220590899300375 0.005826173908094515
0.0068220590899300375 0.006339530429528775
0.0068220590899300375 0.006020389527739806
0.0068220590899300375 0.006101781425189618
0.0068220590899300375 0.005966206032259428
0.0068220590899300375 0.005733110334902521
0.0068220590899300375 0.006054941001373545
0.0068220590899300375 0.00602220498382951
0.0068220590899300375 0.005757798139437331
0.0068220590899300375 0.005679302250217304
0.0068220590899300375 0.005865329086573153
0.0068220590899300375 0.005861206689704885
0.0068220590899300375 0.005910362357393875
0.0068220590899300375 0.0059643689811301305
0.0068220590899300375 0.006113806004628982
0.0068220590899300375 0.0057054168179566725
0.0068220590899300375 0.006078832672614599
0.0068220590899300375 0.006060167350371296
0.0068220590899300375 0.006051857604508409
0.0068220590899300375 0.005832497762376669
0.00733595010777958 0.005824991925183198
0.00733595010777958 0.006127987954909905
0.00733595010777958 0.006159973617899791
0.00733595010777958 0.006000205789085068
0.00733595010777958 0.00622031959829149
0.00733595010777958 0.005971106038139998
0.00733595010777958 0.00599750901791846
