6.042906614954873E-4 3.056867276291988E-4
6.042906614954873E-4 3.4592204400207377E-4
7.87902392665816E-4 3.9862359239355415E-4
7.87902392665816E-4 4.283948752034384E-4
8.392694271038081E-4 4.657605469330041E-4
9.007270089555489E-4 4.927894865279712E-4
9.517031801413792E-4 5.620727481390327E-4
9.517031801413792E-4 5.965743812245237E-4
0.0010136368474502795 6.08569349341226E-4
0.0011444824342618939 6.45262894230367E-4
0.001294636300322455 6.776366609559643E-4
0.001294636300322455 7.468438007222071E-4
0.0018559297028714614 8.766444053877485E-4
0.0023605003469139097 0.0010305621978114942
0.0023605003469139097 0.0011743884632615105
0.0023605003469139097 0.0012756357454564566
0.0023605003469139097 0.0014556659751894046
0.0023605003469139097 0.001617635210281689
0.00334869817873156 0.0017543426611848173
0.00334869817873156 0.0018490652746161762
0.0038746885844195378 0.0019911339202373663
0.0038746885844195378 0.0023191259803882593
0.0038746885844195378 0.002484910062287264
0.0038746885844195378 0.0027879675829565903
0.0038746885844195378 0.0027837403359355813
0.0038746885844195378 0.002550856664790158
0.0038746885844195378 0.00282838253622346
0.0038746885844195378 0.002895133957409202
0.004921976180335479 0.002871691002598228
0.004928560766798444 0.002942930116589386
0.004928560766798444 0.0031071638695989497
0.005130401825728741 0.0032275532906680627
0.005130401825728741 0.0033456240309231947
0.005130401825728741 0.003682728198509479
0.005130401825728741 0.003482919828912982
0.005130401825728741 0.003774674109897119
0.005130401825728741 0.0040738435247237555
0.005130401825728741 0.004123428630744241
0.005130401825728741 0.004180290915730567
0.005130401825728741 0.003853750449548765
0.005130401825728741 0.003674963761036267
0.005130401825728741 0.003951284011112385
0.005130401825728741 0.0037714948779332185
0.006791189965180443 0.003944879442284851
0.006791189965180443 0.0041635382693780264
0.006791189965180443 0.004140819568625237
0.006791189965180443 0.00423624322072739
0.006791189965180443 0.004238212248081783
0.006791189965180443 0.004956669948308082
0.006791189965180443 0.00566032425693237
0.006791189965180443 0.0060689581241858215
0.006791189965180443 0.005381431522744046
0.006791189965180443 0.005826482196776522
0.006791189965180443 0.005854510170334198
0.006791189965180443 0.00579423501266647
0.006791189965180443 0.0061269052593529135
0.006791189965180443 0.0058295203157201205
0.006791189965180443 0.006021288031410849
0.006791189965180443 0.005820246926906684
0.006791189965180443 0.006073200596701825
0.006791189965180443 0.005644355083655258
0.006791189965180443 0.005793306102798824
0.006791189965180443 0.005916383228071043
0.006791189965180443 0.005795940060389521
0.006791189965180443 0.005764840473784247
0.006791189965180443 0.006035188757321797
0.006791189965180443 0.00583185004099419
0.006791189965180443 0.00586843421770407
0.006791189965180443 0.005824353153992042
0.006791189965180443 0.005940020560767997
0.006791189965180443 0.006236565151603
0.006791189965180443 0.005912258955438755
0.006791189965180443 0.005916636890990662
0.006791189965180443 0.005964713769391965
0.006791189965180443 0.005642919784779519
0.006791189965180443 0.005966925471161943
0.006791189965180443 0.006003317974319022
0.006791189965180443 0.006148438345158131
0.006791189965180443 0.0059949756281672375
0.006791189965180443 0.00609116916360158
0.006791189965180443 0.005580573147420462
0.006791189965180443 0.0060417752090294015
0.006791189965180443 0.005846508680537027
0.006791189965180443 0.005891925968136479
0.006791189965180443 0.005906692395060425
0.006791189965180443 0.006027460533248302
0.006791189965180443 0.006065820485217501
0.006791189965180443 0.006262697589860831
0.006791189965180443 0.005971668858151411
0.006791189965180443 0.0057986968148775785
0.006791189965180443 0.005947726765800303
0.006791189965180443 0.0060358035426508186
0.006791189965180443 0.006032606492290272
0.006791189965180443 0.0060706447161784
0.006791189965180443 0.006212441350155514
0.006791189965180443 0.005843090778389146
0.006791189965180443 0.005708459964163569
0.006791189965180443 0.005912193907422796
0.006791189965180443 0.006058939012900778
0.006791189965180443 0.005793648832992584
0.006791189965180443 0.005954960615138127
0.006791189965180443 0.005924090307800055
0.006791189965180443 0.006123852573053002
0.006791189965180443 0.005571236241812555
0.006791189965180443 0.00573744869316849
0.006791189965180443 0.006026551029207575
0.006791189965180443 0.005631376617522671
0.006791189965180443 0.005648180899746784
0.006791189965180443 0.005935298343051195
0.006791189965180443 0.005952544567228658
0.006791189965180443 0.005908860227558689
0.006791189965180443 0.006104112440744875
0.006791189965180443 0.005744613023632934
0.006791189965180443 0.00591734137656225
0.006791189965180443 0.005584409342381535
0.006791189965180443 0.006045046557365885
0.006791189965180443 0.005912631271442918
0.006791189965180443 0.005986683146868957
0.006791189965180443 0.005928875468631634
0.006791189965180443 0.005937461301422988
0.006791189965180443 0.006165463182194702
0.006791189965180443 0.005677346677967296
0.006791189965180443 0.005825541982190465
0.006791189965180443 0.005958911432546338
0.006791189965180443 0.0061203010812611045
0.006791189965180443 0.006223338791773114
0.006791189965180443 0.005696727092840712
0.006791189965180443 0.006233940271537277
0.006791189965180443 0.006215298757276653
0.006791189965180443 0.005600373556484376
0.006791189965180443 0.005875724594304643
0.006791189965180443 0.005652979991478976
0.006791189965180443 0.00563790913606516
0.006791189965180443 0.005836937719891737
0.006791189965180443 0.005851787474899935
0.006791189965180443 0.006007074299959804
0.006791189965180443 0.00585751352880228
0.006791189965180443 0.005926700359530071
0.006791189965180443 0.005916265021284335
0.006791189965180443 0.00594387584226799
0.006791189965180443 0.006128637089421078
0.006791189965180443 0.005957843220963059
0.006791189965180443 0.005894302413963353
0.006791189965180443 0.005987558951274246
0.006791189965180443 0.005755876673818431
0.006791189965180443 0.005711022394871745
0.006791189965180443 0.006162765240945699
0.006791189965180443 0.006180414244486931
0.006791189965180443 0.005917548560265877
0.006791189965180443 0.005812349345710808
0.006791189965180443 0.005834919321400903
0.006791189965180443 0.006140051669988749
0.006791189965180443 0.006093166039800118
0.006791189965180443 0.006083451239730488
0.006791189965180443 0.005763390426630778
0.006791189965180443 0.005958038358960765
0.006791189965180443 0.005858277390513895
0.006791189965180443 0.005953185298523725
0.006791189965180443 0.005988866717737725
0.006791189965180443 0.005780627703550669
0.006791189965180443 0.006074594327084446
0.006791189965180443 0.00617696627166171
0.006791189965180443 0.005927503045897634
0.006791189965180443 0.006110769096827324
0.006791189965180443 0.005941083703386052
0.006791189965180443 0.00602952487657823
0.006791189965180443 0.005768018303326008
0.006791189965180443 0.005974274858770866
0.006791189965180443 0.005758670149886148
0.006791189965180443 0.005929194835314454
0.006791189965180443 0.005787641192400578
0.006791189965180443 0.0061331130228975215
0.006791189965180443 0.005964833532352004
0.006791189965180443 0.006104543729207969
0.006791189965180443 0.005998980534394981
0.006791189965180443 0.006214674122049617
0.006791189965180443 0.006001819750796259
0.006791189965180443 0.005570695269031538
0.006791189965180443 0.00587910868819208
0.006791189965180443 0.0058043242385726205
0.006791189965180443 0.006015370928589899
0.006791189965180443 0.0062054969286752405
0.006791189965180443 0.005940374037882554
0.006791189965180443 0.005738395232760084
0.006791189965180443 0.005693621802912694
0.006791189965180443 0.0061097861804824535
0.006791189965180443 0.006148382833211527
0.006791189965180443 0.005840617960181852
0.006791189965180443 0.006067225094040916
0.006791189965180443 0.00599350955064014
0.006791189965180443 0.005952929559308647
0.006791189965180443 0.005792426174915477
0.006791189965180443 0.006119468529053368
0.006791189965180443 0.006032639579245439
0.006791189965180443 0.005866732098308892
0.006791189965180443 0.006142644305042005
0.006791189965180443 0.005880848914542455
0.006791189965180443 0.005772431839971243
0.006791189965180443 0.005869521217106094
0.006791189965180443 0.005908854247119779
