4.952402552240076E-4 3.004318481074097E-4
5.664324402454481E-4 3.254098545376566E-4
5.664324402454481E-4 3.565924779448016E-4
7.990264201215282E-4 3.803446630809523E-4
7.990264201215282E-4 4.0483894434061604E-4
8.76862058786177E-4 4.2506263736228386E-4
9.103344611330777E-4 4.8677202911240824E-4
9.52702078383804E-4 5.229803048814726E-4
9.52702078383804E-4 5.650888220594653E-4
9.52702078383804E-4 5.87104215482152E-4
0.0015036405861064137 6.331275906839776E-4
0.0015036405861064137 6.989747827361498E-4
0.0015036405861064137 7.352140780658617E-4
0.0017750149368135403 7.756064795184037E-4
0.0018162821365931428 9.440188259880644E-4
0.0018652439130399784 0.0011114244975145256
0.001975490887065753 0.0013428173552171119
0.0022533078898587014 0.001409813608998437
0.00379073834266906 0.001516237522381787
0.006357559013366215 0.001871974992793606
0.006357559013366215 0.002486409695556362
0.006357559013366215 0.004197204730935394
0.006357559013366215 0.005152098600907356
0.006357559013366215 0.005438757993618989
0.006357559013366215 0.00539679407207314
0.006357559013366215 0.005537743128773106
0.006357559013366215 0.005643509076548483
0.006357559013366215 0.005416634096915393
0.006357559013366215 0.00538950579661883
0.006357559013366215 0.005523019276292233
0.006357559013366215 0.005491654540686076
0.006357559013366215 0.005469915376730493
0.006357559013366215 0.005584881111963464
0.006357559013366215 0.005922678339725366
0.006357559013366215 0.005616915668971038
0.006357559013366215 0.005687469417618104
0.006357559013366215 0.005629187901391052
0.006357559013366215 0.005618365190987467
0.006357559013366215 0.0054207333239710605
0.006357559013366215 0.005523786857942878
0.006357559013366215 0.005610927993462411
0.006357559013366215 0.005594060946090237
0.006357559013366215 0.005622696501504706
0.006357559013366215 0.005362770851452426
0.006357559013366215 0.005623465030264907
0.006357559013366215 0.0057868424669983935
0.006357559013366215 0.005250552480823749
0.006357559013366215 0.005352086281101418
0.006357559013366215 0.005321840067001697
0.006357559013366215 0.005548679562880819
0.006357559013366215 0.005593648974838575
0.006357559013366215 0.005467748382151353
0.006357559013366215 0.005600156687535592
0.006357559013366215 0.005577751764177817
0.006357559013366215 0.005495870739634513
0.006357559013366215 0.005525674910205985
0.006357559013366215 0.005669316937427183
0.006357559013366215 0.005543640693421472
0.006357559013366215 0.00558729276427986
0.006357559013366215 0.005494435250056251
0.006357559013366215 0.005565403091451375
0.006357559013366215 0.005425112278822601
0.007345972022314829 0.00523844734691188
0.007345972022314829 0.005377026764430494
0.009380956599902065 0.005762651898012985
0.009380956599902065 0.005585421483752211
0.009380956599902065 0.005305765667648737
0.009380956599902065 0.005936094415170675
0.009380956599902065 0.006321640458062543
0.009380956599902065 0.006989561153489154
0.009380956599902065 0.007453746416849291
0.009380956599902065 0.007861698148400677
0.009380956599902065 0.008138195502666071
0.009380956599902065 0.008030733187149048
0.009380956599902065 0.007761035208180489
0.009380956599902065 0.0085217490630838
0.009380956599902065 0.00843740034630689
0.009380956599902065 0.008403412524461345
0.009380956599902065 0.00826532357535607
0.009380956599902065 0.008448684154191815
0.009380956599902065 0.008199337663636966
0.009380956599902065 0.008648462195573976
0.009380956599902065 0.008312809718424291
0.009380956599902065 0.008268255859838886
0.009380956599902065 0.008082010139617141
0.009380956599902065 0.008422590159457713
0.009380956599902065 0.008455278228072833
0.009380956599902065 0.008545924873115415
0.009380956599902065 0.008177526550377156
0.009380956599902065 0.008543125928669166
0.009380956599902065 0.00854810866010844
0.009380956599902065 0.008464972675708915
0.009380956599902065 0.008437894688448369
0.009380956599902065 0.008626776478110644
0.009380956599902065 0.008662945588356952
0.009380956599902065 0.008503076410004761
0.009380956599902065 0.008287291046502271
0.009380956599902065 0.008428672327498983
0.009380956599902065 0.008294808472010088
0.009380956599902065 0.008584847944800522
0.009380956599902065 0.007738440752156826
0.009380956599902065 0.008437621239268106
0.009380956599902065 0.008714629510739485
0.009380956599902065 0.008223371611097747
0.009380956599902065 0.008492819627084753
0.009380956599902065 0.008373031610947917
0.009380956599902065 0.008412073919051353
0.009380956599902065 0.008177001099464174
0.009380956599902065 0.008710658402122236
0.009380956599902065 0.008042621649058399
0.009380956599902065 0.008235318055559809
0.009380956599902065 0.008343791461672596
0.009380956599902065 0.008480581876344397
0.010544701473445932 0.00862063890682229
0.010544701473445932 0.008639886881024978
0.010544701473445932 0.008767729092637021
0.010544701473445932 0.008673178346223298
0.010544701473445932 0.008723994041748345
0.010544701473445932 0.009066248721881153
0.010544701473445932 0.009153597827258785
0.010544701473445932 0.009365486211078548
0.010544701473445932 0.009627291503357923
0.010544701473445932 0.009660557406431743
0.010544701473445932 0.0100115834770523
0.010544701473445932 0.009640507446879547
0.010544701473445932 0.009233650930795097
0.010544701473445932 0.00973250640327903
0.010544701473445932 0.009778751282987365
0.010544701473445932 0.009243819667354249
0.010544701473445932 0.009310689999270656
0.010544701473445932 0.009610017892334765
0.010544701473445932 0.009749701732781352
0.010544701473445932 0.009220945292014539
0.010544701473445932 0.009920075390085636
0.010544701473445932 0.009994895809292073
0.010544701473445932 0.009920401774270218
0.010544701473445932 0.009637045482163566
0.010544701473445932 0.009851689833567167
0.010544701473445932 0.009549586595446212
0.010544701473445932 0.009813819526899742
0.010544701473445932 0.009708383861797036
0.010544701473445932 0.009801515294326314
0.010544701473445932 0.009366943830354264
0.010544701473445932 0.009319149122535852
0.010544701473445932 0.009826053304364287
0.010544701473445932 0.009451514236473741
0.010544701473445932 0.009827372841878007
0.010544701473445932 0.009950881825150417
0.010544701473445932 0.009491361942078587
0.010544701473445932 0.009538983153436004
0.010544701473445932 0.00973184667176744
0.010544701473445932 0.009551976353515085
0.010544701473445932 0.00972152848842056
0.010544701473445932 0.00923660307915252
0.010544701473445932 0.009651653126522799
0.010544701473445932 0.009374370795703637
0.010544701473445932 0.009448186013869282
0.010544701473445932 0.0096531690551967
0.010544701473445932 0.009872986686630641
0.010544701473445932 0.010000853593814434
0.010544701473445932 0.00939078799833818
0.010544701473445932 0.009561121985220938
0.010544701473445932 0.00959105576680036
0.010544701473445932 0.009540773833927233
0.010544701473445932 0.009087875332607666
0.010544701473445932 0.009344278719677525
0.010544701473445932 0.009481923430792951
0.010544701473445932 0.009829748908557734
0.010544701473445932 0.00960572103705643
0.010544701473445932 0.00982569958144654
0.010544701473445932 0.00970642301759925
0.010544701473445932 0.009989080028653586
0.010544701473445932 0.009599908200995643
0.010544701473445932 0.009877981978597064
0.010544701473445932 0.009368392444064691
0.010544701473445932 0.009418771168228906
0.010544701473445932 0.00913943308030884
0.010544701473445932 0.00991737029808368
0.010544701473445932 0.009624579580326299
0.010544701473445932 0.00935540327580461
0.010544701473445932 0.009504701106361348
0.010544701473445932 0.009696040591147393
0.010544701473445932 0.009682803682311964
0.010544701473445932 0.009672539061776264
0.010544701473445932 0.009334987587407268
0.010544701473445932 0.00983537576379311
0.010544701473445932 0.009744656425349055
0.010544701473445932 0.009654623879132409
0.010544701473445932 0.009348361181065724
0.010544701473445932 0.009603542688177232
0.010544701473445932 0.00933478606034276
0.010544701473445932 0.009685314395475292
0.010544701473445932 0.009405602205827528
0.010544701473445932 0.009520904485659752
0.010544701473445932 0.009777510099415678
0.010544701473445932 0.009949708372488571
0.010544701473445932 0.009292149770578323
0.010544701473445932 0.009452531625674039
0.010544701473445932 0.009398037038036482
0.010544701473445932 0.009638497625635243
