3269.0 10946.855
3269.0 8779.84
2706.0 7510.31
2924.0 6259.58
2924.0 4735.665
2132.0 4087.84
2051.0 3689.665
1700.0 3565.305
1273.0 3414.69
1273.0 3279.03
1169.0 3018.65
1103.0 2708.51
1103.0 2649.905
1103.0 2576.73
1103.0 2519.315
1103.0 2325.255
1103.0 1966.225
1103.0 1672.025
662.0 1543.855
662.0 1518.925
662.0 1483.625
662.0 1501.1
662.0 1465.535
662.0 1495.42
662.0 1247.98
662.0 1248.645
662.0 1050.785
662.0 1139.875
662.0 1190.895
662.0 1234.94
662.0 1212.53
662.0 1145.515
662.0 1217.34
662.0 1110.185
662.0 1052.345
662.0 1232.485
662.0 1114.82
662.0 1226.58
601.0 1083.095
601.0 1059.21
601.0 1037.3
601.0 969.785
601.0 833.21
601.0 952.865
601.0 1055.81
601.0 1012.91
601.0 958.385
601.0 938.28
601.0 1009.825
601.0 1007.315
601.0 907.935
601.0 946.245
601.0 1078.19
601.0 937.465
601.0 850.845
601.0 975.075
601.0 1048.37
601.0 980.92
601.0 994.63
601.0 859.68
601.0 955.31
601.0 986.025
601.0 902.145
601.0 970.4
601.0 990.18
601.0 866.44
601.0 928.955
601.0 877.21
601.0 951.06
601.0 879.915
601.0 1017.83
601.0 979.4
601.0 920.13
326.0 973.405
326.0 1091.925
326.0 1006.395
326.0 986.8
326.0 809.2
326.0 728.07
326.0 740.61
326.0 542.895
326.0 553.11
326.0 623.33
326.0 586.43
326.0 549.765
326.0 578.685
326.0 501.28
326.0 592.755
326.0 601.72
326.0 518.41
326.0 516.505
326.0 460.94
326.0 579.41
326.0 532.58
326.0 547.795
326.0 537.635
326.0 636.155
326.0 558.485
326.0 460.805
326.0 542.155
326.0 647.855
326.0 551.11
326.0 496.93
326.0 519.24
326.0 543.975
326.0 544.305
326.0 613.21
326.0 414.475
326.0 632.745
326.0 537.965
326.0 605.295
326.0 549.525
326.0 689.74
326.0 545.38
326.0 572.935
326.0 583.815
326.0 500.345
326.0 491.45
326.0 501.17
326.0 594.045
326.0 508.775
326.0 574.83
326.0 564.335
326.0 614.79
326.0 647.55
326.0 659.1
326.0 518.565
326.0 492.03
326.0 542.265
326.0 558.605
326.0 614.78
326.0 503.785
326.0 601.58
326.0 645.695
326.0 494.215
326.0 605.225
326.0 577.795
326.0 531.805
326.0 507.88
326.0 575.315
326.0 571.3
326.0 479.755
326.0 617.905
326.0 558.3
326.0 620.35
326.0 519.115
326.0 516.055
326.0 636.73
326.0 545.69
326.0 563.645
326.0 636.435
326.0 537.135
326.0 534.555
326.0 510.875
326.0 486.78
326.0 547.48
326.0 568.205
326.0 608.565
326.0 729.83
326.0 665.1
326.0 637.92
326.0 486.395
326.0 608.79
326.0 505.695
326.0 617.695
326.0 517.935
326.0 645.585
326.0 640.81
326.0 513.795
326.0 486.735
326.0 500.62
326.0 525.865
326.0 591.235
326.0 728.495
326.0 581.73
326.0 547.205
326.0 563.08
326.0 547.18
326.0 465.38
326.0 434.385
326.0 594.78
326.0 482.91
326.0 526.095
326.0 563.825
326.0 512.315
326.0 588.585
326.0 499.46
326.0 485.365
326.0 609.655
326.0 599.835
326.0 565.785
326.0 595.52
326.0 543.76
326.0 624.0
326.0 553.855
326.0 493.185
326.0 525.51
326.0 476.24
326.0 488.365
326.0 654.7
