4969.0 10631.965
4969.0 9409.775
3933.0 8419.28
3933.0 7899.12
3011.0 7416.335
3387.0 7012.99
3387.0 6566.045
3387.0 6154.75
2761.0 5650.785
2432.0 5020.535
2432.0 4744.12
1454.0 4338.965
1454.0 4088.195
1454.0 3495.53
1220.0 3175.9
1220.0 2743.985
971.0 2483.255
971.0 2071.875
971.0 1979.66
626.0 1652.195
626.0 1529.6
626.0 1375.7
626.0 1338.555
626.0 1173.335
626.0 1099.67
626.0 1106.67
626.0 1077.835
626.0 996.055
626.0 1088.8
626.0 902.66
626.0 942.2
626.0 903.97
626.0 954.455
626.0 1048.76
626.0 952.27
626.0 1069.85
626.0 904.84
626.0 983.53
626.0 982.725
626.0 1063.485
626.0 914.73
626.0 995.4
626.0 997.65
626.0 1026.605
626.0 988.43
626.0 1047.24
626.0 993.755
626.0 1030.43
626.0 1049.485
626.0 890.635
626.0 1133.055
626.0 1094.36
626.0 1110.48
626.0 1088.75
626.0 1078.985
626.0 1058.5
626.0 1029.075
626.0 1073.8
626.0 908.56
626.0 1020.435
626.0 1029.32
626.0 931.165
626.0 1093.715
626.0 1149.38
626.0 1102.89
626.0 1049.175
626.0 1113.235
626.0 1098.86
626.0 1045.325
626.0 1025.615
626.0 997.01
457.0 1087.9
457.0 1093.025
457.0 1022.53
457.0 1002.935
457.0 855.795
457.0 779.625
457.0 825.49
457.0 745.47
457.0 868.825
457.0 773.77
457.0 872.685
457.0 805.325
457.0 785.84
457.0 884.055
457.0 734.64
457.0 855.115
457.0 789.065
457.0 962.865
457.0 887.89
457.0 749.475
457.0 692.99
457.0 849.78
457.0 686.16
457.0 758.335
457.0 884.9
457.0 693.95
457.0 764.465
457.0 835.38
457.0 790.74
457.0 751.255
457.0 849.83
457.0 799.21
457.0 994.075
457.0 832.075
457.0 722.565
457.0 837.715
457.0 834.075
457.0 707.74
457.0 743.91
457.0 905.41
457.0 690.935
457.0 765.355
457.0 727.975
457.0 755.385
457.0 774.3
457.0 832.06
457.0 864.26
457.0 677.885
457.0 783.995
457.0 843.235
446.0 866.685
446.0 850.95
446.0 758.86
446.0 848.725
446.0 832.425
446.0 756.905
446.0 819.485
446.0 870.175
446.0 854.675
446.0 732.91
446.0 701.615
446.0 761.645
446.0 698.11
446.0 727.5
446.0 824.035
446.0 618.675
446.0 801.385
446.0 794.99
446.0 720.26
446.0 887.605
446.0 726.685
446.0 855.275
381.0 708.075
381.0 638.6
381.0 780.69
381.0 659.665
381.0 698.775
381.0 704.285
381.0 713.18
381.0 617.06
381.0 700.42
381.0 697.885
381.0 689.455
381.0 667.665
381.0 709.765
381.0 729.265
381.0 577.565
381.0 723.785
381.0 760.16
381.0 738.5
381.0 723.565
308.0 671.23
308.0 645.82
308.0 610.405
308.0 577.305
308.0 587.74
308.0 533.43
308.0 588.445
308.0 649.33
308.0 615.07
308.0 526.595
308.0 573.43
308.0 625.675
308.0 604.565
308.0 559.19
308.0 565.84
308.0 526.97
308.0 571.655
308.0 668.06
308.0 671.975
308.0 633.125
308.0 566.935
308.0 551.91
308.0 512.75
308.0 611.705
308.0 703.28
308.0 583.325
308.0 598.29
308.0 498.44
308.0 663.405
308.0 621.43
308.0 609.045
308.0 657.075
308.0 619.465
308.0 618.285
308.0 557.305
308.0 663.435
308.0 636.63
308.0 578.735
