8.6534795728219E-4 3.215217911271342E-4
8.6534795728219E-4 4.152952724337177E-4
0.0010911362151627185 4.89083777234763E-4
0.0012595373057890506 5.964042545603243E-4
0.0012595373057890506 7.353754361242086E-4
0.001280423375914672 8.072075370010082E-4
0.0016861725562429596 9.040628955942582E-4
0.0017401169634564345 9.651870964362835E-4
0.0020709532072136715 0.001023124474379381
0.0020709532072136715 0.001098609080670309
0.0025754915920059244 0.0012084620031343428
0.0028213961883359114 0.0013143249520547525
0.0028213961883359114 0.0014152370402650055
0.0028213961883359114 0.0014462880812581302
0.0028213961883359114 0.0015633423949015291
0.0028213961883359114 0.0017273743245675862
0.0030032603071103933 0.002019644410093267
0.0030032603071103933 0.002259411957063653
0.003913089340824363 0.0024303951103154774
0.003913089340824363 0.002400397180250721
0.004071512142150266 0.0025061528419610666
0.004071512142150266 0.002534822789718618
0.004071512142150266 0.002735583666163091
0.004374991075331128 0.0027018077734582485
0.004374991075331128 0.003082005910241442
0.004374991075331128 0.003171615869557436
0.004374991075331128 0.003415348506537351
0.004374991075331128 0.0033656033784479505
0.004374991075331128 0.003342322965561233
0.004374991075331128 0.003270960702534627
0.004374991075331128 0.0033473453647757056
0.004485703296670119 0.003337784115004861
0.005025499301877508 0.0033178232661867767
0.005025499301877508 0.0035905647636150922
0.005025499301877508 0.003694516090781857
0.005025499301877508 0.0035387877670319105
0.005025499301877508 0.0038312966203732425
0.005025499301877508 0.003854743556900583
0.005350424920868306 0.004162855662843032
0.005350424920868306 0.004233958496329056
0.005350424920868306 0.004242974124454641
0.005350424920868306 0.004301580002295256
0.005350424920868306 0.0046573179683820805
0.005350424920868306 0.004512983707314043
0.005350424920868306 0.004329330754447396
0.005350424920868306 0.004391489754517635
0.005350424920868306 0.004483540703480382
0.005350424920868306 0.004571945920361785
0.005350424920868306 0.004439398667745847
0.005350424920868306 0.004471102909682941
0.005350424920868306 0.0046094725890604895
0.005350424920868306 0.004562894473844723
0.005350424920868306 0.004387187436520153
0.005350424920868306 0.004615950173135808
0.005350424920868306 0.004740871333837278
0.005350424920868306 0.00455758227927248
0.005350424920868306 0.004439042271897411
0.005350424920868306 0.004492473341209217
0.005350424920868306 0.004482174342267483
0.005350424920868306 0.004721229391489545
0.005350424920868306 0.0045380375833724085
0.005350424920868306 0.004422986867568337
0.005350424920868306 0.0047017724770060275
0.005350424920868306 0.004481142812754943
0.005350424920868306 0.004448989084158495
0.005350424920868306 0.004668586784530581
0.005350424920868306 0.004662054196717501
0.005350424920868306 0.004668424265039991
0.005350424920868306 0.004564965433911283
0.005350424920868306 0.004704063155375868
0.005350424920868306 0.004476662040345614
0.005350424920868306 0.004542106119684304
0.005350424920868306 0.004656186993456588
0.009693875588379777 0.004569379194782596
0.009693875588379777 0.004375537816546342
0.009693875588379777 0.004624257418130812
0.009693875588379777 0.00492921330472812
0.009693875588379777 0.006254058156883267
0.009693875588379777 0.007281986367195768
0.009693875588379777 0.007767648129856337
0.009693875588379777 0.008800231972658164
0.009693875588379777 0.008739855011676378
0.009693875588379777 0.008584826557513883
0.009693875588379777 0.008719165276716689
0.009693875588379777 0.008822864127756324
0.009693875588379777 0.008604861549573588
0.009693875588379777 0.008927773371626884
0.009693875588379777 0.00870076196024686
0.009693875588379777 0.008569611840487873
0.009693875588379777 0.008916724493099994
0.009693875588379777 0.00898582873244561
0.009693875588379777 0.009129815450291042
0.009693875588379777 0.008509607671729657
0.009693875588379777 0.008809959828083459
0.009693875588379777 0.008737861969686846
0.009693875588379777 0.008778748472564797
0.009693875588379777 0.008482263867424589
0.009693875588379777 0.00873197953174626
0.009693875588379777 0.009119167906713733
0.009693875588379777 0.00856644336427423
0.009693875588379777 0.00852784619907235
0.009693875588379777 0.008802236148173971
0.009693875588379777 0.008894285459008715
0.009693875588379777 0.008971214557181162
0.009693875588379777 0.008651739169200867
0.009693875588379777 0.008612255474749368
0.009693875588379777 0.00843656092618418
0.009693875588379777 0.009144776083426676
0.009693875588379777 0.008572322334997922
0.009693875588379777 0.008841784455614976
0.009693875588379777 0.008561760826240218
0.009693875588379777 0.008680498768248012
0.009693875588379777 0.008265121023378254
0.009693875588379777 0.00884362582251997
0.009693875588379777 0.008715798441398765
0.009693875588379777 0.008709336784142293
0.009693875588379777 0.0089022682674264
0.009693875588379777 0.008895409762515986
0.009693875588379777 0.008998633233353077
0.009693875588379777 0.008661451176297026
0.009693875588379777 0.00880911502273559
0.009693875588379777 0.008729799859293421
0.009693875588379777 0.00874237909276511
0.009693875588379777 0.00849251143911506
0.009693875588379777 0.008413622804579093
0.009693875588379777 0.008558364502823362
0.009693875588379777 0.008890654147609266
0.009693875588379777 0.00897941710940025
0.009693875588379777 0.008902398825432388
0.009693875588379777 0.00880690466800068
0.009693875588379777 0.008523350624099044
0.009693875588379777 0.008989375157014414
0.009693875588379777 0.008657764055248504
0.009693875588379777 0.008312583588714123
0.009693875588379777 0.00907029473673764
0.009693875588379777 0.008584853060187869
0.009693875588379777 0.008689387572387054
0.009693875588379777 0.008814761603792532
0.009693875588379777 0.00880660185178692
0.009693875588379777 0.00874673659725622
0.009693875588379777 0.00865278949561153
0.009693875588379777 0.008945546789247144
0.009693875588379777 0.008368775289207944
0.009693875588379777 0.0087252913270063
0.009693875588379777 0.008546642925655308
0.009693875588379777 0.008922338394959834
0.009693875588379777 0.00889044766928844
0.009693875588379777 0.008531427369202801
0.009693875588379777 0.008775903413859847
0.009693875588379777 0.00872249972784876
0.009693875588379777 0.00858456240536004
0.009693875588379777 0.008830096794767494
0.009693875588379777 0.00875954766378941
0.009693875588379777 0.00882633541894168
0.009693875588379777 0.008970732195148505
0.009693875588379777 0.008801834406354979
0.009693875588379777 0.00872208862490719
0.009693875588379777 0.008597756124390758
0.009693875588379777 0.00823323828085592
0.009693875588379777 0.008465522511796464
0.009693875588379777 0.008471056107741192
0.009693875588379777 0.00901788853987991
0.009693875588379777 0.008509387563035318
0.009693875588379777 0.008953673028392038
0.009693875588379777 0.008390568763614693
0.009693875588379777 0.008740520364987861
0.009693875588379777 0.008360647970723584
0.009693875588379777 0.008340620844556468
0.009693875588379777 0.008924591330013025
0.009693875588379777 0.009001878972298663
0.009693875588379777 0.008957687328194106
0.009693875588379777 0.008903151260075058
0.009693875588379777 0.008694183812945096
0.009693875588379777 0.008266149205583448
0.009693875588379777 0.008679956869786872
0.009693875588379777 0.008831545371365544
0.009693875588379777 0.008885151723655426
0.009693875588379777 0.008766167007336748
0.009693875588379777 0.00912480659855913
0.009693875588379777 0.009212765765417909
0.009693875588379777 0.008656584327678516
0.009693875588379777 0.009003130236720192
0.009693875588379777 0.008860053447966641
0.009693875588379777 0.008628160725125887
0.009693875588379777 0.008861558129206231
0.009693875588379777 0.008649025838486105
0.009693875588379777 0.008956565488699383
0.009693875588379777 0.009078327792229734
0.009693875588379777 0.008464017667323466
0.009693875588379777 0.008584183448395894
0.009693875588379777 0.008743861151546966
0.009693875588379777 0.00858560543593088
0.009693875588379777 0.008695510243538006
0.009693875588379777 0.008428940959986283
0.009693875588379777 0.008784151593174232
0.009693875588379777 0.008954534597785016
0.009693875588379777 0.008877515003878133
0.009693875588379777 0.009098022472287587
0.009693875588379777 0.009063837599628649
0.009693875588379777 0.00846319681839662
