5290.0 10832.45
4354.0 9698.905
4354.0 9122.06
3852.0 7379.06
3510.0 6719.265
3585.0 6408.62
2156.0 5970.85
2553.0 5856.86
2553.0 4871.33
2040.0 4300.75
1871.0 3897.31
2398.0 3705.83
2398.0 3473.77
1227.0 3681.635
1227.0 3399.755
1336.0 2911.92
1336.0 2698.465
1336.0 2463.885
1362.0 2318.34
1362.0 2198.975
1497.0 2061.1
901.0 2004.98
901.0 1982.055
901.0 2027.91
901.0 2162.52
1028.0 2104.125
1028.0 2046.585
1028.0 2000.1
818.0 1979.065
818.0 1992.335
708.0 1802.925
708.0 1707.17
708.0 1613.88
708.0 1639.31
708.0 1347.415
708.0 1208.28
708.0 1184.82
708.0 1240.5
708.0 1217.57
708.0 1117.655
708.0 1161.095
681.0 1183.93
681.0 1125.505
777.0 1057.135
777.0 1121.71
680.0 1063.53
637.0 1088.64
637.0 1210.59
637.0 1094.9
637.0 1174.575
637.0 1126.425
637.0 1080.58
637.0 1146.335
637.0 1071.175
637.0 1180.525
637.0 1015.66
637.0 1000.96
637.0 1037.15
637.0 985.45
637.0 911.695
637.0 854.655
637.0 1041.465
637.0 874.305
637.0 929.45
637.0 1073.755
637.0 989.12
637.0 1032.18
637.0 977.645
637.0 885.61
637.0 1055.41
637.0 954.28
637.0 876.55
637.0 966.22
637.0 979.47
637.0 1017.335
637.0 909.96
637.0 967.43
637.0 963.725
326.0 990.005
326.0 849.665
326.0 918.585
326.0 924.07
326.0 885.185
326.0 858.795
326.0 766.825
326.0 603.22
326.0 511.11
326.0 508.085
326.0 571.305
326.0 636.87
326.0 456.315
326.0 484.97
326.0 454.43
326.0 508.415
326.0 641.73
326.0 678.77
326.0 477.685
326.0 616.96
326.0 515.355
326.0 507.415
326.0 501.43
326.0 542.02
326.0 461.315
326.0 626.82
326.0 625.61
326.0 538.87
326.0 540.16
326.0 558.345
326.0 526.98
326.0 545.725
326.0 611.68
326.0 486.5
326.0 575.465
326.0 581.28
326.0 511.655
326.0 596.32
326.0 555.62
326.0 528.56
326.0 507.1
326.0 576.16
326.0 440.715
326.0 484.95
326.0 589.715
326.0 583.175
326.0 576.38
326.0 611.14
326.0 637.57
326.0 452.405
326.0 467.91
326.0 514.955
326.0 536.125
326.0 517.055
326.0 563.85
326.0 535.335
326.0 604.29
326.0 578.445
326.0 562.785
326.0 528.82
326.0 593.855
326.0 629.08
326.0 544.085
326.0 611.95
326.0 508.03
326.0 468.535
326.0 537.04
326.0 538.385
326.0 443.345
326.0 570.905
326.0 526.585
326.0 598.31
326.0 519.975
326.0 522.235
326.0 596.73
326.0 531.255
326.0 452.8
326.0 500.67
326.0 528.545
326.0 602.67
326.0 477.92
326.0 480.755
326.0 634.405
326.0 513.845
326.0 455.58
326.0 524.81
326.0 539.15
326.0 548.79
326.0 546.7
326.0 494.99
326.0 444.985
326.0 565.47
326.0 494.235
326.0 537.62
326.0 458.675
326.0 609.52
326.0 557.2
326.0 455.985
326.0 452.47
326.0 588.015
326.0 521.24
326.0 529.525
326.0 517.635
326.0 543.055
326.0 484.105
326.0 465.64
326.0 651.695
326.0 655.235
326.0 511.1
326.0 525.125
326.0 608.48
326.0 609.775
326.0 594.2
326.0 611.595
326.0 505.715
326.0 502.12
326.0 645.045
326.0 636.885
326.0 454.185
326.0 553.665
326.0 459.615
326.0 529.31
