6.093067540276992E-4 3.104969370679625E-4
6.093067540276992E-4 3.513962561752309E-4
7.230185700847529E-4 3.823577055893267E-4
7.230185700847529E-4 4.3647422718179845E-4
7.898308845006226E-4 4.703415197520934E-4
0.0011988808635320933 4.8314223140096956E-4
0.0011988808635320933 5.309620346409437E-4
0.001389174160987996 6.12768934993167E-4
0.0015996790157284258 6.576022397605277E-4
0.002618433144427008 8.825330299721356E-4
0.002618433144427008 0.0011099133815829386
0.002618433144427008 0.0013221016312672917
0.0026633343881553467 0.0013783431013873818
0.003925981946814848 0.0015258466557033846
0.003925981946814848 0.0016838386670149496
0.003925981946814848 0.0017477553098244269
0.003925981946814848 0.001815192990152364
0.003925981946814848 0.002047269013742882
0.004072577470450894 0.0027417334113576442
0.004072577470450894 0.002955956338695078
0.004072577470450894 0.0032827136876583856
0.004072577470450894 0.0030978304479458087
0.004072577470450894 0.0033735541695739148
0.004241097208597339 0.003420981484472265
0.004241097208597339 0.003427521048029283
0.004413034208442447 0.0033895850683046415
0.005056111156639173 0.003332531981978528
0.005056111156639173 0.0034206539672818103
0.006160307131547944 0.003483276092736069
0.006160307131547944 0.00353559300566293
0.0061628803213678455 0.003711363500220846
0.0061628803213678455 0.004036002591902909
0.0061628803213678455 0.004631188456885023
0.0061628803213678455 0.005037897785355478
0.0061628803213678455 0.005304966488274765
0.00907475723080448 0.005156760291214404
0.00907475723080448 0.0052933581499015935
0.00907475723080448 0.005184453155929415
0.00907475723080448 0.005637162872695458
0.00907475723080448 0.006030103823951938
0.009075670756561809 0.00673905684488454
0.009075670756561809 0.007003019345269694
0.009075670756561809 0.00742345639793776
0.009075670756561809 0.007673984911554177
0.009075670756561809 0.007891773761793622
0.009075670756561809 0.008015174139461732
0.009075670756561809 0.0074005481095844525
0.009075670756561809 0.008094926689940489
0.009075670756561809 0.007554926249729232
0.009075670756561809 0.007845065058824275
0.009075670756561809 0.00821965623717532
0.009075670756561809 0.00833001956492118
0.009075670756561809 0.007912977383597574
0.009075670756561809 0.008136727545755139
0.009075670756561809 0.008118135399626301
0.009075670756561809 0.007901032440501454
0.009075670756561809 0.008324813526834134
0.009075670756561809 0.007869177971980657
0.009075670756561809 0.00807435027397792
0.009075670756561809 0.008315971433774555
0.009075670756561809 0.008098862992922755
0.009075670756561809 0.007890730260206837
0.009075670756561809 0.008529510503008167
0.009075670756561809 0.00826311523581611
0.009075670756561809 0.008150770233017315
0.009075670756561809 0.007891100885326718
0.009075670756561809 0.00842327346889555
0.009075670756561809 0.008024454416424678
0.009075670756561809 0.007854841128994242
0.009075670756561809 0.008125612271318047
0.009075670756561809 0.008391138327682212
0.009075670756561809 0.008153670365785785
0.009075670756561809 0.007875408622310582
0.009075670756561809 0.008155656295566072
0.009075670756561809 0.008182702581764307
0.009075670756561809 0.00813927349239723
0.009075670756561809 0.008297859842161323
0.009075670756561809 0.008184907336136147
0.010127739924274407 0.008261989576874048
0.010127739924274407 0.007940499382037036
0.010127739924274407 0.008279418819777763
0.010127739924274407 0.007916105940813427
0.010127739924274407 0.00784797641624132
0.010132244453262397 0.008067057426352527
0.010132244453262397 0.008277914349810334
0.010132244453262397 0.007851446220062185
0.010132244453262397 0.008893625881822307
0.010132244453262397 0.007856578253777275
0.010132244453262397 0.008913391309296722
0.010132244453262397 0.008799373191520281
0.010132244453262397 0.008750009276318395
0.010132244453262397 0.008805143934251856
0.010132244453262397 0.008939074044020811
0.010132244453262397 0.009528019251440985
0.010132244453262397 0.008898875310103664
0.010132244453262397 0.00908191198036497
0.010132244453262397 0.009281673529769436
0.010132244453262397 0.008944031690080881
0.010132244453262397 0.009443269478533139
0.010132244453262397 0.009447241190774457
0.010132244453262397 0.009083413697846064
0.010132244453262397 0.009059309850150424
0.010132244453262397 0.009009097096197245
0.010132244453262397 0.009358036938005892
0.010132244453262397 0.009459842987050784
0.010132244453262397 0.008847250315121881
0.010132244453262397 0.009143888441075977
0.010132244453262397 0.009345943622673126
0.010132244453262397 0.008873899088707553
0.010132244453262397 0.009054143321120875
0.010132244453262397 0.00925537329358151
0.010132244453262397 0.009231259900583419
0.010132244453262397 0.00898489189512019
0.010132244453262397 0.009344046536362404
0.010132244453262397 0.00935010794318528
0.010132244453262397 0.00944320596591093
0.010132244453262397 0.009347575532471408
0.010132244453262397 0.009119417866850292
0.010132244453262397 0.009008211868270867
0.010132244453262397 0.00919983001568096
0.010132244453262397 0.009576721746722753
0.010132244453262397 0.00922160772110089
0.010132244453262397 0.00887676709480011
0.010132244453262397 0.009167058570039754
0.010132244453262397 0.009229470918919304
0.010132244453262397 0.009160087076167087
0.010132244453262397 0.009267264622098995
0.010132244453262397 0.009153977828367509
0.010132244453262397 0.009067507275906918
0.010132244453262397 0.008817912676708993
0.010132244453262397 0.009448052963211204
0.010132244453262397 0.009466416713465505
0.010132244453262397 0.009282274912366596
0.010132244453262397 0.009015432709070733
0.010132244453262397 0.009341390140171199
0.010132244453262397 0.009116129603343999
0.010132244453262397 0.009211329813204517
0.010132244453262397 0.009401681664736102
0.010132244453262397 0.00885341750624578
0.010132244453262397 0.009240766867701674
0.010132244453262397 0.008851987896038398
0.010132244453262397 0.00933673560566075
0.010132244453262397 0.009252387046022202
0.010132244453262397 0.009146588225719001
0.010132244453262397 0.009125529583215657
0.010132244453262397 0.00920527729235098
0.010132244453262397 0.009236913815220592
0.010132244453262397 0.008851364322441654
0.010132244453262397 0.009360968199432931
0.010132244453262397 0.00919659041308023
0.010132244453262397 0.009378844745107431
0.010132244453262397 0.008933313199119514
0.010132244453262397 0.009491857114550008
0.010132244453262397 0.009284809479618617
0.010132244453262397 0.009511964160674964
0.010132244453262397 0.009066736409568895
0.010132244453262397 0.009017080133978247
0.010132244453262397 0.009223675878211634
0.010132244453262397 0.008467195367039203
0.010132244453262397 0.009531028622254916
0.010132244453262397 0.00900570403413336
0.010132244453262397 0.009445885294547887
0.010132244453262397 0.00915327697254146
0.010132244453262397 0.008739506814539279
0.010132244453262397 0.009539521529971721
0.010132244453262397 0.009391030590152921
0.010132244453262397 0.009198607338164765
0.010132244453262397 0.009177348122491439
0.010132244453262397 0.009129223535884608
0.010132244453262397 0.009086046178241214
0.010132244453262397 0.009314403760621088
0.010132244453262397 0.009018512471502208
0.010132244453262397 0.009362027050437037
0.010132244453262397 0.008856264668872736
0.010132244453262397 0.009121380765741345
0.010132244453262397 0.009139304477097161
0.010132244453262397 0.00961575232570653
0.010132244453262397 0.009266697319487996
0.010132244453262397 0.00883742413827845
0.010132244453262397 0.008933444176397862
0.010132244453262397 0.009038352142413702
0.010132244453262397 0.009347066182491348
0.010132244453262397 0.009492496273718558
0.010132244453262397 0.009457838503933752
0.010132244453262397 0.00961181445333024
0.010132244453262397 0.009345558916588477
0.010132244453262397 0.009373399893821561
0.010132244453262397 0.009215934836903871
0.010132244453262397 0.009309823765421775
0.010132244453262397 0.0090536544145377
0.010132244453262397 0.009058817799640732
0.010132244453262397 0.00876874063306161
0.010132244453262397 0.00901517036546437
0.010132244453262397 0.009196477534950136
0.010132244453262397 0.009562133105062681
0.010132244453262397 0.00890927087557104
0.010132244453262397 0.009493501949489254
0.010132244453262397 0.009463569411466697
0.010132244453262397 0.009179983661340301
0.010132244453262397 0.008891288923695607
