4616.0 10992.05
4616.0 9752.135
4752.0 8987.04
4752.0 7806.095
3553.0 7239.465
2771.0 7329.025
2771.0 6735.785
2220.0 6159.43
1904.0 6093.805
1277.0 4502.5
1277.0 3629.675
1277.0 2759.04
1043.0 2737.905
848.0 2585.06
848.0 2305.06
848.0 2248.44
848.0 2226.8
848.0 2150.59
788.0 1647.665
788.0 1462.94
788.0 1260.55
788.0 1410.64
788.0 1205.03
672.0 1135.43
672.0 1173.49
671.0 1228.285
559.0 1274.57
559.0 1199.02
552.0 1178.085
552.0 1180.61
552.0 1164.215
552.0 1174.54
552.0 1014.655
552.0 936.285
552.0 866.425
334.0 922.82
334.0 868.29
334.0 945.955
334.0 885.92
334.0 829.59
334.0 753.565
334.0 707.265
334.0 695.33
334.0 601.885
334.0 631.77
334.0 641.34
334.0 777.835
334.0 584.3
334.0 681.455
334.0 633.505
334.0 570.425
334.0 549.855
334.0 628.04
334.0 554.45
334.0 600.02
334.0 631.25
334.0 544.345
334.0 666.31
334.0 606.735
334.0 509.79
334.0 597.05
334.0 638.515
334.0 471.57
334.0 539.88
334.0 535.53
334.0 634.49
334.0 492.7
334.0 595.335
334.0 663.41
334.0 548.34
334.0 550.155
334.0 585.285
334.0 641.495
334.0 564.09
334.0 568.795
334.0 555.625
334.0 535.225
334.0 555.625
335.0 552.92
335.0 675.72
335.0 551.335
335.0 636.87
335.0 627.42
335.0 613.195
335.0 589.665
335.0 701.055
335.0 540.095
335.0 749.69
335.0 577.92
335.0 615.965
335.0 632.61
335.0 646.21
335.0 580.345
335.0 490.525
335.0 606.025
335.0 570.975
335.0 499.265
335.0 620.14
335.0 498.21
335.0 487.96
335.0 574.455
335.0 612.715
335.0 596.79
335.0 510.55
335.0 495.855
335.0 639.79
335.0 561.485
335.0 519.31
335.0 650.505
335.0 581.32
335.0 550.76
335.0 534.37
335.0 623.025
335.0 498.145
335.0 525.28
335.0 520.855
335.0 494.625
335.0 608.595
335.0 605.405
335.0 557.475
335.0 467.61
335.0 539.965
335.0 613.815
335.0 557.86
335.0 545.105
335.0 550.04
335.0 550.54
335.0 559.11
335.0 552.95
335.0 618.055
335.0 476.845
335.0 477.22
335.0 537.335
335.0 554.195
335.0 550.93
335.0 565.045
335.0 527.265
335.0 521.475
335.0 615.36
335.0 534.665
335.0 617.895
335.0 511.62
335.0 580.475
335.0 530.81
335.0 525.155
335.0 595.97
335.0 537.1
335.0 658.79
335.0 492.07
335.0 543.77
335.0 501.4
335.0 613.675
335.0 481.7
335.0 522.28
335.0 464.17
335.0 571.165
335.0 585.965
335.0 547.525
335.0 710.2
335.0 470.075
335.0 589.94
335.0 499.63
335.0 539.185
335.0 669.455
335.0 467.97
335.0 485.595
335.0 549.73
335.0 563.175
335.0 595.045
335.0 564.9
335.0 522.07
335.0 594.415
335.0 485.48
335.0 599.24
335.0 589.375
335.0 580.645
335.0 437.76
335.0 507.485
335.0 606.15
335.0 630.51
335.0 598.49
335.0 494.925
335.0 467.025
335.0 473.14
335.0 461.495
335.0 530.255
335.0 511.735
335.0 557.86
335.0 534.63
335.0 550.825
335.0 538.435
335.0 635.435
335.0 615.16
335.0 574.15
335.0 447.13
335.0 632.485
335.0 484.41
335.0 491.075
335.0 562.68
335.0 629.87
