6.133070611662744E-4 3.210018545667825E-4
7.813877363912692E-4 3.728328921971352E-4
9.017697554042886E-4 4.1485317453812453E-4
9.448506315359024E-4 4.922087233802025E-4
0.0013317369948736232 6.013027591679442E-4
0.0013317369948736232 7.785830804032445E-4
0.0015408098974293413 9.51398528691096E-4
0.0017733209729876998 0.001130131738641506
0.0020458222135897354 0.0012370529221683911
0.0028948306204548994 0.0013501234394157876
0.0037266879466492965 0.0014249550343434494
0.0037266879466492965 0.0016011316208482131
0.0037303854414300016 0.0017483003978304237
0.0037303854414300016 0.0019338509733189968
0.0037303854414300016 0.002119257323354738
0.004207097808000138 0.002498953407276329
0.004207097808000138 0.0028870588256706313
0.004207097808000138 0.0030504589821231352
0.0045803074776080335 0.003282594126373968
0.0045803074776080335 0.003637887572776993
0.0045803074776080335 0.003634825692547405
0.0045803074776080335 0.0036195901098890785
0.0045803074776080335 0.003763062792547694
0.0045803074776080335 0.0037874214515104775
0.0045803074776080335 0.0040094036806106485
0.0045803074776080335 0.004064708217147946
0.0045803074776080335 0.004107749320563275
0.00513792040024076 0.004181189076117199
0.00513792040024076 0.0042387463786701714
0.00513792040024076 0.004296486416404264
0.00513792040024076 0.0043909606769471175
0.00513792040024076 0.004497767304242653
0.00513792040024076 0.004497851109563888
0.00513792040024076 0.004681288573916766
0.00513792040024076 0.004681295734529968
0.00513792040024076 0.004766664648718092
0.00513792040024076 0.004846785657298018
0.005667038884407368 0.004913863760896827
0.005667038884407368 0.004949031927820916
0.005667038884407368 0.004797519329768386
0.005667038884407368 0.004680509557152135
0.005667038884407368 0.004843388865805362
0.005667038884407368 0.0047012924070645975
0.005667038884407368 0.0047381753432607625
0.005667038884407368 0.004868647835376028
0.005667038884407368 0.0047521596935832765
0.005667038884407368 0.004930147305493695
0.005667038884407368 0.004930029847681613
0.005667038884407368 0.00479418518151581
0.005667038884407368 0.0049675321860511495
0.005667038884407368 0.004954857159717874
0.005667038884407368 0.004877965833160208
0.005667038884407368 0.004880070408546989
0.005667038884407368 0.004904528278423457
0.005667038884407368 0.004705367361936179
0.005952334086745291 0.004898671482638073
0.005952334086745291 0.004994898313350251
0.005952334086745291 0.004737491895403059
0.005952334086745291 0.004912534356170591
0.005952334086745291 0.005139665980421108
0.005952334086745291 0.005165300150109024
0.005952334086745291 0.005262380810724316
0.005952334086745291 0.005466980662012467
0.005952334086745291 0.005290980314551371
0.005952334086745291 0.005507006589755472
0.005952334086745291 0.005553895459298355
0.005952334086745291 0.005576476550979049
0.005952334086745291 0.0054290584000617256
0.005952334086745291 0.005628035909600701
0.005952334086745291 0.005645757868381369
0.005952334086745291 0.005552719538072764
0.005952334086745291 0.005607761648295274
0.005952334086745291 0.005519997157858866
0.005952334086745291 0.005646247130719392
0.005952334086745291 0.00577331994728801
0.005952334086745291 0.005736123446574706
0.005952334086745291 0.005668895783142506
0.005952334086745291 0.0057143337572012265
0.005952334086745291 0.0055923099267953845
0.005952334086745291 0.005745650778885145
0.005952334086745291 0.005606524157750149
0.005952334086745291 0.005640101454880829
0.005952334086745291 0.005844024158955364
0.005952334086745291 0.005596532064918864
0.005952334086745291 0.005704833889720548
0.005952334086745291 0.005621712293944443
0.005952334086745291 0.00561116687849441
0.005952334086745291 0.005592851338871801
0.005952334086745291 0.005635590665798581
0.005952334086745291 0.005664774293774192
0.005952334086745291 0.005674618182624381
0.005952334086745291 0.005607566373708468
0.005952334086745291 0.005552051363705239
0.005952334086745291 0.005563341362046489
0.005952334086745291 0.005616836004376641
0.0061106260103658385 0.005758276276146746
0.0061106260103658385 0.0057258910542434885
0.0061106260103658385 0.005600875803725963
0.0061106260103658385 0.0056320762601844545
0.0061106260103658385 0.005761397669437771
0.0061106260103658385 0.005393308368265471
0.0061106260103658385 0.005562622066630503
0.0061106260103658385 0.005683709134184585
0.0061106260103658385 0.005791186483953848
0.0061106260103658385 0.0058234730178264756
0.0061106260103658385 0.005752116497331189
0.0061106260103658385 0.005682129299946572
0.0061106260103658385 0.00587477969982447
0.0061106260103658385 0.00592990696914538
0.0061106260103658385 0.0056628811995996595
0.0061106260103658385 0.005722280913193603
0.0061106260103658385 0.005953634531463065
0.0061106260103658385 0.005921840238222627
0.0061106260103658385 0.0058009963167978355
0.0061106260103658385 0.005633638870724787
0.0061106260103658385 0.005816547637361697
0.0061106260103658385 0.005832630875275121
0.0061106260103658385 0.0058651425390383195
0.0061106260103658385 0.005761765634790848
0.0061106260103658385 0.005690912654429539
0.0061106260103658385 0.0056397816311696235
0.0061106260103658385 0.005561006369207473
0.0061106260103658385 0.0058027966275649556
0.0061106260103658385 0.005892526383870059
0.0061106260103658385 0.005903542490699351
0.0061106260103658385 0.005847016136742113
0.0061106260103658385 0.005872743105403716
0.0061106260103658385 0.005732613002383063
0.0061106260103658385 0.005943182240796905
0.0061106260103658385 0.005758650407097382
0.0061106260103658385 0.005605737141110497
0.0061106260103658385 0.005942638763976474
0.0061106260103658385 0.0057622544223287645
0.0061106260103658385 0.005899999110576643
0.0061106260103658385 0.0058460954636860105
0.0061106260103658385 0.00585901528978043
0.0061106260103658385 0.005844721022920796
0.006274420817081483 0.005917522041783373
0.006274420817081483 0.005829722931451481
0.006274420817081483 0.005881106325178105
0.006274420817081483 0.005799860489607483
0.006274420817081483 0.005767963656962296
0.006274420817081483 0.005761724876480087
0.006274420817081483 0.005841058905409856
0.006274420817081483 0.0058562586586787735
0.006274420817081483 0.005928293340924681
0.006274420817081483 0.005926127944507806
0.006274420817081483 0.00597523109967302
0.006274420817081483 0.005780590177328861
0.006274420817081483 0.005675762473229897
0.006274420817081483 0.0058983208285217446
0.006274420817081483 0.006035342274239754
0.006274420817081483 0.006055728839810229
0.006274420817081483 0.006005238011466364
0.006274420817081483 0.006032937844842923
0.006274420817081483 0.006003684648105175
0.006274420817081483 0.005914202988802122
0.006274420817081483 0.006093746439185946
0.006274420817081483 0.005838608637275653
0.006274420817081483 0.00593630709451315
0.006277854378402441 0.005957026839137895
0.006277854378402441 0.0059046759739524125
0.006277854378402441 0.00592373436607009
0.006277854378402441 0.00599065565909015
0.006277854378402441 0.00590878786603029
0.006277854378402441 0.005972335319399219
0.006277854378402441 0.005928989601022676
0.006277854378402441 0.006176067644691593
0.006277854378402441 0.006084174597944846
0.006277854378402441 0.006095593519559133
0.006277854378402441 0.006134887663739743
0.006538943486245219 0.006006917872476881
0.006538943486245219 0.005871503658170155
0.006538943486245219 0.005774467048888252
0.006538943486245219 0.005802789486920722
0.006538943486245219 0.005701412724422511
0.006538943486245219 0.0058085602818561234
0.006538943486245219 0.005834552466628792
0.006538943486245219 0.005941490285058371
0.006538943486245219 0.005801178639807391
0.006538943486245219 0.005641773836985195
0.006538943486245219 0.0057397037860023896
0.006538943486245219 0.005551819600058596
0.006538943486245219 0.0058397307294678425
0.006538943486245219 0.005564456489921743
0.006538943486245219 0.005606761559435188
0.006538943486245219 0.0058932262429411434
0.006538943486245219 0.0059125497006575455
0.006538943486245219 0.005783978554125024
0.006538943486245219 0.00618981873439461
0.006538943486245219 0.006138947590204245
0.006538943486245219 0.00627879418807425
0.006538943486245219 0.006242024820445141
0.006538943486245219 0.006248083459640362
0.006538943486245219 0.006106189479095121
0.006538943486245219 0.0062578545013461115
0.006538943486245219 0.006181635811335263
0.006538943486245219 0.006326478888366188
0.006538943486245219 0.0062699676918054805
0.006538943486245219 0.006263108960680866
