6.91227615666896E-4 3.212431608063805E-4
6.91227615666896E-4 3.7721506639652296E-4
7.580228258885979E-4 4.1452396522524514E-4
0.0018730818050197878 4.695940753182295E-4
0.0018730818050197878 5.991832977916156E-4
0.0018730818050197878 7.93401401384816E-4
0.0018730818050197878 0.0011657182802898723
0.0019390148419746642 0.0014361116672320965
0.0021909428132791896 0.001574561985890904
0.003068081346501824 0.0015381280860845249
0.003068081346501824 0.0015416336720945794
0.003068081346501824 0.0016650528974873529
0.003068081346501824 0.0017448692722492924
0.003068081346501824 0.001759058374654779
0.003093181314707307 0.0018221359201331078
0.003093181314707307 0.0018572397177815455
0.0038664160164728414 0.0020650636735105475
0.0038664160164728414 0.0021108853740054927
0.0041778029753354136 0.0023870417568494728
0.0049447892317246115 0.0026859460740076635
0.005944919847052081 0.0029936399230975023
0.005944919847052081 0.0031339581613931684
0.005944919847052081 0.0034480110924694917
0.005944919847052081 0.003939706382422814
0.005944919847052081 0.004181727388821589
0.00629671541946994 0.00434234779871744
0.00629671541946994 0.004847374313063536
0.00629671541946994 0.00451893636564955
0.00629671541946994 0.004955184256719719
0.00629671541946994 0.00518945512049427
0.00629671541946994 0.005083314552816864
0.00629671541946994 0.005161794516847258
0.00629671541946994 0.0051252225894166
0.00629671541946994 0.004989332812427702
0.00629671541946994 0.0047925008373663645
0.00629671541946994 0.004922432981445416
0.00629671541946994 0.00512373312938009
0.00629671541946994 0.004965262177872328
0.00629671541946994 0.004997819821715454
0.00629671541946994 0.004841084021829234
0.00629671541946994 0.00517556044526902
0.00629671541946994 0.0050540204759182165
0.00629671541946994 0.004685406994704878
0.00629671541946994 0.004919565390983566
0.00629671541946994 0.005121777310243476
0.00629671541946994 0.004737320179976055
0.00629671541946994 0.004901578125205679
0.00629671541946994 0.00436350883676337
0.00629671541946994 0.004580644337287085
0.00629671541946994 0.005026330523236233
0.006317988026008808 0.0050651095766317935
0.006317988026008808 0.005319064521359475
0.006317988026008808 0.0053802782485811275
0.006317988026008808 0.005425452226689578
0.006317988026008808 0.005329367238795676
0.006317988026008808 0.005109178447471925
0.006317988026008808 0.00546847803855022
0.010869850608939996 0.005373030070384592
0.010869850608939996 0.0055069471826952624
0.010869850608939996 0.006040976041217486
0.010869850608939996 0.007420840934954821
0.010869850608939996 0.008566909512089015
0.010869850608939996 0.0095086844149347
0.010869850608939996 0.00957286038297896
0.010869850608939996 0.00960692341892835
0.010869850608939996 0.010069172650122969
0.010869850608939996 0.009710232177927117
0.010869850608939996 0.009464826516963357
0.010869850608939996 0.009678627784251673
0.010869850608939996 0.01024675363530787
0.010869850608939996 0.009772171850388983
0.010869850608939996 0.010155254865891831
0.010869850608939996 0.010306330382373432
0.010869850608939996 0.009836699915856263
0.010869850608939996 0.009806242931914266
0.010869850608939996 0.009374654308035347
0.010869850608939996 0.010131283008372072
0.010869850608939996 0.010073654479417058
0.010869850608939996 0.010197000551964512
0.010869850608939996 0.01015110717371295
0.010869850608939996 0.009817200363776878
0.010869850608939996 0.00975081425004635
0.010869850608939996 0.010028582801073532
0.010869850608939996 0.009753375714296932
0.010869850608939996 0.009951890984807407
0.010869850608939996 0.009686827988073493
0.010869850608939996 0.009759762805258455
0.010869850608939996 0.010421939409044949
0.010869850608939996 0.009878877820053289
0.010869850608939996 0.009966168874872908
0.010869850608939996 0.00996109259294612
0.010869850608939996 0.009827626849495417
0.010869850608939996 0.009787336341517927
0.010869850608939996 0.009327065601856232
0.010869850608939996 0.009683387930669904
0.010869850608939996 0.009942001589838115
0.010869850608939996 0.009664662384594907
0.010869850608939996 0.010195624816113467
0.010869850608939996 0.010197025499432834
0.010869850608939996 0.009875819138783349
0.010869850608939996 0.010189518005897761
0.010869850608939996 0.009428441432666822
0.010869850608939996 0.009466679945652957
0.010869850608939996 0.009661727586754057
0.010869850608939996 0.00978316671299452
0.010869850608939996 0.009910073000814517
0.010869850608939996 0.009665303556485783
0.010869850608939996 0.010080061345692552
0.010869850608939996 0.009839990158961663
0.010869850608939996 0.01027651750019182
0.010869850608939996 0.01009173734544742
0.010869850608939996 0.009919888694718788
0.010869850608939996 0.009615816120326748
0.010869850608939996 0.009686560813728654
0.010869850608939996 0.010001916272974405
0.010869850608939996 0.009617159071241863
0.010869850608939996 0.009360824874635763
0.010869850608939996 0.009907369564342912
0.010869850608939996 0.009662167326780071
0.010869850608939996 0.009878519328587404
0.010869850608939996 0.009451257059168511
0.010869850608939996 0.010026332215581664
0.010869850608939996 0.009812564871741763
0.010869850608939996 0.010064750037937003
0.010869850608939996 0.010103540129853292
0.011680670234283074 0.010192322233213364
0.011680670234283074 0.009735228247794802
0.011680670234283074 0.009691276046390253
0.011680670234283074 0.010313188027651056
0.011680670234283074 0.010236036763871074
0.011680670234283074 0.010523527734702358
0.011680670234283074 0.010246482129553123
0.011680670234283074 0.010912382726817802
0.011680670234283074 0.010769086653450095
0.011680670234283074 0.010882055345644648
0.011680670234283074 0.010121538163620292
0.011680670234283074 0.010451121083918942
0.011680670234283074 0.010795207466741213
0.011680670234283074 0.011053572221943501
0.011680670234283074 0.010591931601975864
0.011680670234283074 0.0105437957817339
0.011680670234283074 0.010784100635605698
0.011680670234283074 0.010890062743956203
0.011680670234283074 0.010968095106136253
0.011680670234283074 0.010873867243759596
0.011680670234283074 0.011025352296302506
0.011680670234283074 0.01056380745275011
0.011680670234283074 0.010579107226173485
0.011680670234283074 0.010614018191692028
0.011680670234283074 0.010634538088093788
0.011680670234283074 0.010822815486902677
0.011680670234283074 0.010402791345528802
0.011680670234283074 0.010630064335331176
0.011680670234283074 0.010732691861259287
0.011680670234283074 0.01097438712982511
0.011680670234283074 0.010535816478122096
0.011680670234283074 0.010599692256966194
0.011680670234283074 0.01085951494820544
0.011680670234283074 0.011258030975714811
0.011680670234283074 0.01041357843256188
0.011680670234283074 0.010502461773593253
0.011680670234283074 0.010588568104959289
0.011680670234283074 0.010880453859616663
0.011680670234283074 0.011116617367983075
0.011680670234283074 0.010457335962974964
0.011680670234283074 0.0109087749734154
0.011680670234283074 0.010956764568939847
0.011680670234283074 0.0104205463363355
0.011680670234283074 0.01098565879196107
0.011680670234283074 0.010641266594808622
0.011680670234283074 0.010582083541529397
0.011680670234283074 0.010869010974991346
0.011680670234283074 0.010766696500366617
0.011680670234283074 0.01097504300763701
0.011680670234283074 0.011083641789824565
0.011680670234283074 0.01089216045752865
0.011680670234283074 0.010541947194541285
0.011680670234283074 0.010295502982579141
0.011680670234283074 0.010869378835805637
0.011680670234283074 0.010962438787314068
0.011680670234283074 0.010588533429308062
0.011680670234283074 0.010602933259288065
0.011680670234283074 0.010500388342143119
0.011680670234283074 0.010070673423655833
0.011680670234283074 0.010729221806110722
0.011680670234283074 0.010426567835784582
0.011680670234283074 0.0106695609190763
0.011680670234283074 0.01071326323933187
0.011680670234283074 0.010882562912887589
0.011680670234283074 0.010454573084007894
0.011680670234283074 0.010905193360827594
0.011680670234283074 0.010902930260583851
0.011680670234283074 0.01072293846348857
0.011680670234283074 0.010880247441839696
0.011680670234283074 0.010611196955271955
0.011680670234283074 0.011206926793342278
0.011680670234283074 0.01086072594810311
0.011680670234283074 0.010586899711611834
0.011680670234283074 0.01110965913442556
0.011680670234283074 0.010588054807614638
