7.752313266641387E-4 3.2606396086214476E-4
7.752313266641387E-4 3.7634519141725216E-4
7.752313266641387E-4 4.087626832891079E-4
7.892407723054347E-4 4.311362144578211E-4
8.557528462796693E-4 4.4241258104557547E-4
8.557528462796693E-4 4.97108263590064E-4
0.001080352849004732 5.597639693567235E-4
0.001080352849004732 5.653634811503134E-4
0.0012138687765486697 6.502962265396868E-4
0.001318072417869856 7.577879290981346E-4
0.001318072417869856 8.118369569881036E-4
0.0014307405962642747 8.688691586280313E-4
0.00189274033573408 9.308497386308698E-4
0.00189274033573408 9.953447591710758E-4
0.002242595957576 0.0010522042875738173
0.002242595957576 0.0011649036960149353
0.002494904509745388 0.0012534084906313462
0.0026502635450039312 0.0014810554458703315
0.0026502635450039312 0.0015790670455016586
0.0026502635450039312 0.0015476401848921063
0.0034047629631209267 0.0017107030687772227
0.0034047629631209267 0.001888738499586155
0.0034047629631209267 0.0018920439888064574
0.0034047629631209267 0.0018860814817056976
0.0034047629631209267 0.002054427083705018
0.0034047629631209267 0.0020466633498682205
0.0035174750377553786 0.0019993695145432535
0.0035238900459278006 0.0021194558482211822
0.0035238900459278006 0.0022406057988907198
0.0035238900459278006 0.002188957559463556
0.0035238900459278006 0.002328902165384526
0.0035238900459278006 0.002332666615852706
0.0035238900459278006 0.002609873739330464
0.003703246540990896 0.002685126941203675
0.004324742462647247 0.0026258583386299618
0.004324742462647247 0.0025650762191537445
0.004324742462647247 0.0028023095955014444
0.004324742462647247 0.0028581744297567786
0.004324742462647247 0.0029817358673044155
0.004324742462647247 0.0032408960109788303
0.004324742462647247 0.003478061834279547
0.004324742462647247 0.0032791202044422712
0.004324742462647247 0.0036129194205627995
0.004473498094020938 0.0033950404085350107
0.004473498094020938 0.0037002891523862176
0.004473498094020938 0.0037007033720771183
0.004473498094020938 0.003492350404285155
0.004473498094020938 0.0035218104316997304
0.004473498094020938 0.0037151783762352964
0.004473498094020938 0.003687541845155069
0.00502251224381854 0.0036116855081309157
0.00502251224381854 0.0035851213166607533
0.00502251224381854 0.0036861372985774205
0.00502251224381854 0.0037297397268488256
0.00502251224381854 0.003757658111896317
0.0059391852638076776 0.003675497994836545
0.0059391852638076776 0.003924083683724176
0.0059391852638076776 0.003910740088198417
0.0059391852638076776 0.004374024316658666
0.0059391852638076776 0.004298203411259418
0.0059391852638076776 0.004534196502767311
0.006848101505272866 0.004595600896111187
0.0072649235058234625 0.004667818861370737
0.0072649235058234625 0.005010512435739215
0.0072649235058234625 0.0053603140547860695
0.0072649235058234625 0.00538770333604963
0.0072649235058234625 0.005595017085815076
0.0072649235058234625 0.005493573040154853
0.0072649235058234625 0.006191798772826757
0.0072649235058234625 0.006632740098045832
0.0072649235058234625 0.00618548759191256
0.0072649235058234625 0.006154054511408789
0.0072649235058234625 0.005968387645986113
0.0072649235058234625 0.006398637867920453
0.0072649235058234625 0.0064391440477845315
0.0072649235058234625 0.006467319631911198
0.0072649235058234625 0.006265826398251505
0.0072649235058234625 0.006162449946892468
0.0072649235058234625 0.006347738640748203
0.0072649235058234625 0.006240471937022999
0.0072649235058234625 0.006245204650619741
0.0072649235058234625 0.006489853926256523
0.0072649235058234625 0.006107530777491501
0.007786510188069311 0.006315573175193594
0.007786510188069311 0.006466825900435542
0.007786510188069311 0.006717806041824163
0.007786510188069311 0.006570532238142095
0.007786510188069311 0.0062645534978250225
0.007786510188069311 0.00634118646004891
0.007786510188069311 0.006539320531322247
0.007786510188069311 0.006737179224315739
0.007786510188069311 0.006838308615303124
0.007786510188069311 0.0068910155444569755
0.007786510188069311 0.0065796004497196865
0.007786510188069311 0.006948483991655422
0.007786510188069311 0.0067000638001687976
0.007786510188069311 0.006821785206913249
0.007786510188069311 0.007239836680313816
0.007786510188069311 0.006633136977052527
0.007786510188069311 0.006813905775474361
0.007786510188069311 0.0068541068276524245
0.007786510188069311 0.006790859390069467
0.007786510188069311 0.006562055563360813
0.007786510188069311 0.006732819964507607
0.007786510188069311 0.0072243315274002195
0.007786510188069311 0.0070182534007499076
0.007786510188069311 0.006957830454408798
0.007786510188069311 0.006454542472766263
0.007786510188069311 0.0070706730040775
0.007786510188069311 0.007065222704986286
0.007786510188069311 0.006856273777973918
0.012209050586665824 0.0071305485028213475
0.012209050586665824 0.007427295813503527
0.012209050586665824 0.008336012950519802
0.012209050586665824 0.00925532763402251
0.012209050586665824 0.010583689707542778
0.012209050586665824 0.010785977560444806
0.012209050586665824 0.011121634907470875
0.012209050586665824 0.010742053164346073
0.012209050586665824 0.011332589449623676
0.012209050586665824 0.011599243117474439
0.012209050586665824 0.011061457841402554
0.012209050586665824 0.011286613705522464
0.012209050586665824 0.011454545827163683
0.012209050586665824 0.011682657255541762
0.012209050586665824 0.011516732006131203
0.012209050586665824 0.011175527252205891
0.012209050586665824 0.011209193312934905
0.012209050586665824 0.010975664985781099
0.012209050586665824 0.010928223268699999
0.012209050586665824 0.011557310360272514
0.012209050586665824 0.01121414397124729
0.012209050586665824 0.011459761853205339
0.012209050586665824 0.011567791913058916
0.012209050586665824 0.011352756305461554
0.012209050586665824 0.011457572058288724
0.012209050586665824 0.011346723975193929
0.012209050586665824 0.011241020023868094
0.012209050586665824 0.0109766251554452
0.012209050586665824 0.011191897930930178
0.012209050586665824 0.01140679834238476
0.012209050586665824 0.010934184538286769
0.012209050586665824 0.011470863326524921
0.012209050586665824 0.011104625050167525
0.012209050586665824 0.0110828772811256
0.012209050586665824 0.010969507683471774
0.012209050586665824 0.01157294686237023
0.012209050586665824 0.011471128796963609
0.012209050586665824 0.011614315495662397
0.012209050586665824 0.01156266444181725
0.012209050586665824 0.011608909047424083
0.012209050586665824 0.011150902794984659
0.012209050586665824 0.01124178351416511
0.012209050586665824 0.011491847824516083
0.012209050586665824 0.011093448915456222
0.012209050586665824 0.011340773552168068
0.012209050586665824 0.011181702353020979
0.012209050586665824 0.011203426603040023
0.012209050586665824 0.01162721301937119
0.012209050586665824 0.011317024849994155
0.012209050586665824 0.011357841086901809
0.012209050586665824 0.011318797529273245
0.012209050586665824 0.010941323340686442
0.012209050586665824 0.011222295409121088
0.012209050586665824 0.011180107070792027
0.012209050586665824 0.010958422135705158
0.012209050586665824 0.010899271418896716
0.012209050586665824 0.011352978054192164
0.012209050586665824 0.0109880517198102
0.012209050586665824 0.011578636313855943
0.012209050586665824 0.01133909023722173
0.012209050586665824 0.010731090464956428
0.012209050586665824 0.011104747160742879
0.012209050586665824 0.011450345405870112
0.012209050586665824 0.011410934936983901
0.012209050586665824 0.010936348891091274
0.012209050586665824 0.011419623431027608
0.012209050586665824 0.011565299927069577
0.012209050586665824 0.011066409487961806
0.012209050586665824 0.011521538895758368
0.012209050586665824 0.010817786107862487
0.012209050586665824 0.01102836369669159
0.012209050586665824 0.011463169126673368
0.012209050586665824 0.011632133644634389
0.012209050586665824 0.011304329213982731
0.012209050586665824 0.01156821453794317
0.012209050586665824 0.011029723247073808
0.012209050586665824 0.011408172331446323
0.012209050586665824 0.011571837601016637
0.012209050586665824 0.011311715955793951
0.012209050586665824 0.011226632932103802
0.012209050586665824 0.01110364277633567
0.012209050586665824 0.01108270653900365
0.012209050586665824 0.010704013031155278
0.012209050586665824 0.011464214741568089
0.012209050586665824 0.011032796414973109
0.012209050586665824 0.01140089271318258
0.012209050586665824 0.010655906897989698
0.012209050586665824 0.011295771059978088
0.012209050586665824 0.011618628516806786
