4015.0 10743.71
4015.0 9402.185
4015.0 8339.485
3709.0 7393.95
3035.0 6655.555
3001.0 6150.715
2906.0 6024.88
2673.0 5712.78
1889.0 5077.325
1889.0 5144.705
1889.0 5040.675
1889.0 4456.24
1817.0 3568.01
1345.0 2709.61
1345.0 2425.98
950.0 2307.64
851.0 2128.03
851.0 2083.885
851.0 1958.165
730.0 1909.135
730.0 1529.055
730.0 1558.155
673.0 1316.07
568.0 1292.96
568.0 1234.105
568.0 1219.04
568.0 1330.15
568.0 1169.995
568.0 1179.17
568.0 1151.05
568.0 1109.3
568.0 1107.775
568.0 1063.28
568.0 1012.195
568.0 1005.96
568.0 1014.095
568.0 1073.735
568.0 954.265
568.0 844.645
568.0 832.88
568.0 978.355
568.0 910.51
568.0 1008.795
568.0 1028.725
568.0 1003.155
568.0 945.15
568.0 857.37
568.0 756.65
568.0 834.98
476.0 948.39
476.0 905.775
476.0 878.965
476.0 918.05
476.0 903.83
476.0 931.815
476.0 801.49
476.0 753.41
476.0 809.785
476.0 709.005
476.0 725.97
476.0 740.18
476.0 864.915
476.0 769.085
476.0 912.29
476.0 826.52
476.0 677.14
476.0 815.33
476.0 723.245
476.0 745.06
476.0 776.46
476.0 705.225
476.0 807.96
476.0 731.765
476.0 798.135
476.0 706.615
476.0 790.485
476.0 854.33
476.0 926.045
476.0 746.575
476.0 808.25
476.0 838.335
476.0 757.49
476.0 804.8
476.0 738.565
476.0 720.64
476.0 824.54
476.0 803.405
476.0 745.925
476.0 854.41
476.0 819.68
308.0 740.305
308.0 792.05
308.0 792.865
308.0 843.595
308.0 718.655
308.0 636.775
308.0 637.16
308.0 539.0
308.0 498.34
308.0 574.645
308.0 527.52
308.0 638.235
308.0 644.16
308.0 464.855
308.0 580.64
308.0 510.025
308.0 530.545
308.0 542.615
308.0 739.63
308.0 617.395
308.0 518.33
308.0 560.075
308.0 404.565
308.0 592.61
308.0 498.37
308.0 499.94
308.0 706.21
308.0 589.465
308.0 542.665
308.0 601.74
308.0 529.16
308.0 561.735
308.0 492.09
308.0 450.135
308.0 584.775
308.0 638.08
308.0 638.22
308.0 528.525
308.0 530.84
308.0 524.195
308.0 610.33
308.0 490.385
308.0 427.635
308.0 499.14
308.0 626.32
308.0 713.08
308.0 602.15
308.0 588.605
308.0 527.26
308.0 582.91
308.0 547.61
308.0 538.865
308.0 532.745
308.0 519.855
308.0 544.31
308.0 604.43
308.0 614.97
308.0 538.27
308.0 590.48
308.0 636.075
308.0 505.91
308.0 540.045
308.0 473.6
308.0 541.1
308.0 570.74
308.0 685.735
308.0 597.145
308.0 654.02
308.0 490.755
308.0 440.955
308.0 552.68
308.0 540.34
308.0 576.73
308.0 583.675
308.0 524.37
308.0 499.32
308.0 544.115
308.0 521.59
308.0 442.12
308.0 531.495
308.0 521.325
308.0 483.14
308.0 483.175
308.0 478.52
308.0 577.64
308.0 768.715
308.0 571.285
308.0 512.105
308.0 626.32
308.0 566.175
308.0 521.73
308.0 559.69
308.0 507.125
308.0 475.385
308.0 635.27
308.0 441.61
308.0 584.21
308.0 644.255
308.0 658.66
308.0 567.225
308.0 565.955
308.0 462.555
308.0 583.18
308.0 463.91
308.0 512.61
308.0 527.42
308.0 563.25
308.0 607.495
308.0 569.545
308.0 541.835
