5318.0 11069.26
4147.0 9498.195
4577.0 8517.03
3385.0 7497.585
3385.0 7141.67
3727.0 6471.11
3727.0 6349.985
2746.0 5894.425
2230.0 5284.09
2419.0 4581.195
2419.0 4252.76
2578.0 3914.53
2096.0 3602.55
2370.0 3527.58
2034.0 3380.04
2034.0 3039.045
1588.0 3050.59
1314.0 2841.015
1053.0 2701.785
1053.0 2481.11
1053.0 2604.43
1053.0 2074.625
873.0 1793.555
873.0 1692.175
872.0 1457.45
872.0 1363.81
872.0 1484.96
872.0 1298.515
872.0 1136.4
872.0 1233.015
872.0 1167.515
872.0 1164.635
872.0 1080.745
872.0 1071.905
725.0 1036.945
725.0 1023.215
725.0 1004.23
725.0 985.095
725.0 1058.385
693.0 1008.555
693.0 955.165
693.0 982.78
778.0 890.815
778.0 953.08
778.0 887.7
778.0 970.885
631.0 834.065
631.0 752.96
631.0 877.855
631.0 885.9
631.0 913.975
631.0 826.385
631.0 729.505
631.0 755.005
631.0 851.52
631.0 855.61
631.0 766.265
631.0 788.195
578.0 746.475
578.0 721.99
578.0 754.71
578.0 734.87
578.0 704.84
578.0 723.11
578.0 734.725
578.0 723.075
578.0 789.33
578.0 742.5
578.0 658.275
578.0 799.92
578.0 672.76
578.0 714.215
578.0 668.62
578.0 709.39
578.0 675.92
578.0 757.45
578.0 731.835
578.0 740.385
578.0 666.875
578.0 733.77
578.0 700.89
578.0 695.58
578.0 609.95
578.0 716.255
578.0 684.465
578.0 706.335
578.0 652.415
578.0 659.875
578.0 708.745
578.0 728.87
578.0 695.415
578.0 698.39
578.0 754.005
578.0 744.085
578.0 671.745
578.0 634.535
578.0 688.455
578.0 771.865
578.0 611.63
578.0 656.95
578.0 668.905
578.0 714.71
578.0 644.21
578.0 738.285
578.0 655.255
578.0 721.415
313.0 703.57
313.0 661.315
313.0 629.96
313.0 530.01
313.0 444.26
313.0 359.215
313.0 393.285
313.0 365.935
313.0 359.79
313.0 397.18
313.0 390.79
313.0 391.915
313.0 345.59
313.0 377.18
313.0 364.18
313.0 405.845
313.0 333.54
313.0 366.565
313.0 416.3
313.0 429.14
313.0 404.61
313.0 356.215
313.0 455.465
313.0 386.14
313.0 422.97
313.0 465.21
313.0 388.695
313.0 402.675
313.0 364.72
313.0 448.65
313.0 416.085
313.0 344.59
313.0 412.555
313.0 379.67
313.0 369.025
313.0 377.065
313.0 366.485
313.0 363.325
313.0 382.135
313.0 374.335
313.0 469.315
313.0 437.165
313.0 413.035
313.0 392.305
313.0 401.22
313.0 370.88
313.0 345.155
313.0 363.24
313.0 381.63
313.0 397.79
313.0 396.425
313.0 422.445
313.0 339.52
313.0 371.695
313.0 378.325
313.0 422.015
313.0 357.885
313.0 357.955
313.0 411.1
313.0 341.0
313.0 394.4
313.0 448.375
313.0 364.145
313.0 373.175
313.0 456.34
313.0 423.17
313.0 409.915
313.0 386.26
313.0 395.725
313.0 392.645
313.0 349.32
313.0 378.115
313.0 343.86
313.0 458.39
313.0 366.09
313.0 392.395
313.0 374.77
313.0 384.75
313.0 425.46
313.0 371.385
313.0 399.91
313.0 408.37
313.0 360.265
313.0 399.285
313.0 358.28
313.0 377.76
313.0 432.515
313.0 371.865
313.0 413.84
313.0 385.705
313.0 382.525
313.0 395.235
313.0 417.29
313.0 360.0
