4267.0 10448.955
4267.0 9652.33
3046.0 8244.55
3046.0 7834.9
3046.0 6624.875
3106.0 6173.28
3106.0 5816.695
2910.0 5456.185
2140.0 5218.81
2140.0 4470.38
1919.0 3845.425
1919.0 3563.46
1346.0 3422.055
1346.0 3272.26
1206.0 2992.575
1206.0 2946.15
1068.0 2838.73
1068.0 2646.74
1019.0 2599.67
1019.0 2211.625
769.0 2033.84
769.0 1808.45
769.0 1773.54
769.0 1644.45
664.0 1718.615
664.0 1575.325
664.0 1358.835
664.0 1242.545
664.0 1317.37
664.0 1112.48
664.0 1192.31
638.0 1156.77
638.0 1176.185
638.0 1203.395
638.0 1117.785
638.0 1277.65
638.0 1176.365
638.0 1157.475
638.0 1071.105
638.0 1080.135
638.0 1055.685
638.0 1141.575
638.0 1138.905
638.0 997.36
638.0 1053.73
638.0 1029.915
469.0 1006.9
469.0 1087.91
469.0 1128.48
469.0 972.365
469.0 929.49
469.0 865.955
469.0 851.665
469.0 878.09
469.0 815.165
469.0 826.375
469.0 749.4
469.0 691.75
469.0 726.355
469.0 741.01
469.0 767.21
469.0 846.115
469.0 723.17
469.0 762.06
469.0 728.945
469.0 825.045
469.0 803.575
469.0 735.805
469.0 796.735
469.0 775.46
469.0 720.92
469.0 688.885
469.0 766.22
469.0 651.495
469.0 850.7
469.0 863.605
469.0 835.405
469.0 742.67
469.0 795.625
469.0 898.38
469.0 695.87
414.0 777.83
414.0 796.77
414.0 833.085
414.0 843.785
414.0 790.865
414.0 794.17
414.0 814.035
414.0 856.31
414.0 734.255
413.0 641.23
413.0 849.275
413.0 635.525
413.0 695.14
413.0 734.655
413.0 716.37
413.0 728.88
413.0 719.65
413.0 776.3
413.0 683.54
413.0 618.84
413.0 866.305
413.0 809.145
413.0 613.725
413.0 754.04
335.0 579.17
335.0 568.32
335.0 716.955
335.0 633.89
335.0 678.935
335.0 634.75
335.0 597.045
335.0 592.165
335.0 522.755
335.0 585.735
335.0 720.105
335.0 547.73
335.0 627.33
335.0 592.635
335.0 642.9
335.0 566.54
335.0 552.145
335.0 584.87
335.0 466.51
335.0 602.01
335.0 538.85
335.0 546.735
335.0 614.98
335.0 645.19
335.0 595.625
335.0 719.02
335.0 679.455
335.0 562.635
335.0 510.085
335.0 662.15
335.0 468.86
335.0 664.045
335.0 511.845
335.0 615.63
335.0 598.805
335.0 510.525
335.0 734.955
335.0 610.755
335.0 537.505
335.0 653.15
335.0 673.965
335.0 564.535
335.0 594.765
335.0 549.785
335.0 544.95
335.0 639.14
335.0 525.81
335.0 534.275
335.0 632.42
335.0 551.29
335.0 625.05
335.0 582.035
335.0 466.275
335.0 582.73
335.0 604.315
335.0 619.225
335.0 631.92
335.0 581.615
335.0 570.09
335.0 537.28
335.0 594.16
335.0 680.825
335.0 616.67
335.0 560.47
335.0 661.025
335.0 563.775
335.0 564.475
335.0 574.545
335.0 569.55
335.0 708.105
335.0 517.62
335.0 676.48
335.0 498.735
335.0 675.225
335.0 608.93
335.0 627.82
335.0 613.275
335.0 521.595
335.0 599.685
335.0 614.565
335.0 525.27
335.0 611.565
335.0 471.045
335.0 506.82
335.0 591.415
335.0 671.305
335.0 621.29
335.0 724.31
335.0 723.76
335.0 588.525
335.0 531.52
335.0 501.605
335.0 561.89
335.0 615.955
335.0 594.285
