6.513110051011141E-4 3.056734749185642E-4
6.513110051011141E-4 3.432175953837027E-4
6.707317283758064E-4 3.8188530650421306E-4
6.942476453332267E-4 4.093737486269981E-4
8.673976280152263E-4 4.5924831852692423E-4
8.673976280152263E-4 4.900092146502789E-4
9.1429724486989E-4 5.544289753522543E-4
9.93823040602716E-4 5.840657733817373E-4
0.0010813961809394313 6.374850774338034E-4
0.0015878430958611782 7.163810416368999E-4
0.0015878430958611782 7.795582502621356E-4
0.0015970366052299439 9.132633861286537E-4
0.001861237016947694 0.0010602705519299107
0.001861237016947694 0.001172248359352139
0.00193414391904204 0.001266860264937853
0.00193414391904204 0.0013552647080136678
0.0021823959980507403 0.001414122215684261
0.0021823959980507403 0.0015358869631975814
0.0021823959980507403 0.001555299611895829
0.0026262031176487737 0.0016599531962219654
0.0032890505903509955 0.0016894446182981707
0.0032890505903509955 0.0018212163304025344
0.0032890505903509955 0.0019266924009836883
0.0032890505903509955 0.0020253872294686993
0.0032890505903509955 0.0020608920258693257
0.0032890505903509955 0.0022167639664588323
0.003506300248381908 0.0023280532806158275
0.0038483873686263512 0.0024867013369012318
0.0038483873686263512 0.0027250829617228712
0.004121890305131299 0.002929640005527926
0.004121890305131299 0.0031666174557622327
0.004468334522871718 0.003202738385486647
0.006182978442273272 0.0033621503503483345
0.00682898410741395 0.003701283769631903
0.00682898410741395 0.00415430897118978
0.00682898410741395 0.00532058789405532
0.00682898410741395 0.0057008956553123765
0.00682898410741395 0.006080128253579239
0.00682898410741395 0.006281637754207644
0.00682898410741395 0.006338368673635167
0.00682898410741395 0.00641844454780779
0.00682898410741395 0.0065035218700232565
0.00682898410741395 0.006408465706555284
0.00682898410741395 0.006418065794379334
0.00682898410741395 0.006569710208301076
0.00682898410741395 0.006471567792232445
0.00682898410741395 0.006532795287356413
0.00682898410741395 0.00651180430897361
0.00682898410741395 0.006542285973739555
0.00682898410741395 0.006506078946836551
0.00682898410741395 0.006423836055811903
0.00682898410741395 0.0065054790736173975
0.00682898410741395 0.006593876412212991
0.00682898410741395 0.006559789122829359
0.00682898410741395 0.006621845664189211
0.00682898410741395 0.0064941549214340595
0.00682898410741395 0.006550863109210212
0.00682898410741395 0.0064538704459910015
0.00682898410741395 0.006405857129338738
0.00682898410741395 0.006386319629765922
0.00682898410741395 0.006565156226428183
0.00682898410741395 0.006534997777110509
0.00682898410741395 0.00649888884593618
0.00682898410741395 0.006267116072051901
0.00682898410741395 0.006434295924284597
0.00682898410741395 0.00667088400281635
0.00682898410741395 0.006596795608021761
0.00682898410741395 0.0066114564112203355
0.00682898410741395 0.006387407204302564
0.00682898410741395 0.006501689743017759
0.00682898410741395 0.006579312851556392
0.00682898410741395 0.006547412637434329
0.00682898410741395 0.006525003119740906
0.00682898410741395 0.00660583739781076
0.00682898410741395 0.006508764824707
0.00682898410741395 0.006623611853416966
0.00682898410741395 0.006557138022823427
0.00682898410741395 0.006503561164937548
0.00682898410741395 0.006381306832808951
0.00682898410741395 0.006522104070604865
0.00682898410741395 0.006532595175529953
0.00682898410741395 0.006437018450899107
0.00682898410741395 0.006488689719692156
0.00682898410741395 0.0064947213173875695
0.00682898410741395 0.006508933938628825
0.00682898410741395 0.006578769447707012
0.00682898410741395 0.006616445134007752
0.00682898410741395 0.006503519687072564
0.00682898410741395 0.006586136185996153
0.00682898410741395 0.006536185842400892
0.00682898410741395 0.006549186850726536
0.00682898410741395 0.006647030832527881
0.00682898410741395 0.006488391918562152
0.00682898410741395 0.0065006263912517495
0.00682898410741395 0.006482987990518711
0.00682898410741395 0.006465433492707598
0.00682898410741395 0.006536902233976405
0.00682898410741395 0.006589403328833407
0.00682898410741395 0.0064595012481432615
0.00682898410741395 0.006624627287420656
0.00682898410741395 0.006477555218569508
0.00682898410741395 0.006596766610803593
0.00682898410741395 0.006490751001036693
0.00682898410741395 0.00652187497953211
0.00682898410741395 0.006552969591053857
0.00682898410741395 0.006560806176040969
0.00682898410741395 0.006669729480168096
0.00682898410741395 0.006380378251555848
0.00682898410741395 0.0065445454730623746
0.00682898410741395 0.006510766556291178
0.00682898410741395 0.006446515366672682
0.00682898410741395 0.006554895639978931
0.00682898410741395 0.006488404199604042
0.00682898410741395 0.00637821775424055
0.00682898410741395 0.006481031508086491
0.00682898410741395 0.006324387396359761
0.00682898410741395 0.006617143963577109
0.00682898410741395 0.006450577835110668
0.00682898410741395 0.0064962314802836174
0.00682898410741395 0.006489950067012235
0.00682898410741395 0.0065741465136436
0.00682898410741395 0.006526182026551307
0.00682898410741395 0.0064150838393143275
0.00682898410741395 0.006272505290684801
0.00682898410741395 0.00649959561151337
0.00682898410741395 0.006591229651794797
0.00682898410741395 0.006543616688124764
0.00682898410741395 0.006519009455755962
0.00682898410741395 0.006566795515237574
0.00682898410741395 0.00647940571943964
0.00682898410741395 0.006426118784024253
0.00682898410741395 0.00649062446749963
0.008596306139458974 0.006456286463270438
0.008596306139458974 0.006637442440112044
0.008596306139458974 0.006505334059985495
0.008596306139458974 0.006548017463370772
0.008596306139458974 0.006498604171920186
0.008596306139458974 0.0067290748075656305
0.008596306139458974 0.006408469328951838
0.008596306139458974 0.0064917167415858125
0.008596306139458974 0.006991565582493357
0.008596306139458974 0.007746690134167983
0.008596306139458974 0.007936896851864784
0.008596306139458974 0.00827502323368012
0.008596306139458974 0.008059823904909572
0.008596306139458974 0.008374881215837661
0.008596306139458974 0.008239329564677642
0.008596306139458974 0.008464843821253048
0.008596306139458974 0.008161475402437588
0.008596306139458974 0.00820612004120544
0.008596306139458974 0.008174893538479128
0.008596306139458974 0.008237984138794188
0.008596306139458974 0.008424298917798369
0.008596306139458974 0.008231507276432059
0.008596306139458974 0.008406867466814395
0.008596306139458974 0.008385918874473049
0.008596306139458974 0.008088410131688298
0.008596306139458974 0.008131800831187636
0.008596306139458974 0.008353390013763576
0.008596306139458974 0.008317900559145887
0.008596306139458974 0.008097180393294285
0.008596306139458974 0.008317471290975223
0.008596306139458974 0.008217198687402599
0.008596306139458974 0.008430297362522808
0.008596306139458974 0.008290260336677364
0.008596306139458974 0.00814043717635314
0.008596306139458974 0.00827060772041131
0.008596306139458974 0.008394661955304878
0.008596306139458974 0.008236623658620955
0.008596306139458974 0.008272013518934493
0.008596306139458974 0.008431489530452172
0.008596306139458974 0.00828610544660338
0.008596306139458974 0.008041949711394346
0.008596306139458974 0.008284970163052774
0.008596306139458974 0.008293519024739687
0.008596306139458974 0.008325846394968353
0.008596306139458974 0.008152359561616586
0.008596306139458974 0.008333196250171912
0.008596306139458974 0.00818252780285366
0.008596306139458974 0.008458622134210033
0.008596306139458974 0.008459093168727286
0.008596306139458974 0.008280366590105066
0.008596306139458974 0.008345733964019098
0.008596306139458974 0.008256944482403834
0.008596306139458974 0.008277586086394449
0.008596306139458974 0.008417304022025748
0.008596306139458974 0.008274928517635399
0.008596306139458974 0.008394305753187963
0.008596306139458974 0.008204158102119937
0.008596306139458974 0.008229628553976328
0.008596306139458974 0.008350930745644646
0.008596306139458974 0.00813276378091602
0.008596306139458974 0.008147530485043346
0.008596306139458974 0.008418705801313956
0.008596306139458974 0.008157880986995446
0.008596306139458974 0.008307963817404665
0.008596306139458974 0.008003227961119429
0.008596306139458974 0.007909116769792024
0.008596306139458974 0.008077404958721444
0.008596306139458974 0.008274586708380834
