6.395621776797932E-4 3.2540309459545033E-4
6.492471766410919E-4 3.7037575995615697E-4
6.930032630752238E-4 4.1783296573266585E-4
0.0010150735388063507 4.6391516287085593E-4
0.0010150735388063507 4.855521910094243E-4
0.0010150735388063507 5.309461388244441E-4
0.0011002129130225752 6.081092639363582E-4
0.0011002129130225752 7.163214545319849E-4
0.0012136271878471128 8.204485651024815E-4
0.0016320292194860159 9.25709926442216E-4
0.0016460098224180795 9.961391577649567E-4
0.0021896643611256706 0.001034092105577302
0.0021896643611256706 0.0010796929909166002
0.0021896643611256706 0.001277249203642332
0.0022324197120719394 0.0013434756885605601
0.002390123383478274 0.0014514343145556005
0.0025800879773398024 0.0016028206201292208
0.003444137556641416 0.0017058448799812662
0.003444137556641416 0.001760438434769045
0.004069556217296891 0.0019857232509009766
0.004069556217296891 0.0021411131129914465
0.004811747304445212 0.002381417124200967
0.004811747304445212 0.0027796733898595265
0.004832265088307095 0.003018184407114028
0.007129813915315032 0.003163180315256263
0.007129813915315032 0.003547607696141094
0.007129813915315032 0.003723286575925118
0.007129813915315032 0.0040398335319102195
0.007129813915315032 0.004658018317245766
0.007129813915315032 0.005076415644132574
0.007129813915315032 0.0056603198918938665
0.007129813915315032 0.005729989190734616
0.007129813915315032 0.006398401657507412
0.007129813915315032 0.006176785686230563
0.007129813915315032 0.006255377789331865
0.007129813915315032 0.006458500006835765
0.007129813915315032 0.006286122211368037
0.007129813915315032 0.00634150768146701
0.008104379412154446 0.006098614846423849
0.008104379412154446 0.0062212184073799325
0.008104379412154446 0.006351000401372364
0.008104379412154446 0.006516528244959236
0.008104379412154446 0.006471397630321031
0.008104379412154446 0.006187840317890163
0.008104379412154446 0.006267638530805761
0.008104379412154446 0.006723863414279025
0.008104379412154446 0.007100726952525726
0.008104379412154446 0.007520138021320884
0.008104379412154446 0.00701229847286916
0.008104379412154446 0.007322362551824282
0.008104379412154446 0.007625147492160997
0.008104379412154446 0.0074285951141749105
0.008104379412154446 0.0071502828861647405
0.008104379412154446 0.0072147118235346966
0.008104379412154446 0.007211400487236074
0.008104379412154446 0.006882104873443474
0.008104379412154446 0.007208014708803782
0.008104379412154446 0.007000968842723973
0.008104379412154446 0.007141559328107905
0.008104379412154446 0.007402414005943358
0.008104379412154446 0.007450042079878771
0.008104379412154446 0.006989609296607834
0.008104379412154446 0.007419908787510459
0.008104379412154446 0.007253697472005318
0.008104379412154446 0.007116076555484432
0.008104379412154446 0.007130590968522733
0.008104379412154446 0.006882509977243676
0.008104379412154446 0.007483540538613427
0.008104379412154446 0.007408286309597746
0.008104379412154446 0.00732655073924653
0.008104379412154446 0.0068518393745399045
0.008104379412154446 0.006822610864203972
0.008104379412154446 0.007248654691914913
0.008104379412154446 0.006782963892476977
0.008104379412154446 0.007041425663586667
0.008104379412154446 0.00696929453771791
0.008104379412154446 0.007504134731879185
0.008104379412154446 0.00717916046964017
0.008104379412154446 0.00703089939443712
0.008104379412154446 0.00695591435538244
0.008104379412154446 0.007319626049033384
0.008104379412154446 0.006721756580434839
0.008104379412154446 0.007158499826052242
0.008104379412154446 0.007137277561077455
0.008104379412154446 0.007569365064446281
0.008104379412154446 0.006920743991427656
0.008104379412154446 0.007194550590138112
0.008104379412154446 0.0066354087965611605
0.008104379412154446 0.007544004616828835
0.008104379412154446 0.006985940381827047
0.008104379412154446 0.007068205860415405
0.008104379412154446 0.007315780452887159
0.008104379412154446 0.007421481750293368
0.008104379412154446 0.007002842880775124
0.008104379412154446 0.0072857805399233685
0.008104379412154446 0.0072050849323895445
0.008104379412154446 0.007212514133177107
0.008104379412154446 0.006917455547721314
0.008104379412154446 0.007252984855592905
0.008104379412154446 0.007310588537416265
0.008104379412154446 0.007457351911581431
0.008104379412154446 0.007173065318450466
0.008104379412154446 0.0071339224657381494
0.008104379412154446 0.007444950230750717
0.008104379412154446 0.007459590108059838
0.008104379412154446 0.007395066352392566
0.008104379412154446 0.00746366034664211
0.008104379412154446 0.007428485401456365
0.008104379412154446 0.007232685573358135
0.008104379412154446 0.00711156108894915
0.008104379412154446 0.0074127924318795725
0.008104379412154446 0.007329657934616618
0.008104379412154446 0.007623700297941857
0.008104379412154446 0.007156131021976234
0.008104379412154446 0.0072357958761457685
0.008104379412154446 0.006992103829395638
0.008104379412154446 0.007323484856297777
0.008104379412154446 0.007223270986405008
0.008104379412154446 0.007050929758405476
0.008104379412154446 0.006639496922390746
0.008104379412154446 0.0071764488915955936
0.008104379412154446 0.007209414688931472
0.008104379412154446 0.007358500103124233
0.008104379412154446 0.007135094769864162
0.008104379412154446 0.007167140661387635
0.008104379412154446 0.0073202722646808025
0.008104379412154446 0.007321165849915167
0.008104379412154446 0.007028721542774234
0.008104379412154446 0.007358549944681685
0.008104379412154446 0.007447540079445398
0.008104379412154446 0.00756514657376993
0.008104379412154446 0.007071585420356415
0.008104379412154446 0.007140252507588869
0.008104379412154446 0.00740159111662397
0.008104379412154446 0.0075028248310982475
0.008104379412154446 0.007143694819608625
0.008104379412154446 0.006984696436938779
0.008104379412154446 0.007094483462611976
0.008104379412154446 0.007501818332416365
0.008104379412154446 0.0070314659339744566
0.008104379412154446 0.007128589764208147
0.008104379412154446 0.006880526674842461
0.008104379412154446 0.00732477983386383
0.008104379412154446 0.006884738815095089
0.008104379412154446 0.0073962871046790776
0.008104379412154446 0.007035064015864605
0.008104379412154446 0.007202427264277639
0.008104379412154446 0.0071328658557300775
0.008104379412154446 0.007169379497381846
0.008104379412154446 0.007398639675627805
0.008104379412154446 0.007154523051857696
0.008104379412154446 0.007014338297370637
0.008104379412154446 0.007060093485638432
0.008104379412154446 0.007125024692471266
0.008104379412154446 0.007455714708992054
0.008622113691664803 0.007239091786922614
0.008622113691664803 0.007329078615462903
0.008622113691664803 0.00719065431975078
0.008622113691664803 0.007028819492513507
0.008622113691664803 0.007593822821142626
0.008622113691664803 0.007503655091385631
0.008622113691664803 0.007658525125999225
0.008622113691664803 0.007777863652489709
0.008622113691664803 0.007666565006697277
0.008622113691664803 0.007910560173969901
0.008622113691664803 0.007814827916985696
0.008622113691664803 0.007537126339922303
0.008622113691664803 0.007175172736951714
0.008622113691664803 0.00790315528290909
0.008622113691664803 0.00774177299428816
0.008622113691664803 0.0076029869659169315
0.008622113691664803 0.007619457441834387
0.008622113691664803 0.00791675187707959
0.008622113691664803 0.007503718828410349
0.008622113691664803 0.007773238908377348
0.008622113691664803 0.007767464822373277
0.008622113691664803 0.007461933924170224
0.008622113691664803 0.007545469019415985
0.008622113691664803 0.0070790890709560095
0.008622113691664803 0.007541438592046268
0.008622113691664803 0.007746430042964324
0.008622113691664803 0.007937191886921921
0.008622113691664803 0.007932298586650314
0.008622113691664803 0.007267844595734247
0.008622113691664803 0.00788266899782941
0.008622113691664803 0.007927158692071005
0.008622113691664803 0.007917871892426738
0.008622113691664803 0.00781515970583339
0.008622113691664803 0.0075261209808326745
0.008622113691664803 0.007264448386702838
0.008622113691664803 0.00752924311595406
0.008622113691664803 0.007799995476430974
0.008622113691664803 0.007692124904998445
0.008622113691664803 0.0077549249013227186
0.008622113691664803 0.007795804210993787
0.008622113691664803 0.007740256696517609
0.008622113691664803 0.007933729537077681
0.008622113691664803 0.007702729221937681
0.008622113691664803 0.007589273173067421
0.008622113691664803 0.007626990311698082
