7236.0 11353.77
5921.0 10245.125
5921.0 8979.05
3667.0 8450.31
3387.0 7770.63
3419.0 6749.7
2716.0 6598.105
2102.0 5828.645
2378.0 5292.375
2378.0 4844.185
1464.0 3942.5
1770.0 3513.41
1436.0 3050.65
1268.0 2481.065
1268.0 2331.77
1268.0 2337.7
1061.0 2181.87
1061.0 2101.925
1061.0 1999.965
1061.0 2002.315
884.0 1858.395
884.0 2012.435
628.0 2044.335
503.0 1710.415
503.0 1523.45
503.0 1385.935
503.0 1136.515
503.0 1123.045
607.0 929.42
503.0 972.96
503.0 1088.545
503.0 831.965
503.0 870.245
415.0 780.18
415.0 903.885
415.0 900.565
415.0 886.73
415.0 832.08
415.0 905.86
415.0 947.885
415.0 905.88
415.0 794.84
415.0 641.755
415.0 803.565
415.0 772.87
415.0 640.12
415.0 698.53
415.0 705.6
415.0 702.19
415.0 741.525
415.0 705.35
415.0 674.205
415.0 648.495
415.0 639.215
415.0 639.5
415.0 766.13
415.0 704.41
415.0 660.34
415.0 594.48
415.0 607.465
415.0 624.945
415.0 656.48
415.0 683.815
415.0 683.555
415.0 631.64
415.0 683.81
415.0 701.93
415.0 643.48
415.0 638.46
415.0 738.705
415.0 564.385
415.0 688.42
415.0 639.84
415.0 666.11
415.0 775.035
415.0 612.335
415.0 702.255
415.0 674.945
415.0 673.12
415.0 682.235
415.0 707.885
415.0 748.71
415.0 668.925
415.0 674.015
415.0 665.65
415.0 736.61
415.0 687.355
415.0 646.76
415.0 776.485
391.0 667.79
391.0 670.06
391.0 570.63
391.0 580.7
391.0 639.065
391.0 652.745
391.0 666.12
391.0 708.035
391.0 682.6
391.0 593.015
391.0 793.795
391.0 693.295
391.0 689.445
391.0 699.87
391.0 717.91
391.0 747.23
391.0 676.83
391.0 556.945
391.0 639.26
391.0 583.25
391.0 690.485
391.0 656.39
391.0 702.345
391.0 649.07
391.0 708.455
391.0 678.235
391.0 789.345
391.0 567.56
391.0 607.0
391.0 613.36
391.0 643.56
391.0 663.115
391.0 553.575
391.0 606.095
391.0 601.895
391.0 682.215
391.0 614.72
391.0 624.5
391.0 660.4
391.0 644.24
391.0 741.31
391.0 627.075
391.0 633.155
391.0 588.75
391.0 675.275
391.0 594.145
391.0 689.845
391.0 743.015
391.0 645.115
391.0 573.6
391.0 569.01
391.0 634.04
391.0 640.265
391.0 652.19
391.0 604.325
391.0 620.555
391.0 630.11
391.0 683.84
391.0 676.77
391.0 607.92
391.0 590.105
391.0 617.43
391.0 589.495
391.0 648.575
391.0 641.38
391.0 627.965
391.0 641.725
391.0 774.39
391.0 701.48
391.0 661.74
391.0 769.775
391.0 739.575
391.0 653.485
391.0 657.08
391.0 641.205
391.0 679.51
391.0 624.07
391.0 621.72
391.0 743.08
391.0 510.365
391.0 622.245
391.0 624.815
391.0 817.35
391.0 782.645
391.0 647.145
391.0 709.415
391.0 582.22
391.0 703.14
391.0 639.34
391.0 605.38
391.0 636.765
391.0 667.91
391.0 593.37
391.0 686.515
391.0 706.96
391.0 659.08
391.0 644.255
391.0 684.5
391.0 664.59
391.0 719.02
391.0 740.6
391.0 673.08
391.0 686.935
391.0 662.56
391.0 650.325
391.0 596.17
391.0 619.93
391.0 775.295
391.0 642.93
391.0 638.88
391.0 597.635
