3812.0 10951.365
3573.0 9657.875
3573.0 8486.37
3573.0 8231.76
3193.0 7378.26
3193.0 6754.665
3261.0 6111.895
1611.0 5512.905
1611.0 4793.445
1611.0 4066.875
1179.0 2831.245
1013.0 2456.54
1013.0 2236.195
1013.0 2204.35
789.0 2033.395
789.0 1983.695
697.0 1790.775
697.0 1729.69
697.0 1589.1
731.0 1423.815
600.0 1255.025
600.0 1167.66
600.0 1120.005
600.0 1124.565
600.0 1101.36
600.0 1110.32
600.0 1127.54
600.0 990.365
600.0 936.58
563.0 973.7
563.0 933.45
563.0 865.98
563.0 781.64
563.0 948.325
563.0 1086.11
563.0 946.985
563.0 912.59
563.0 883.635
563.0 1020.71
563.0 869.33
477.0 851.495
477.0 812.745
477.0 917.61
477.0 937.355
477.0 1053.18
477.0 1035.8
477.0 946.73
477.0 1014.35
477.0 1105.035
477.0 872.5
477.0 856.16
477.0 976.285
477.0 1015.775
477.0 944.325
477.0 850.21
477.0 1002.32
477.0 970.86
477.0 783.97
477.0 818.12
477.0 890.795
477.0 972.745
477.0 849.585
477.0 862.775
477.0 748.865
477.0 880.85
477.0 971.905
477.0 927.01
477.0 910.97
477.0 895.275
477.0 764.145
477.0 837.445
477.0 674.55
477.0 678.685
477.0 811.195
477.0 759.25
477.0 821.35
477.0 706.295
477.0 852.645
477.0 748.51
477.0 791.27
477.0 848.045
477.0 737.935
477.0 674.645
477.0 701.0
477.0 841.76
477.0 822.205
477.0 765.13
477.0 729.41
477.0 850.825
477.0 860.965
477.0 827.02
477.0 745.05
477.0 759.34
477.0 837.56
477.0 874.685
477.0 790.75
477.0 778.345
477.0 816.195
477.0 840.785
477.0 716.975
477.0 662.995
477.0 879.085
477.0 755.695
477.0 767.62
415.0 894.29
415.0 767.34
415.0 803.015
415.0 694.19
415.0 764.195
415.0 725.355
415.0 708.135
415.0 725.925
415.0 727.345
415.0 616.37
415.0 621.865
415.0 596.995
415.0 716.29
415.0 725.355
415.0 666.125
415.0 671.895
415.0 772.1
415.0 589.675
415.0 713.39
415.0 736.545
415.0 667.565
415.0 770.73
415.0 645.11
415.0 685.88
415.0 671.505
415.0 737.91
415.0 637.2
415.0 641.1
415.0 730.37
415.0 621.755
415.0 712.43
415.0 634.43
415.0 666.94
415.0 751.9
415.0 691.02
415.0 663.32
415.0 744.705
415.0 727.36
415.0 593.175
415.0 733.02
415.0 744.875
415.0 749.815
415.0 675.09
415.0 660.84
415.0 664.065
415.0 794.595
415.0 657.055
415.0 759.975
415.0 622.05
415.0 616.795
415.0 573.74
415.0 664.74
407.0 697.35
407.0 778.07
407.0 653.425
407.0 725.23
407.0 720.0
407.0 732.54
407.0 747.655
407.0 810.03
407.0 855.36
407.0 853.835
407.0 729.495
407.0 709.495
407.0 844.98
407.0 680.84
407.0 684.995
407.0 734.815
407.0 748.88
407.0 806.85
407.0 844.48
407.0 804.585
407.0 734.275
407.0 755.265
407.0 656.17
407.0 713.97
407.0 612.94
407.0 706.845
407.0 775.21
407.0 680.505
407.0 623.93
407.0 706.41
407.0 627.67
407.0 684.385
407.0 743.895
407.0 753.79
407.0 697.72
407.0 619.88
407.0 619.84
407.0 746.41
407.0 723.58
407.0 548.25
407.0 638.24
407.0 725.305
407.0 694.04
300.0 553.35
