6.056456884014343E-4 3.1057059714412167E-4
6.210276689168145E-4 3.613518620516331E-4
7.835597233345748E-4 3.978121493185981E-4
7.835597233345748E-4 4.311330495802595E-4
7.835597233345748E-4 4.654728023442463E-4
9.688411503107544E-4 5.002120134780516E-4
9.688411503107544E-4 5.560896556958418E-4
0.001032292351179872 5.875352172855279E-4
0.001133939425503381 6.521931466081364E-4
0.0013391616148558819 7.296467129659434E-4
0.001654576259912317 7.943799109502534E-4
0.001654576259912317 8.26941381097806E-4
0.0017135165529532893 8.919262779135368E-4
0.0017135165529532893 9.975234729699706E-4
0.0017135165529532893 0.0010333434776839108
0.001873477686038967 0.0011256111542996628
0.001873477686038967 0.0011895615163504468
0.001873477686038967 0.0012355642240074619
0.001873477686038967 0.0013401900872669211
0.0022321440928734803 0.0013774418270795328
0.0024608373990936973 0.001461546359180124
0.0024608373990936973 0.0014744092221159856
0.002621058148730643 0.0015405953022040926
0.0032728904344397395 0.001646394448702263
0.003326747961798139 0.0017695032072405615
0.004634953063226724 0.0019269784684444275
0.004634953063226724 0.0020035043605072535
0.004634953063226724 0.00211643675901119
0.004634953063226724 0.002758029084933771
0.005057404209902956 0.0032790983926398874
0.005057404209902956 0.0032206333653662204
0.005057404209902956 0.0036644339867459635
0.005057404209902956 0.0037357529951850066
0.0068355043726906345 0.003687771913266544
0.0068355043726906345 0.004216825375783485
0.0068355043726906345 0.004159090708628893
0.0068355043726906345 0.004544170346077012
0.0068355043726906345 0.004857302525589807
0.0068355043726906345 0.005446564876150245
0.0068355043726906345 0.0059081914489254915
0.0068355043726906345 0.005744015191398987
0.0068355043726906345 0.005847911320073068
0.0068355043726906345 0.00582859902865876
0.0068355043726906345 0.005625695082791871
0.0068355043726906345 0.006078952423114755
0.0068355043726906345 0.005901016105052433
0.0068355043726906345 0.00611680456933405
0.0068355043726906345 0.006009258890463488
0.0068355043726906345 0.005903191166556233
0.0068355043726906345 0.005940341562984219
0.0068355043726906345 0.006133671317160828
0.0068355043726906345 0.006100878749461494
0.0068355043726906345 0.006175515194935667
0.0068355043726906345 0.005659521201010427
0.0068355043726906345 0.005923113502704825
0.0068355043726906345 0.00616190386438646
0.0068355043726906345 0.006274460176653629
0.0068355043726906345 0.005920489684700202
0.0068355043726906345 0.005724711187860618
0.0068355043726906345 0.006172550390034847
0.0068355043726906345 0.005973301907753387
0.0068355043726906345 0.00612951697723185
0.0068355043726906345 0.005934660545299731
0.0068355043726906345 0.005996500987773926
0.0068355043726906345 0.005896970950002067
0.0068355043726906345 0.00594960773022247
0.0068355043726906345 0.006101824099038932
0.0068355043726906345 0.006002196966113867
0.0068355043726906345 0.005888862252817417
0.0068355043726906345 0.005561526825562549
0.0068355043726906345 0.005870800585706957
0.0068355043726906345 0.005754732383315087
0.0068355043726906345 0.005993898558572491
0.0068355043726906345 0.005894417038023664
0.0068355043726906345 0.006075114032106622
0.0068355043726906345 0.00610131286939451
0.0068355043726906345 0.00592346613804345
0.0068355043726906345 0.006254052036595764
0.0068355043726906345 0.005965877908434405
0.0068355043726906345 0.005844698813913017
0.0068355043726906345 0.00584727315665807
0.0068355043726906345 0.005881448069551712
0.0068355043726906345 0.005964502048111414
0.0068355043726906345 0.006089826194370418
0.0068355043726906345 0.006032917896825193
0.0068355043726906345 0.005874060023577411
0.0068355043726906345 0.005839450971244201
0.0068355043726906345 0.006184216024447926
0.0068355043726906345 0.006364273094542549
0.0068355043726906345 0.006184492526159991
0.0068355043726906345 0.006058314615538664
0.0068355043726906345 0.006066121479998599
0.0068355043726906345 0.005991978046384918
0.0068355043726906345 0.006001635000324427
0.0068355043726906345 0.006065936860361023
0.0068355043726906345 0.005957231534118298
0.0068355043726906345 0.0058849302167346094
0.0068355043726906345 0.0060564356722748935
0.0068355043726906345 0.005954321046551149
0.0068355043726906345 0.005903702819444849
0.0068355043726906345 0.006027095806234051
0.0068355043726906345 0.005934910887526544
0.0068355043726906345 0.005752361475721874
0.0068355043726906345 0.005294559502107617
0.0068355043726906345 0.005913347327754771
0.0068355043726906345 0.006066750929551505
0.0068355043726906345 0.00589461662842338
0.0068355043726906345 0.005629720456465817
0.0068355043726906345 0.00588223780941078
0.006922851626837911 0.006063905421347762
0.006922851626837911 0.005825217889996858
0.006922851626837911 0.005687028226539093
0.006922851626837911 0.005853660404273736
0.006922851626837911 0.005762886263648752
0.006922851626837911 0.005736307288547643
0.006922851626837911 0.006204747943523511
0.006922851626837911 0.005998820076898111
0.006922851626837911 0.006069487917691412
0.006922851626837911 0.005719403999264101
0.006922851626837911 0.005967091488012332
0.006922851626837911 0.005995245498290908
0.006922851626837911 0.005926562501844503
0.006922851626837911 0.006228949164169579
0.006922851626837911 0.006071747919417173
0.006922851626837911 0.006134907318484693
0.006922851626837911 0.005982946892543643
0.006922851626837911 0.006156842597338671
0.006922851626837911 0.00596734062999761
0.006922851626837911 0.005854551555983078
0.006922851626837911 0.006086648751035087
0.006922851626837911 0.005957664380950737
0.006922851626837911 0.005745858682690157
0.006922851626837911 0.005966395281819221
0.006922851626837911 0.005554281618139804
0.006922851626837911 0.00599963508984751
0.006922851626837911 0.006190297565783736
0.006922851626837911 0.0062571766099353745
0.006922851626837911 0.006299166911946118
0.006922851626837911 0.0060275790248462335
0.006922851626837911 0.006290027288571332
0.006922851626837911 0.005796908670882544
0.006922851626837911 0.006207574600314867
0.006922851626837911 0.0061346436328627175
0.006922851626837911 0.006223103384893553
0.006922851626837911 0.00608112780071648
0.006922851626837911 0.006406128460362423
0.006922851626837911 0.005865989411659247
0.006922851626837911 0.005987325223405806
0.006922851626837911 0.006069965079797831
0.006922851626837911 0.006108344579366459
0.006922851626837911 0.006212722963288258
0.006922851626837911 0.006022900047408919
0.006922851626837911 0.00594206430692951
0.006922851626837911 0.006167235340342391
0.006922851626837911 0.006271470230172156
0.006922851626837911 0.005950501093141876
0.006922851626837911 0.005793248504140283
0.006922851626837911 0.006162266789558586
0.006922851626837911 0.006064590574750917
0.006922851626837911 0.005821111793282
0.006922851626837911 0.0062349037082574735
0.006922851626837911 0.00631107040926906
0.006922851626837911 0.0060451638338761635
0.006922851626837911 0.006227153411924379
0.006922851626837911 0.006416025797478382
0.006922851626837911 0.005825163154275463
0.006922851626837911 0.005843706638597795
0.006922851626837911 0.005872509861919579
0.006922851626837911 0.006009959894989213
0.006922851626837911 0.005988590182573013
0.006922851626837911 0.0059294276512407386
0.006922851626837911 0.00581880745752698
0.006922851626837911 0.006251880853943386
0.006922851626837911 0.005951783128756118
0.006922851626837911 0.006082671824310545
0.006922851626837911 0.00562193165561892
0.006922851626837911 0.005950906069729794
0.006922851626837911 0.005530986457157046
0.006922851626837911 0.006147562845399606
0.006922851626837911 0.006365014181373055
0.006922851626837911 0.006223394321447275
0.006922851626837911 0.0062089569851790875
0.006922851626837911 0.005991340123437456
0.006922851626837911 0.006363747775092423
0.006922851626837911 0.0065147388475739225
0.006922851626837911 0.005825800913962145
0.007163067311654222 0.005998460566710281
0.007163067311654222 0.006065463864749967
0.007163067311654222 0.0060609528146281086
0.007163067311654222 0.005895678403646461
0.007163067311654222 0.005664489176664226
0.007163067311654222 0.00608085335258722
0.007163067311654222 0.006184332898285508
0.007163067311654222 0.006081889364009884
0.007163067311654222 0.005928373555461664
0.007163067311654222 0.005977672336109618
0.007163067311654222 0.0061830354329610445
0.007163067311654222 0.006047994103357589
0.007163067311654222 0.006406735126054208
0.007163067311654222 0.005986105610078813
