3568.0 10517.255
3568.0 9007.01
3568.0 8190.125
3929.0 8042.3
3253.0 8116.865
3253.0 7208.19
2605.0 6649.715
2605.0 6711.5
2079.0 5462.105
2512.0 4621.135
2512.0 4253.955
2324.0 3906.655
1784.0 3704.065
1784.0 3534.355
1266.0 3586.97
1266.0 3242.175
1116.0 2887.955
1108.0 2450.435
1108.0 2309.695
1108.0 2417.945
926.0 2201.455
926.0 1955.745
926.0 2015.465
926.0 2010.125
926.0 1800.395
926.0 1822.315
858.0 1856.38
929.0 1763.66
929.0 1735.535
929.0 1769.345
929.0 1693.29
929.0 1709.855
929.0 1536.76
762.0 1456.06
924.0 1490.675
924.0 1627.16
924.0 1401.205
924.0 1430.46
924.0 1476.95
924.0 1421.32
924.0 1326.935
924.0 1377.035
924.0 1263.22
659.0 1364.23
659.0 1234.42
659.0 1250.945
659.0 1360.065
659.0 1333.085
659.0 1192.545
659.0 1200.25
780.0 1254.12
780.0 1318.605
780.0 1244.14
780.0 1184.11
780.0 1168.5
627.0 1328.17
627.0 1200.145
627.0 1240.045
627.0 1120.52
627.0 1163.055
627.0 1087.3
535.0 1124.18
504.0 1057.59
504.0 952.74
504.0 864.55
504.0 924.585
504.0 888.715
504.0 962.505
504.0 808.835
504.0 690.605
504.0 827.345
504.0 864.655
504.0 959.745
504.0 779.28
504.0 751.51
504.0 720.305
504.0 805.49
504.0 850.04
504.0 827.655
504.0 840.225
504.0 800.13
504.0 768.935
504.0 885.88
472.0 799.49
472.0 772.525
472.0 700.27
472.0 728.375
472.0 872.07
472.0 822.205
472.0 761.245
472.0 727.77
472.0 749.78
472.0 673.01
472.0 852.705
472.0 757.8
472.0 780.27
472.0 747.48
472.0 631.54
472.0 835.37
472.0 743.785
472.0 769.325
472.0 737.085
472.0 794.77
472.0 777.815
472.0 643.05
472.0 722.365
472.0 725.465
472.0 847.885
472.0 677.835
472.0 669.175
472.0 744.365
216.0 704.54
216.0 669.305
216.0 577.875
216.0 540.055
216.0 460.505
216.0 436.065
216.0 433.485
216.0 485.505
216.0 387.935
216.0 323.42
216.0 431.515
216.0 411.115
216.0 372.68
216.0 305.21
216.0 351.445
216.0 432.48
216.0 405.125
216.0 471.96
216.0 492.95
216.0 364.35
216.0 404.005
216.0 372.775
216.0 340.76
216.0 379.215
216.0 394.33
216.0 396.485
216.0 412.305
216.0 454.32
216.0 424.165
216.0 383.085
216.0 470.29
216.0 352.5
216.0 413.255
216.0 410.77
216.0 475.715
216.0 331.52
216.0 359.27
216.0 344.655
216.0 346.015
216.0 350.395
216.0 435.1
216.0 418.215
216.0 323.55
216.0 428.29
216.0 401.855
216.0 446.975
216.0 408.945
216.0 332.45
216.0 372.59
216.0 392.795
216.0 358.965
216.0 467.23
216.0 386.185
216.0 400.68
216.0 454.2
216.0 464.695
216.0 377.59
216.0 464.335
216.0 330.16
216.0 411.16
216.0 491.37
216.0 401.975
216.0 385.72
216.0 368.32
216.0 462.705
216.0 351.64
216.0 349.515
216.0 469.475
216.0 335.065
216.0 434.205
216.0 497.155
216.0 366.205
216.0 338.37
216.0 380.77
216.0 343.885
216.0 443.71
216.0 378.43
216.0 330.29
216.0 377.525
216.0 445.39
216.0 413.24
216.0 434.565
216.0 506.16
216.0 369.005
216.0 467.005
216.0 372.36
216.0 535.02
216.0 376.195
216.0 342.055
