4050.0 10333.345
4050.0 8958.39
4050.0 7675.61
4050.0 7253.61
3531.0 6819.965
3341.0 5907.315
2260.0 5536.225
2260.0 5490.455
2260.0 4542.065
1503.0 3949.745
1391.0 3647.52
1391.0 3290.135
1391.0 3144.79
1338.0 2653.1
1338.0 2410.33
1338.0 2396.695
1139.0 2216.29
1139.0 2212.605
868.0 2038.645
868.0 1920.785
829.0 1900.455
829.0 1690.35
829.0 1794.165
529.0 1676.92
529.0 1559.64
529.0 1565.955
529.0 1482.845
529.0 1335.645
480.0 1343.08
480.0 1139.285
480.0 974.06
480.0 1048.97
480.0 903.355
480.0 908.885
480.0 859.74
480.0 848.97
480.0 815.93
480.0 898.315
480.0 861.615
480.0 878.105
480.0 810.875
480.0 738.4
480.0 834.965
480.0 822.66
480.0 845.77
480.0 802.12
440.0 782.535
440.0 766.695
440.0 857.06
440.0 873.245
440.0 817.195
440.0 908.605
440.0 838.11
393.0 825.105
393.0 691.02
393.0 786.315
393.0 764.175
393.0 944.955
393.0 793.195
393.0 760.305
393.0 596.495
393.0 847.835
393.0 782.45
393.0 760.64
393.0 802.13
393.0 760.66
393.0 801.285
393.0 896.1
393.0 717.44
393.0 938.485
393.0 726.425
393.0 787.76
393.0 829.975
393.0 649.64
393.0 726.245
393.0 698.255
393.0 807.32
393.0 662.855
393.0 705.045
393.0 657.57
393.0 748.535
383.0 679.28
383.0 776.73
383.0 683.59
383.0 613.26
383.0 719.42
383.0 672.985
383.0 911.065
383.0 767.345
383.0 751.92
383.0 710.685
383.0 666.86
383.0 679.115
383.0 806.815
383.0 726.35
383.0 711.99
381.0 662.685
381.0 710.945
381.0 689.855
381.0 610.625
381.0 665.575
381.0 643.175
381.0 845.875
381.0 691.53
381.0 721.455
381.0 814.29
381.0 675.605
381.0 670.67
381.0 662.925
381.0 745.305
381.0 813.06
381.0 683.9
381.0 725.38
381.0 668.725
381.0 690.735
381.0 774.74
381.0 697.06
381.0 741.67
381.0 705.61
381.0 638.725
381.0 741.15
381.0 655.13
381.0 637.69
381.0 659.25
381.0 751.245
381.0 702.955
381.0 719.985
381.0 605.63
381.0 660.315
381.0 585.77
381.0 658.505
381.0 763.905
381.0 617.53
381.0 615.415
381.0 765.59
381.0 713.65
381.0 665.415
381.0 652.005
381.0 793.425
381.0 688.69
381.0 608.07
381.0 574.895
381.0 749.89
381.0 722.08
381.0 729.885
381.0 564.085
381.0 607.62
381.0 683.8
381.0 615.69
381.0 745.625
381.0 692.28
381.0 634.925
381.0 618.51
381.0 591.125
381.0 671.29
381.0 635.71
381.0 620.285
381.0 717.845
381.0 587.92
381.0 633.435
381.0 698.085
381.0 745.01
381.0 742.46
381.0 679.015
381.0 781.22
381.0 554.525
381.0 784.15
381.0 602.095
381.0 655.285
381.0 589.54
381.0 617.055
381.0 628.7
381.0 657.225
381.0 704.755
381.0 723.67
381.0 566.595
381.0 669.925
381.0 602.7
381.0 635.625
381.0 692.54
381.0 832.715
381.0 776.56
381.0 623.375
381.0 556.555
381.0 620.79
381.0 542.955
381.0 761.06
381.0 663.56
381.0 597.39
381.0 567.095
381.0 688.19
381.0 773.855
381.0 669.495
381.0 679.735
381.0 769.8
381.0 609.105
381.0 569.78
374.0 691.615
374.0 580.485
374.0 677.25
