9.136537921262208E-4 3.338002726448892E-4
9.136537921262208E-4 3.8071674635688316E-4
9.136537921262208E-4 4.4249278044470686E-4
9.136537921262208E-4 5.256137841452011E-4
9.370438511972828E-4 5.350915588039235E-4
0.001145228710447549 5.86867800597242E-4
0.001145228710447549 6.693842347365483E-4
0.0013681035614351935 7.474230637549438E-4
0.001384467115307564 8.436184676706397E-4
0.00160701890214265 8.86150447807504E-4
0.00160701890214265 9.727172827864048E-4
0.001767314136728481 0.001051512326273074
0.00239731344572588 0.0012035876906844433
0.00239731344572588 0.0012251229798042169
0.00239731344572588 0.001267910502094822
0.0029850376844729907 0.0013999722695558201
0.0029850376844729907 0.001432608561613108
0.0029850376844729907 0.0014548770399003125
0.0029850376844729907 0.0014890801765311862
0.0029850376844729907 0.0017258038382565284
0.0033400449074283437 0.001777117296097814
0.0033400449074283437 0.001851879983293315
0.0033400449074283437 0.001864728947764131
0.0038526945408150176 0.0020920542317139496
0.0038526945408150176 0.0023529209864430836
0.0038526945408150176 0.0025863231476671057
0.0038526945408150176 0.002675708998956205
0.0038526945408150176 0.002899968981718756
0.0038526945408150176 0.0028802736465684954
0.005574455867917865 0.0029662458747519087
0.007371697182914642 0.003095935803674349
0.007371697182914642 0.003369909387855226
0.007371697182914642 0.003830048564351523
0.007371697182914642 0.003972564811093227
0.007371697182914642 0.004323262445521121
0.007371697182914642 0.004701981751297573
0.007371697182914642 0.004715129986314188
0.007371697182914642 0.004622437234332156
0.007371697182914642 0.005024254305418441
0.007371697182914642 0.005767139488908399
0.007371697182914642 0.006313277922188395
0.007371697182914642 0.006106358205025394
0.007371697182914642 0.0063170908029498
0.007371697182914642 0.006282867095360595
0.007371697182914642 0.006530573520132886
0.007371697182914642 0.006348735459737704
0.007371697182914642 0.006590471261670523
0.007371697182914642 0.006666939754024643
0.007371697182914642 0.006508161644932178
0.007371697182914642 0.006319324365197121
0.007371697182914642 0.006499755860714076
0.007371697182914642 0.006485952862874554
0.007371697182914642 0.006369141091721331
0.007371697182914642 0.006244839759264614
0.007371697182914642 0.0065102853295330235
0.007371697182914642 0.00660776029844841
0.007371697182914642 0.006300447143362627
0.007371697182914642 0.0063436156456019265
0.007371697182914642 0.006573659724728308
0.007371697182914642 0.0062995837132763955
0.007371697182914642 0.00648508604331902
0.007371697182914642 0.006237136438283946
0.007371697182914642 0.006444533258633907
0.007371697182914642 0.006330801982890355
0.007371697182914642 0.006304536796634595
0.007371697182914642 0.006389639297062077
0.007371697182914642 0.006206481850696832
0.007371697182914642 0.006208368196729688
0.007371697182914642 0.006517784275924394
0.007371697182914642 0.006660496859417341
0.007371697182914642 0.006468297384904297
0.007371697182914642 0.006185298813273375
0.007371697182914642 0.006258607631387343
0.007371697182914642 0.006638175385267127
0.007371697182914642 0.006437718040217139
0.007371697182914642 0.006559201959921618
0.007371697182914642 0.006287779830984216
0.007371697182914642 0.0065741028472918505
0.007371697182914642 0.00669418655829234
0.007371697182914642 0.005900850023770813
0.007371697182914642 0.006540282053296836
0.007371697182914642 0.0061956640363117176
0.007371697182914642 0.006486024816649521
0.007371697182914642 0.006471583606212029
0.007371697182914642 0.00645780156395957
0.007371697182914642 0.006407872775332831
0.007371697182914642 0.006626118322375532
0.007371697182914642 0.006655329808763785
0.007371697182914642 0.0064965707762867355
0.007371697182914642 0.006226752527788151
0.007371697182914642 0.006689227777825689
0.007371697182914642 0.006699788713161355
0.007371697182914642 0.006513981286253159
0.007371697182914642 0.006307962100859255
0.007371697182914642 0.006411516015035728
0.007371697182914642 0.006646428913165655
0.007371697182914642 0.006460133593872322
0.007371697182914642 0.00634648001862853
0.007371697182914642 0.006673575965498758
0.007371697182914642 0.006423529420140395
0.007371697182914642 0.006406196054752173
0.007371697182914642 0.006753075081253188
0.007371697182914642 0.00684953288079207
0.007371697182914642 0.006557638245746208
0.007371697182914642 0.0065026806845681065
0.007371697182914642 0.006306236577619289
0.007371697182914642 0.0063329587349409714
0.007371697182914642 0.006613959520537024
0.007371697182914642 0.006690836924825323
0.007371697182914642 0.006512641267898773
0.007371697182914642 0.006571055795261642
0.007371697182914642 0.006298159979841666
0.007371697182914642 0.006358361527442549
0.007371697182914642 0.006117307036228195
0.007371697182914642 0.0065121227644745015
0.007371697182914642 0.006560480571453217
0.007371697182914642 0.006605589497085816
0.007371697182914642 0.006727278833968304
0.007371697182914642 0.006380864178197692
0.008170475172249364 0.0068282986515218
0.008170475172249364 0.006520949214387487
0.008170475172249364 0.006760600527326395
0.008170475172249364 0.006389061968337548
0.008170475172249364 0.006488229507401058
0.008170475172249364 0.006628638333866899
0.008170475172249364 0.006685774558211538
0.008170475172249364 0.006814162815359517
0.008170475172249364 0.0067223798891176976
0.008170475172249364 0.006709501894206912
0.008170475172249364 0.0069242324519197115
0.008170475172249364 0.007055631966086437
0.008170475172249364 0.007157174021687905
0.008170475172249364 0.0074004368698319415
0.008170475172249364 0.0072850513971962315
0.008170475172249364 0.006915758423757635
0.008170475172249364 0.007599264663428429
0.008170475172249364 0.0073394479726345855
0.008170475172249364 0.007166914774349791
0.008170475172249364 0.007179540785907946
0.008170475172249364 0.007511955686433256
0.008170475172249364 0.007448452751291563
0.008170475172249364 0.007398970308312905
0.008170475172249364 0.007534566361406087
0.008170475172249364 0.007512060158565152
0.008170475172249364 0.007140818125098833
0.008170475172249364 0.007317002008514899
0.008170475172249364 0.007072311309932043
0.008170475172249364 0.0074785002251244355
0.008170475172249364 0.007277618932452056
0.009581486524534168 0.007330384853118509
0.009581486524534168 0.007261532669854099
0.009581486524534168 0.007426740923577181
0.009581486524534168 0.006813249485086524
0.009581486524534168 0.007408801484310633
0.009581486524534168 0.007302006373169946
0.009581486524534168 0.007584945539899615
0.009581486524534168 0.007532832673695141
0.009581486524534168 0.0077196017033373185
0.009581486524534168 0.007644104743843456
0.009581486524534168 0.008183715785580558
0.009581486524534168 0.008678328995931631
0.009581486524534168 0.008379820252362676
0.009581486524534168 0.008931389418797337
0.009581486524534168 0.008936925859925808
0.009581486524534168 0.008922292925761736
0.009581486524534168 0.008716093130403344
0.009581486524534168 0.008433222545111516
0.009581486524534168 0.008480632256435125
0.009581486524534168 0.008721390439177579
0.009581486524534168 0.008596999698524854
0.009581486524534168 0.008166664948517104
0.009581486524534168 0.008716816404466208
0.009581486524534168 0.008703506123541383
0.009581486524534168 0.008124102963527217
0.009581486524534168 0.008829851715105726
0.009581486524534168 0.008394578947387162
0.009581486524534168 0.008145742159135856
0.009581486524534168 0.008344012112559638
0.009581486524534168 0.008323794277179206
0.009581486524534168 0.00877840710689118
0.009581486524534168 0.008820794734802902
0.009581486524534168 0.008846315109299611
0.009581486524534168 0.008203935872534119
0.009581486524534168 0.00861128721140713
0.009581486524534168 0.00886458814363182
0.009581486524534168 0.008656304840829196
0.009581486524534168 0.008715005120248578
0.009581486524534168 0.008454595656289247
0.009581486524534168 0.008845547855067599
0.009581486524534168 0.008451211538346689
0.009581486524534168 0.00850821397944126
0.009581486524534168 0.008654930888758176
0.009581486524534168 0.008603027393913476
0.009581486524534168 0.008679519039392018
0.009581486524534168 0.008311523988416886
0.009581486524534168 0.008698080609564073
0.009581486524534168 0.008764490069718668
0.009581486524534168 0.008696835560266541
0.009581486524534168 0.008774220360482754
0.009581486524534168 0.008708392968199976
