5169.0 11086.52
4485.0 9825.005
4029.0 8772.115
3001.0 7986.255
2002.0 7186.61
2002.0 6770.395
2189.0 5663.45
2189.0 4566.175
1400.0 3802.195
1400.0 3371.765
1400.0 3011.06
1076.0 2665.85
1076.0 2571.485
678.0 2397.74
678.0 2234.525
678.0 1954.25
678.0 1883.09
678.0 1511.09
678.0 1359.93
678.0 1047.565
678.0 1061.79
549.0 1158.755
549.0 1037.86
549.0 1004.79
549.0 1050.255
549.0 1111.25
549.0 1089.75
549.0 1047.255
549.0 1125.26
549.0 962.73
549.0 1034.0
549.0 1017.6
537.0 920.375
537.0 940.085
537.0 1086.81
537.0 1040.59
537.0 1039.655
537.0 1001.52
537.0 917.505
537.0 778.675
467.0 1018.215
467.0 897.97
467.0 903.205
467.0 921.82
467.0 976.1
467.0 986.98
467.0 938.72
467.0 913.35
467.0 836.345
467.0 911.725
467.0 1021.2
467.0 785.725
467.0 750.225
467.0 762.875
467.0 896.81
467.0 840.525
430.0 702.31
430.0 780.53
430.0 870.05
430.0 927.34
430.0 853.605
430.0 906.895
430.0 758.565
430.0 913.105
430.0 894.03
430.0 930.995
430.0 813.615
430.0 772.525
430.0 851.24
395.0 787.545
395.0 931.155
395.0 771.665
395.0 721.455
395.0 820.675
395.0 726.48
395.0 706.905
395.0 851.405
395.0 828.605
395.0 792.655
395.0 778.105
395.0 751.87
395.0 654.37
395.0 795.74
395.0 722.87
395.0 644.72
395.0 755.245
395.0 787.14
395.0 668.785
395.0 632.255
395.0 728.225
395.0 773.8
395.0 732.28
395.0 814.84
395.0 758.24
395.0 658.035
395.0 652.86
395.0 774.965
395.0 805.34
395.0 703.65
395.0 684.54
395.0 814.735
395.0 842.785
395.0 743.94
395.0 677.945
395.0 666.21
395.0 802.64
395.0 742.36
395.0 724.94
395.0 707.235
395.0 803.1
395.0 804.825
395.0 702.185
395.0 696.48
395.0 644.48
395.0 716.14
395.0 672.455
395.0 812.475
395.0 849.95
395.0 686.095
395.0 701.71
395.0 688.085
395.0 679.41
395.0 643.915
395.0 623.77
395.0 853.79
395.0 877.965
395.0 700.455
395.0 835.655
395.0 708.545
395.0 753.66
395.0 677.975
395.0 717.43
395.0 802.52
395.0 759.385
395.0 663.905
395.0 668.135
395.0 708.755
395.0 587.105
395.0 654.305
395.0 698.715
395.0 550.585
395.0 620.95
395.0 728.11
395.0 889.24
395.0 658.04
395.0 623.925
395.0 672.74
395.0 781.205
395.0 688.44
395.0 642.51
395.0 703.335
395.0 743.645
395.0 695.295
395.0 747.125
315.0 680.96
315.0 734.335
315.0 726.755
315.0 731.95
315.0 633.935
315.0 612.8
315.0 606.45
315.0 698.28
315.0 761.665
315.0 607.095
315.0 609.77
315.0 586.67
315.0 611.835
315.0 625.13
315.0 657.895
315.0 588.98
315.0 594.58
315.0 612.6
315.0 632.07
315.0 591.73
315.0 545.785
315.0 757.165
315.0 614.865
315.0 540.885
315.0 612.32
315.0 661.12
315.0 706.065
315.0 670.23
315.0 621.14
315.0 577.46
315.0 583.82
315.0 605.22
315.0 728.025
315.0 637.425
315.0 582.72
315.0 596.455
315.0 650.215
315.0 545.55
315.0 672.65
315.0 691.83
315.0 581.245
315.0 619.18
315.0 563.265
315.0 775.77
315.0 623.2
315.0 616.545
