5.612976703832129E-4 3.01088387636829E-4
6.650154390169365E-4 3.455895517687753E-4
8.04581464644098E-4 4.021696553160455E-4
8.184594176993634E-4 4.453067018450037E-4
9.224143326715092E-4 4.962610797117459E-4
0.0011408556285346285 6.069667711053471E-4
0.0011408556285346285 6.5486131559515E-4
0.0011408556285346285 7.338210508862571E-4
0.0011670141356213504 7.594442889738716E-4
0.0012876931246782323 8.177966749381757E-4
0.0012876931246782323 8.426329501968837E-4
0.0014467792729080174 8.916539021926531E-4
0.0020180019458409283 9.900940202386176E-4
0.0020180019458409283 0.0011184285052804374
0.0022392549635853265 0.0012208537564145111
0.0022392549635853265 0.0013147574855130997
0.0022392549635853265 0.0013566117637995067
0.0022392549635853265 0.001432674329855109
0.002287454616635782 0.0014881042983816985
0.0028777961481237734 0.0015030288999321065
0.004259584940707817 0.0016804367498364278
0.005165278843841799 0.0018540702816176352
0.005165278843841799 0.0021166562803956544
0.005165278843841799 0.0028058518762901323
0.005165278843841799 0.0035743589347846786
0.005165278843841799 0.00383283155734485
0.005165278843841799 0.004074926288708775
0.005165278843841799 0.004267758958203165
0.005165278843841799 0.004390338650781406
0.005165278843841799 0.004465749245921542
0.005165278843841799 0.004179994682273104
0.005165278843841799 0.004101628212152586
0.006001488553764894 0.004085124881118136
0.006001488553764894 0.004306730536793552
0.006001488553764894 0.004299652549344408
0.006001488553764894 0.004258977225073721
0.006001488553764894 0.00408336706082312
0.006001488553764894 0.004429528223273197
0.006001488553764894 0.00437667278812893
0.006606263063726087 0.004538875015071539
0.006606263063726087 0.004602373447815352
0.006606263063726087 0.004950543132915228
0.006606263063726087 0.005021142523184526
0.006606263063726087 0.005228926124958658
0.006606263063726087 0.00529244871483221
0.006606263063726087 0.0051528495848859575
0.006606263063726087 0.0053061331820036355
0.006606263063726087 0.005372181848589023
0.006606263063726087 0.0056815826014385866
0.006606263063726087 0.005370451771083044
0.006606263063726087 0.005654841225112359
0.006606263063726087 0.005788466883297149
0.006606263063726087 0.005808806189961307
0.006606263063726087 0.005611588273083733
0.006606263063726087 0.005755200053683336
0.006606263063726087 0.0056134168803362965
0.006606263063726087 0.005713877801224253
0.006606263063726087 0.00573293863444384
0.007114600052971897 0.005845305520202244
0.007114600052971897 0.005820534681247094
0.007114600052971897 0.00592281977023558
0.007114600052971897 0.00571252589591419
0.007114600052971897 0.00597189611769117
0.007114600052971897 0.0057296721018355815
0.007114600052971897 0.005411178032074634
0.007114600052971897 0.005813339473932273
0.007487049246799896 0.0053049778260957185
0.007487049246799896 0.006039390865413489
0.007487049246799896 0.006006971783228529
0.007487049246799896 0.006073038597778125
0.007487049246799896 0.005608035544232166
0.007487049246799896 0.006258485379170025
0.007487049246799896 0.006455992563060491
0.007487049246799896 0.006667765950741798
0.007487049246799896 0.006795788429701635
0.007487049246799896 0.006698333636112434
0.007487049246799896 0.006582850990723288
0.007487049246799896 0.006655235311403509
0.007487049246799896 0.006506700459918403
0.007487049246799896 0.006930927416115229
0.007487049246799896 0.0067322566240557435
0.007487049246799896 0.006684655230100521
0.007487049246799896 0.006449337787381495
0.007487049246799896 0.0065113500912371705
0.007487049246799896 0.006923687128829747
0.007487049246799896 0.006593924803353788
0.007487049246799896 0.006734555086852861
0.007487049246799896 0.006709245231607352
0.007487049246799896 0.006421162956680022
0.007487049246799896 0.006584105960930696
0.007487049246799896 0.006606217669811607
0.007487049246799896 0.0066030268918962085
0.007487049246799896 0.006723409838547244
0.007487049246799896 0.00688469353485243
0.007487049246799896 0.006578584490198219
0.007487049246799896 0.006639321713131956
0.007487049246799896 0.006636941648931198
0.007487049246799896 0.00671585726380323
0.007487049246799896 0.006717617332020988
0.007487049246799896 0.006835053388543423
0.007487049246799896 0.006727837144622591
0.007487049246799896 0.006415759480090299
0.007487049246799896 0.006356375369322484
0.007487049246799896 0.006321196610593826
0.007487049246799896 0.006470856649260523
0.007487049246799896 0.006625361812375592
0.007487049246799896 0.006577733766121693
0.007487049246799896 0.006203338462045337
0.007487049246799896 0.006640894367549142
0.007487049246799896 0.0068050232664890655
0.007487049246799896 0.00680591097110007
0.007487049246799896 0.006889661299129202
0.007487049246799896 0.006859212057795105
0.007487049246799896 0.006895445585892966
0.007487049246799896 0.0067074930385109775
0.007487049246799896 0.006505689056247013
0.007487049246799896 0.006950761233553478
0.007487049246799896 0.0065986639145651105
0.007487049246799896 0.006664259651661134
0.007487049246799896 0.00661398788419049
0.007487049246799896 0.006303110718167172
0.007487049246799896 0.006774566069054638
0.007487049246799896 0.006606084194281554
0.007487049246799896 0.006492544453531629
0.007487049246799896 0.006313452222973641
0.007487049246799896 0.006563417607403696
0.007487049246799896 0.006716080402410221
0.007487049246799896 0.006396688672704142
0.007487049246799896 0.006671917500702109
0.007487049246799896 0.006581424647608498
0.007487049246799896 0.006783281814795195
0.007487049246799896 0.006484430848598624
0.007487049246799896 0.006855771217334848
0.007487049246799896 0.006750872329848489
0.007487049246799896 0.00665487069796227
0.007487049246799896 0.006461869959152741
0.007487049246799896 0.00657076796653267
0.007487049246799896 0.006936295018708898
0.007487049246799896 0.00644519477916004
0.007487049246799896 0.00640298589004828
0.007487049246799896 0.006765949784088411
0.007487049246799896 0.006637557283382955
0.007487049246799896 0.006704155562711371
0.007487049246799896 0.006490458139705371
0.007487049246799896 0.006664628618586279
0.007487049246799896 0.00653836773806201
0.007487049246799896 0.0063182932063645
0.007487049246799896 0.006605651676260749
0.007487049246799896 0.006874770327015904
0.007487049246799896 0.006689672671555375
0.007487049246799896 0.006801248266985202
0.007487049246799896 0.006701548886413087
0.007487049246799896 0.00646364348256846
0.007487049246799896 0.0064003563064048315
0.007487049246799896 0.006575067607744776
0.007487049246799896 0.006736536982735606
0.007487049246799896 0.00669020609831708
0.007487049246799896 0.006849000588261746
0.007487049246799896 0.006761666220598571
0.007487049246799896 0.0065095011997742345
0.007487049246799896 0.0064545119730747835
0.007487049246799896 0.006566723427384296
0.007487049246799896 0.0067105696694686875
0.007487049246799896 0.006817516826412533
0.007487049246799896 0.006760821319438927
0.007487049246799896 0.006595738880871452
0.007487049246799896 0.006692103194979187
0.007487049246799896 0.0067802339547877585
0.007487049246799896 0.006767240271606415
0.007487049246799896 0.006116221743512363
0.007487049246799896 0.006622976008356559
0.007487049246799896 0.006603979835485634
0.007487049246799896 0.006804906740392469
0.007487049246799896 0.006646606451819278
0.007487049246799896 0.006655669251873449
0.007487049246799896 0.006649525175481631
0.007487049246799896 0.00636901486993135
0.007487049246799896 0.006319072471751083
0.007487049246799896 0.006158615978322279
0.007487049246799896 0.0063087294222425976
0.007487049246799896 0.006603959360428948
0.008472953721627019 0.0066526398250100335
0.008472953721627019 0.006478568261560486
0.008472953721627019 0.006547109792717975
0.008472953721627019 0.006206460462009563
0.010462810640554931 0.006912982894492473
0.010462810640554931 0.00698361852918489
0.010462810640554931 0.006983928822354487
0.010462810640554931 0.007202824681681787
0.010462810640554931 0.007377883913908665
0.010462810640554931 0.007717729524727573
0.010462810640554931 0.007496158062251911
0.010462810640554931 0.0072313664070657
0.010462810640554931 0.007024856684637298
0.010462810640554931 0.007269936334836787
0.010462810640554931 0.007224022448448284
0.010462810640554931 0.007186777168055535
0.010462810640554931 0.00743397149120845
0.010462810640554931 0.007527998239880349
0.010462810640554931 0.007320395681695616
