3637.0 9786.76
3637.0 8309.15
2880.0 7281.68
2880.0 6840.995
2547.0 5725.045
2587.0 5092.655
2587.0 5007.175
2226.0 4452.375
2252.0 3744.985
2252.0 3211.01
2252.0 3096.44
1644.0 2893.61
1539.0 2679.065
1251.0 2424.535
1251.0 2207.25
1195.0 2051.325
1170.0 1993.025
1170.0 1982.38
1170.0 1718.705
906.0 1724.385
532.0 1709.715
532.0 1471.29
532.0 1324.355
489.0 1192.01
489.0 1036.165
489.0 832.025
489.0 749.39
489.0 683.17
489.0 754.81
489.0 603.065
489.0 655.535
489.0 602.56
489.0 689.32
489.0 650.78
489.0 558.815
489.0 623.895
489.0 646.63
489.0 613.41
489.0 659.74
489.0 570.4
489.0 622.105
489.0 698.445
453.0 716.915
453.0 643.44
453.0 771.685
453.0 695.165
421.0 607.01
421.0 591.66
421.0 619.055
421.0 553.435
421.0 658.135
421.0 562.335
421.0 557.27
421.0 658.74
421.0 589.2
421.0 619.47
421.0 580.43
421.0 561.33
421.0 578.31
421.0 598.135
421.0 537.735
421.0 514.745
421.0 511.175
421.0 564.68
421.0 561.14
421.0 602.47
421.0 515.62
421.0 508.97
421.0 534.485
421.0 490.28
421.0 491.11
421.0 625.175
421.0 581.2
421.0 515.695
421.0 508.39
421.0 552.605
421.0 539.38
421.0 490.12
421.0 550.54
421.0 581.045
421.0 497.07
421.0 517.45
421.0 498.57
421.0 627.855
421.0 507.345
421.0 502.58
421.0 583.64
421.0 516.21
421.0 542.86
421.0 511.775
421.0 597.24
421.0 624.525
421.0 622.115
421.0 560.17
421.0 575.905
421.0 527.595
421.0 552.005
421.0 560.955
421.0 529.745
421.0 611.235
421.0 572.005
421.0 579.955
421.0 518.635
421.0 517.01
421.0 513.85
421.0 571.975
421.0 533.955
421.0 588.56
421.0 540.845
421.0 595.13
421.0 514.68
421.0 517.64
421.0 531.29
421.0 501.085
421.0 540.05
421.0 548.12
421.0 539.85
421.0 520.95
421.0 529.15
421.0 529.18
421.0 444.83
421.0 602.74
421.0 529.795
421.0 518.28
421.0 490.8
421.0 549.71
421.0 523.8
421.0 472.925
421.0 517.995
421.0 557.03
390.0 485.12
390.0 606.545
390.0 560.73
390.0 584.2
390.0 589.375
390.0 525.64
390.0 578.55
390.0 579.79
390.0 457.59
390.0 539.15
390.0 558.895
390.0 475.41
390.0 449.935
390.0 513.72
390.0 561.355
390.0 565.895
390.0 494.175
390.0 505.165
390.0 504.92
390.0 525.525
390.0 553.6
390.0 573.79
390.0 507.89
390.0 480.265
390.0 467.4
390.0 490.795
390.0 477.045
390.0 530.63
390.0 427.965
390.0 484.615
390.0 443.6
390.0 433.825
390.0 480.05
390.0 455.865
390.0 490.76
390.0 481.37
390.0 550.43
390.0 562.96
390.0 504.225
390.0 532.42
390.0 540.265
390.0 503.6
390.0 488.915
390.0 469.635
390.0 563.57
390.0 586.96
390.0 518.175
390.0 517.67
390.0 483.215
390.0 517.29
390.0 509.965
390.0 487.45
390.0 479.64
390.0 458.15
390.0 457.905
390.0 566.96
390.0 507.665
390.0 486.33
390.0 459.915
390.0 500.74
390.0 476.715
390.0 419.095
390.0 468.6
390.0 461.685
390.0 592.26
390.0 532.37
390.0 487.285
390.0 452.875
390.0 528.775
390.0 564.235
