6024.0 11176.25
4858.0 9915.405
4766.0 9337.24
4487.0 8411.455
3861.0 7991.12
2920.0 7670.52
2920.0 7441.37
2920.0 6862.76
3129.0 6457.44
2159.0 6133.08
2159.0 5980.795
2084.0 5832.075
1639.0 5227.64
1639.0 4672.65
1417.0 3854.565
1073.0 3376.19
1211.0 2692.42
1211.0 2437.105
1211.0 2340.675
1211.0 2103.5
1051.0 2078.15
934.0 1868.365
934.0 1718.635
934.0 1685.815
934.0 1548.095
934.0 1616.62
934.0 1592.575
887.0 1370.63
794.0 1374.315
794.0 1348.415
584.0 1433.635
584.0 1240.58
584.0 1155.605
584.0 1210.69
584.0 1156.23
584.0 1163.645
584.0 1065.465
584.0 1035.37
584.0 1099.425
604.0 929.015
604.0 867.855
604.0 903.09
604.0 945.105
604.0 981.36
604.0 912.09
604.0 1018.59
604.0 985.675
604.0 942.75
604.0 1011.35
604.0 975.035
604.0 932.09
604.0 1084.16
604.0 923.335
604.0 902.575
604.0 881.955
604.0 906.025
604.0 949.02
604.0 898.67
604.0 977.445
604.0 961.555
604.0 945.57
604.0 761.365
604.0 880.445
604.0 900.87
604.0 919.365
604.0 815.405
604.0 845.82
604.0 920.85
604.0 930.86
604.0 1032.0
604.0 848.93
604.0 901.66
604.0 895.575
604.0 974.685
604.0 972.525
604.0 863.475
604.0 982.415
604.0 988.02
604.0 820.435
604.0 999.255
604.0 983.27
604.0 957.335
604.0 918.14
604.0 852.95
306.0 942.87
306.0 820.125
306.0 804.08
306.0 923.79
306.0 888.63
306.0 693.785
306.0 653.16
306.0 554.73
306.0 513.445
306.0 594.105
306.0 514.46
306.0 563.515
306.0 530.755
306.0 545.17
306.0 556.06
306.0 522.845
306.0 548.835
306.0 582.865
306.0 550.07
306.0 547.94
306.0 535.18
306.0 602.7
306.0 591.015
306.0 641.905
306.0 554.22
306.0 444.415
306.0 520.89
306.0 678.855
306.0 413.145
306.0 593.195
306.0 581.835
306.0 596.725
306.0 627.785
306.0 542.235
306.0 494.675
306.0 582.74
306.0 554.75
306.0 422.395
306.0 414.25
306.0 480.525
306.0 471.37
306.0 563.58
306.0 550.92
306.0 613.955
306.0 559.005
306.0 570.545
306.0 545.005
306.0 451.55
306.0 466.885
306.0 598.045
306.0 455.505
306.0 531.125
306.0 543.195
306.0 428.92
306.0 545.31
306.0 491.165
306.0 533.545
306.0 586.25
306.0 573.13
306.0 503.5
306.0 549.745
306.0 635.565
306.0 465.87
306.0 648.065
306.0 549.735
306.0 580.115
306.0 585.48
306.0 450.98
306.0 507.81
306.0 530.235
306.0 544.415
306.0 439.225
306.0 462.29
306.0 582.86
306.0 540.085
306.0 533.035
306.0 472.75
306.0 507.92
306.0 600.725
306.0 581.68
306.0 624.17
306.0 597.75
306.0 591.89
306.0 543.78
306.0 541.215
306.0 507.035
306.0 462.4
306.0 498.295
306.0 476.48
306.0 437.575
306.0 566.815
306.0 382.555
306.0 554.125
306.0 461.645
306.0 566.385
306.0 521.805
306.0 530.215
306.0 544.41
306.0 510.05
306.0 535.715
306.0 413.99
306.0 485.295
306.0 561.235
306.0 558.455
306.0 561.56
306.0 525.57
306.0 460.21
306.0 500.435
306.0 617.175
306.0 511.55
306.0 473.66
306.0 550.125
306.0 581.86
306.0 649.29
306.0 531.4
306.0 639.9
