5.614156006587222E-4 3.216235588155543E-4
8.003099969798289E-4 3.706056669742714E-4
8.003099969798289E-4 4.139357309952033E-4
8.221573471613717E-4 4.4946771361110694E-4
8.221573471613717E-4 4.924042962170194E-4
9.277670960074453E-4 5.191665168938709E-4
0.0010242668006861422 5.289924584749748E-4
0.0015761198744237012 6.21495734559908E-4
0.0016764234895179349 7.429858878589371E-4
0.0018802824941380246 8.672400379894234E-4
0.0023662926741586454 0.0010808797401089707
0.0023662926741586454 0.001322482476439895
0.0024879607911968754 0.0014316193098106763
0.002911921528162935 0.0015094715928730218
0.002911921528162935 0.001580726624440896
0.002911921528162935 0.0016117823393054453
0.003026812211314619 0.0016758340852811868
0.004135976128935236 0.0018855834233943148
0.005237428890564957 0.002020780184510898
0.005237428890564957 0.0022481080819686905
0.005237428890564957 0.0024887517268433433
0.005237428890564957 0.002871824704712327
0.005237428890564957 0.0033153586206963372
0.005237428890564957 0.003985168712310547
0.005237428890564957 0.0042514059154335985
0.005237428890564957 0.004338174620712485
0.005353985346602376 0.004515584597580688
0.005353985346602376 0.004302946338410534
0.005353985346602376 0.004290608115479233
0.005353985346602376 0.00415282633342203
0.005353985346602376 0.003973300596979439
0.005353985346602376 0.004120139300930304
0.005353985346602376 0.003930538860437972
0.005353985346602376 0.0040224498961546375
0.005353985346602376 0.003914351994086633
0.005353985346602376 0.004753656653478585
0.005353985346602376 0.004760376215274568
0.005353985346602376 0.004651594021670503
0.007496954980433213 0.004663364674298488
0.007496954980433213 0.004508618249605408
0.007496954980433213 0.004590211545535039
0.007496954980433213 0.004754836978477911
0.007496954980433213 0.004440118185318339
0.007496954980433213 0.004772332479219308
0.007496954980433213 0.005004686923471745
0.007496954980433213 0.005927852442798508
0.007496954980433213 0.006056321728466486
0.007496954980433213 0.0059412066100352715
0.007496954980433213 0.006182414475833247
0.007496954980433213 0.006315209011295928
0.007496954980433213 0.006878566698008281
0.007496954980433213 0.0066072824372430785
0.007496954980433213 0.00663641039437528
0.007496954980433213 0.006581484828705507
0.007496954980433213 0.006689297545146632
0.007496954980433213 0.006642931662259182
0.007496954980433213 0.00690219561545421
0.007496954980433213 0.006669441049467496
0.007496954980433213 0.00658501170156362
0.007496954980433213 0.006428929532754008
0.007496954980433213 0.006631302979078851
0.007496954980433213 0.006673317362985384
0.007496954980433213 0.006432934344368178
0.007496954980433213 0.006428111887180915
0.007496954980433213 0.006593257396118543
0.007496954980433213 0.006814029328181329
0.007496954980433213 0.006425634384800896
0.007496954980433213 0.0066619880103189885
0.007496954980433213 0.006380551762021001
0.007496954980433213 0.006552522310824745
0.007496954980433213 0.006942362920103129
0.007496954980433213 0.006795410846774723
0.007496954980433213 0.006513780822398859
0.008350101918254846 0.006824723290271749
0.008350101918254846 0.006502907237251697
0.008350101918254846 0.006574129132657627
0.008350101918254846 0.0061087818378861595
0.008350101918254846 0.006607329024767635
0.008350101918254846 0.006304682536702075
0.008350101918254846 0.0067173788891560626
0.008350101918254846 0.006512768380519679
0.008350101918254846 0.0064765075621331806
0.00839509869312716 0.00719354797987683
0.00839509869312716 0.007004783724290611
0.00839509869312716 0.006999333471243718
0.00839509869312716 0.00717956179722196
0.00839509869312716 0.00738448514954318
0.00839509869312716 0.007758509609109059
0.00839509869312716 0.007427223623224123
0.00839509869312716 0.007702417726867767
0.00839509869312716 0.007848261332815555
0.00839509869312716 0.007393928665429933
0.00839509869312716 0.007481799576646182
0.00839509869312716 0.007608843847998867
0.00839509869312716 0.007487461007954487
0.00839509869312716 0.007327277996804477
0.00839509869312716 0.0074909180379042995
0.00839509869312716 0.007473864125026248
0.00839509869312716 0.0073809589645660815
0.00839509869312716 0.00740243314718715
0.00839509869312716 0.007552705846179206
0.00839509869312716 0.007636907655706211
0.00839509869312716 0.007625807280915093
0.00839509869312716 0.00740963424155031
0.00839509869312716 0.007227151499448621
0.00839509869312716 0.007777498888107299
0.00839509869312716 0.007414545020908322
0.00839509869312716 0.007478000320541217
0.00839509869312716 0.0076213842485897175
0.00839509869312716 0.007521351825111246
0.00839509869312716 0.0075849187184097965
0.00839509869312716 0.007594386568118998
0.00839509869312716 0.0075007170412982336
0.00839509869312716 0.007399969832793688
0.00839509869312716 0.007563920362263244
0.00839509869312716 0.007611780849077821
0.00839509869312716 0.0077495876278632055
0.00839509869312716 0.007569529699045638
0.00839509869312716 0.0074282518596342105
0.00839509869312716 0.007574957086202107
0.00839509869312716 0.0073782101704843485
0.00839509869312716 0.007462887623756025
0.00839509869312716 0.0071070961342024255
0.00839509869312716 0.007516848865266223
0.00839509869312716 0.007269871365563215
0.00839509869312716 0.007189125301265671
0.00839509869312716 0.0074418255107084165
0.00839509869312716 0.00733606750041971
0.00839509869312716 0.007589222149584463
0.00839509869312716 0.007659906421128098
0.00839509869312716 0.007586305619545513
0.00839509869312716 0.007734413950780605
0.00839509869312716 0.007628297427290151
0.00839509869312716 0.007253391190546338
0.00839509869312716 0.007500786511464779
0.00839509869312716 0.007412673327344582
0.00839509869312716 0.007500458819202307
0.00839509869312716 0.007577643511970555
0.00839509869312716 0.007149350154424009
0.00839509869312716 0.0073877249780068075
0.00839509869312716 0.007563923042765867
0.00839509869312716 0.007362643405953843
0.00839509869312716 0.007364819546204695
0.00839509869312716 0.00759559190182475
0.00839509869312716 0.007146860826061007
0.00839509869312716 0.007596500169852577
0.00839509869312716 0.007558835703346115
0.00839509869312716 0.007532261406966702
0.00839509869312716 0.007742080700980438
0.00839509869312716 0.007302984806673122
0.00839509869312716 0.007312972289363789
0.00839509869312716 0.007549442209286989
0.00839509869312716 0.007696978501465388
0.00839509869312716 0.007619875543321308
0.00839509869312716 0.007716368301353633
0.00839509869312716 0.0073501532608454545
0.00839509869312716 0.007692375607373812
0.00839509869312716 0.007492137892138337
0.00839509869312716 0.007608377691789129
0.00839509869312716 0.007589003475199237
0.00839509869312716 0.007395760761568126
0.00839509869312716 0.00712505133415668
0.00839509869312716 0.007199743438567203
0.00839509869312716 0.00737683868093322
0.00839509869312716 0.007408479879217447
0.00839509869312716 0.007357042993832374
0.00839509869312716 0.007384929760919884
0.00839509869312716 0.007704998851316609
0.00839509869312716 0.007496914016635017
0.00839509869312716 0.007700020190461171
0.00839509869312716 0.007310633098149098
0.00839509869312716 0.007592366726493532
0.00839509869312716 0.007328881912964736
0.00839509869312716 0.007628163689235465
0.00839509869312716 0.007661187149798755
0.00839509869312716 0.007125969859224591
0.00839509869312716 0.007693587673315421
0.00839509869312716 0.007211485040787671
0.00839509869312716 0.007669988172262839
0.00839509869312716 0.007264432257880048
0.00839509869312716 0.0074749132816730205
0.00839509869312716 0.00793526350868886
0.00839509869312716 0.007543391498457188
0.00839509869312716 0.007392048638475998
0.00839509869312716 0.007451680333141258
0.00839509869312716 0.007741306098255074
0.00839509869312716 0.007304294061801736
0.00839509869312716 0.00681794305399387
0.00839509869312716 0.007532884557136118
0.00839509869312716 0.007419743602826063
0.00839509869312716 0.007542432567520723
0.00839509869312716 0.007630327073427185
0.00839509869312716 0.00762474849141246
0.00839509869312716 0.0077837047935744915
0.00839509869312716 0.007465895688676449
0.00839509869312716 0.007643031334195893
0.00839509869312716 0.007813862199945646
0.00839509869312716 0.0072283415998772
0.00839509869312716 0.0073307473169959385
0.00839509869312716 0.0075730436385168035
