4227.0 11312.71
3884.0 9645.96
3884.0 8954.035
3884.0 8512.59
3452.0 7784.37
3042.0 6897.51
2513.0 5177.16
2487.0 4183.315
1882.0 3772.3
1959.0 3555.67
1539.0 3387.385
1194.0 3005.11
1194.0 2776.915
560.0 2530.335
560.0 2391.525
560.0 2308.075
560.0 1906.595
531.0 1400.285
531.0 1176.4
531.0 1052.88
531.0 937.13
531.0 1014.945
531.0 980.79
531.0 926.775
531.0 820.785
531.0 971.95
530.0 948.595
530.0 962.34
530.0 1091.165
530.0 1053.795
530.0 903.125
530.0 876.87
468.0 807.365
468.0 806.265
451.0 927.175
451.0 887.27
451.0 813.09
451.0 848.95
451.0 791.745
451.0 842.135
451.0 761.505
451.0 837.82
451.0 732.72
451.0 759.865
451.0 647.5
451.0 758.49
451.0 762.135
451.0 728.15
451.0 808.93
451.0 635.77
451.0 745.125
451.0 728.875
451.0 706.78
451.0 730.075
451.0 712.37
451.0 730.035
451.0 873.39
451.0 719.8
451.0 778.535
451.0 741.155
451.0 867.76
451.0 777.12
451.0 821.96
451.0 738.615
451.0 800.4
451.0 665.365
451.0 637.05
451.0 737.765
451.0 749.4
451.0 729.205
451.0 699.01
451.0 751.29
451.0 709.235
451.0 737.935
451.0 789.44
451.0 822.8
451.0 727.635
451.0 732.255
451.0 819.33
451.0 790.015
451.0 643.69
451.0 694.055
451.0 672.7
451.0 753.51
451.0 651.08
451.0 650.675
451.0 762.45
451.0 732.77
451.0 660.59
451.0 688.845
451.0 723.8
451.0 710.025
451.0 762.34
451.0 615.585
451.0 709.71
451.0 762.595
451.0 684.54
451.0 698.44
451.0 819.37
451.0 826.595
451.0 674.635
451.0 626.825
451.0 740.705
451.0 815.61
451.0 749.185
451.0 744.97
451.0 765.015
451.0 708.08
451.0 730.965
451.0 792.95
451.0 764.985
451.0 776.945
293.0 713.305
293.0 723.73
293.0 823.355
293.0 740.85
293.0 736.945
293.0 586.835
293.0 602.26
293.0 560.645
293.0 510.795
293.0 599.41
293.0 488.43
293.0 556.995
293.0 488.82
293.0 541.6
293.0 542.715
293.0 526.195
293.0 554.53
293.0 506.435
293.0 467.365
293.0 492.105
293.0 430.63
293.0 439.77
293.0 515.09
293.0 483.52
293.0 532.385
293.0 445.89
293.0 440.485
293.0 575.055
293.0 516.865
293.0 454.245
293.0 486.02
293.0 459.81
293.0 489.725
293.0 534.52
293.0 529.235
293.0 514.63
293.0 439.735
293.0 545.985
293.0 518.495
293.0 483.06
293.0 515.945
293.0 437.63
293.0 529.34
293.0 494.93
293.0 495.35
293.0 396.58
293.0 534.055
293.0 503.91
293.0 468.55
293.0 545.17
293.0 519.47
293.0 506.44
293.0 490.78
293.0 548.37
293.0 457.785
293.0 442.3
293.0 436.96
293.0 574.49
293.0 411.32
293.0 380.44
293.0 520.72
293.0 438.465
293.0 557.51
293.0 563.205
293.0 573.635
293.0 464.525
293.0 520.26
293.0 509.52
293.0 437.53
293.0 434.14
293.0 535.015
293.0 559.87
293.0 496.92
293.0 496.36
293.0 513.365
293.0 479.955
293.0 512.23
293.0 493.245
293.0 577.93
293.0 563.79
293.0 486.285
293.0 505.63
293.0 461.915
293.0 447.95
293.0 559.88
293.0 538.63
293.0 493.07
293.0 523.885
