6.03167905601323E-4 3.2548131314974493E-4
6.704093237173466E-4 3.618807934323134E-4
6.959125912964015E-4 4.092233426341946E-4
7.805256334028288E-4 4.5036184685521706E-4
0.0010052950954112262 4.837130431018006E-4
0.0010052950954112262 4.924344465170595E-4
0.0010052950954112262 5.301112396390788E-4
0.0010052950954112262 5.457888944085547E-4
0.0010052950954112262 6.108751487117162E-4
0.0015490082946779857 6.519359263463692E-4
0.0015490082946779857 7.172675072783678E-4
0.0016271698766521319 7.86803969220746E-4
0.0019671873157453596 8.341446674129775E-4
0.0025693653080992307 0.001108699760315544
0.0025693653080992307 0.0012155853959139608
0.0025693653080992307 0.001299120203483731
0.00351297689959 0.0014913570361917586
0.00351297689959 0.0017490137506942414
0.00351297689959 0.0020098859912104903
0.00351297689959 0.0023702393136565392
0.0044157965338268166 0.0025082875281317567
0.0048799393208259914 0.002641855251662365
0.0048799393208259914 0.0027686801674654694
0.0048799393208259914 0.0029370092344129304
0.0048799393208259914 0.0028733535548686726
0.0048799393208259914 0.0032366825023447733
0.0048799393208259914 0.003721825608407367
0.0048799393208259914 0.0036916376936464938
0.0048799393208259914 0.0036170103740385345
0.0048799393208259914 0.004031237458190983
0.0048799393208259914 0.003891112443016612
0.0048799393208259914 0.0042386779562505975
0.0048799393208259914 0.004188226229157946
0.0048799393208259914 0.004009806572121194
0.005157685436530685 0.004266095858750916
0.005157685436530685 0.0041267774446658205
0.005157685436530685 0.003914998338616953
0.007118244099560448 0.003920788984004111
0.007118244099560448 0.004050728400781076
0.007118244099560448 0.0040622440470667095
0.007118244099560448 0.004306591470319489
0.007118244099560448 0.0043604577123341785
0.007118244099560448 0.004702219379376309
0.008107515907975258 0.004558891318927779
0.008107515907975258 0.005299212128479422
0.008107515907975258 0.0058480442090825206
0.008107515907975258 0.0061720358917449585
0.008107515907975258 0.00605129437194846
0.008107515907975258 0.006131899466578042
0.008107515907975258 0.006788564296302102
0.008107515907975258 0.006931657974487863
0.008107515907975258 0.006789521860250926
0.008107515907975258 0.0067728666915312105
0.008107515907975258 0.0068141351130806315
0.008107515907975258 0.007266815621571174
0.008107515907975258 0.0070105048733000675
0.008107515907975258 0.007135500028118232
0.008107515907975258 0.006817491299486483
0.008107515907975258 0.007167595365839961
0.008107515907975258 0.007213697349750807
0.008107515907975258 0.007004138458806185
0.008107515907975258 0.007428089949605577
0.008107515907975258 0.007052687041379501
0.008107515907975258 0.007176695956904359
0.008107515907975258 0.007302916608941556
0.008107515907975258 0.007203097427862865
0.008107515907975258 0.0071260213716744765
0.008107515907975258 0.007208894781006527
0.008107515907975258 0.007005740494391327
0.008107515907975258 0.007201464459703279
0.008107515907975258 0.00723951458051923
0.008107515907975258 0.007169785408507066
0.008107515907975258 0.007547020166011728
0.008107515907975258 0.007162815956138575
0.008107515907975258 0.007207922749132759
0.008107515907975258 0.007193411734452104
0.008107515907975258 0.007275820797183625
0.008107515907975258 0.007327157259993397
0.008107515907975258 0.006924003607457369
0.008107515907975258 0.006880220812696668
0.008107515907975258 0.006920790213678133
0.008107515907975258 0.007222683661070473
0.008107515907975258 0.0071419854596263
0.008107515907975258 0.007260596835214802
0.008107515907975258 0.006985915846731266
0.01023825194723252 0.007097994471293822
0.01023825194723252 0.007344483475935688
0.01023825194723252 0.007184002005276429
0.01023825194723252 0.007644256273604254
0.01023825194723252 0.00809709957642066
0.01023825194723252 0.00886967162345519
0.01023825194723252 0.008729981166518264
0.01023825194723252 0.008822455669982852
0.01023825194723252 0.008951057987969866
0.01023825194723252 0.009051582369735788
0.01023825194723252 0.009556453171701984
0.01023825194723252 0.00947636014401958
0.01023825194723252 0.009164463615099722
0.01023825194723252 0.009386133143217441
0.01023825194723252 0.009139415653745743
0.01023825194723252 0.008979171207483469
0.01023825194723252 0.009340770757285649
0.01023825194723252 0.009316805505128001
0.01023825194723252 0.009342168410084726
0.01023825194723252 0.009435705094744817
0.01023825194723252 0.009455231067401766
0.01023825194723252 0.009315100214878382
0.01023825194723252 0.008687587608958413
0.01023825194723252 0.009323474124110089
0.01023825194723252 0.009185291829595895
0.01023825194723252 0.009233344082686171
0.01023825194723252 0.009575824250433526
0.01023825194723252 0.009219117421058867
0.01023825194723252 0.009809250013763595
0.01023825194723252 0.009374673850600422
0.01023825194723252 0.009550042549902459
0.01023825194723252 0.009489274486709776
0.01023825194723252 0.009563956489044442
0.01023825194723252 0.009346476611075153
0.01023825194723252 0.009554487333064578
0.01023825194723252 0.009499650804259754
0.01023825194723252 0.009108625524262602
0.01023825194723252 0.009256241140514645
0.01023825194723252 0.009347308984547957
0.01023825194723252 0.00917123543221382
0.01023825194723252 0.008596316895441625
0.01023825194723252 0.00901959678267888
0.01023825194723252 0.009405186063849592
0.010268554570720184 0.009073510120277324
0.010268554570720184 0.009385060058578091
0.010268554570720184 0.00916763372588921
0.010268554570720184 0.009518352876524796
0.010268554570720184 0.00922372285121032
0.010268554570720184 0.009444644655570376
0.010268554570720184 0.009373308106070627
0.010268554570720184 0.009337587534396998
0.010268554570720184 0.008914586289160871
0.010268554570720184 0.009102477616228137
0.010268554570720184 0.009285988993578907
0.010268554570720184 0.009178449478139054
0.010268554570720184 0.009177225744695088
0.010268554570720184 0.009207466477312153
0.010268554570720184 0.009402615372795745
0.010268554570720184 0.009632863263041918
0.010268554570720184 0.009652276400797728
0.010268554570720184 0.009494370064608322
0.010268554570720184 0.009184351246673965
0.010268554570720184 0.00904212195038314
0.010268554570720184 0.009195565205610873
0.010268554570720184 0.00901639298733711
0.010268554570720184 0.009368099929029794
0.010268554570720184 0.009561084883016154
0.010268554570720184 0.009364755829745415
0.010268554570720184 0.009218049318550784
0.010268554570720184 0.009344044801391093
0.010268554570720184 0.00936974237621307
0.010268554570720184 0.00944750556302216
0.010268554570720184 0.009580246002927104
0.010268554570720184 0.009339717325019758
0.010268554570720184 0.009345204295033991
0.010268554570720184 0.009626706928352257
0.010268554570720184 0.009089089870464957
0.010268554570720184 0.009673912886355628
0.010268554570720184 0.009588555610089939
0.010268554570720184 0.009580494588948236
0.010268554570720184 0.009350806803345196
0.010268554570720184 0.009010170470722535
0.010268554570720184 0.009053352567719648
0.010268554570720184 0.009214600630658813
0.010268554570720184 0.009178606131753638
0.010268554570720184 0.009485665451864913
0.010268554570720184 0.009124027115690424
0.010268554570720184 0.00949255334486009
0.010268554570720184 0.009183160041028027
0.010268554570720184 0.009438005333548816
0.010268554570720184 0.009404032009619688
0.010268554570720184 0.00925153451023306
0.010268554570720184 0.00909538409135578
0.010268554570720184 0.009534525792362789
0.010268554570720184 0.009384627809419668
0.010268554570720184 0.00940495287815777
0.010268554570720184 0.009571514319080342
0.010268554570720184 0.008969223124273755
0.010268554570720184 0.009533529011249207
0.010268554570720184 0.00938145946334783
0.010268554570720184 0.009344185759910584
0.010268554570720184 0.00910891331551415
0.010268554570720184 0.009323302080533315
0.010268554570720184 0.009330346071305553
0.010268554570720184 0.00969285992728835
0.010268554570720184 0.009236169503670401
0.010268554570720184 0.009260917831131352
0.010268554570720184 0.009531517853936024
0.010268554570720184 0.009391266116043311
0.010268554570720184 0.009389962841647104
0.010268554570720184 0.009287464655321612
0.010268554570720184 0.009372952566122658
0.010268554570720184 0.009281439369140866
0.010268554570720184 0.008918117463974407
0.010268554570720184 0.009437917459725293
