7.588431999852736E-4 3.1786810837351834E-4
7.950983060884955E-4 3.5966194672655257E-4
7.950983060884955E-4 4.0904524777761334E-4
7.950983060884955E-4 4.3118201187977966E-4
0.0010157272797995654 4.883869708359613E-4
0.0010157272797995654 5.413156706892739E-4
0.0010480786964593613 6.05543266231766E-4
0.002201770965439508 6.689807288233679E-4
0.002201770965439508 8.004821577607911E-4
0.002201770965439508 9.845205693260312E-4
0.0024320991741799904 0.0014311964662107374
0.0028665732094099567 0.001631700204455244
0.0028665732094099567 0.0017209201384821053
0.0031221792523802978 0.001742286292168236
0.0034104255697162736 0.0019136908069452962
0.0034104255697162736 0.001907538057016238
0.004377971530546477 0.0021969144320137164
0.004377971530546477 0.0023210879547593873
0.004377971530546477 0.002567010148833501
0.00467895181509793 0.002967336921399309
0.005403099242099014 0.0032877917651461985
0.005403099242099014 0.0034221019700490757
0.005403099242099014 0.0035344822078363786
0.005403099242099014 0.003669100442934047
0.005403099242099014 0.003731854604360561
0.005403099242099014 0.003803165084623755
0.005403099242099014 0.0038969570185161946
0.005403099242099014 0.00426007351224924
0.005403099242099014 0.004544392523790296
0.005707094904805852 0.004445060142659342
0.005707094904805852 0.004581694243964651
0.005707094904805852 0.0047317737416053916
0.005707094904805852 0.005017036764046783
0.005707094904805852 0.004754142479165845
0.005707094904805852 0.0042796976439864
0.005707094904805852 0.0047360653049098025
0.005707094904805852 0.004732824644493349
0.005707094904805852 0.004820193156943182
0.005707094904805852 0.004619275500412006
0.005707094904805852 0.004941610479640286
0.006674648055086838 0.004887949073383073
0.006674648055086838 0.004960952155944093
0.006674648055086838 0.0048040540228764805
0.006674648055086838 0.004794412907724209
0.006674648055086838 0.004568356972203576
0.006674648055086838 0.004575143389019137
0.006674648055086838 0.004870507883937712
0.006674648055086838 0.004719125364936856
0.006674648055086838 0.0045560116934464795
0.006674648055086838 0.004971567571276577
0.006674648055086838 0.0050353263283542385
0.006674648055086838 0.004733972815301737
0.006674648055086838 0.004714912749805741
0.006674648055086838 0.004775455235411888
0.006674648055086838 0.0049975911020358425
0.006674648055086838 0.004660852899026876
0.006674648055086838 0.004746328976763981
0.006674648055086838 0.005144237034191742
0.006674648055086838 0.005049426833804468
0.006674648055086838 0.004982341692003672
0.006674648055086838 0.0047814422006416816
0.006674648055086838 0.005010191098058161
0.006674648055086838 0.005050248988601239
0.006674648055086838 0.0052737889751860835
0.006674648055086838 0.0049280803698703475
0.006674648055086838 0.0048559893345682505
0.006674648055086838 0.004862073039067802
0.006674648055086838 0.00501742195489319
0.006674648055086838 0.005072771981656069
0.006674648055086838 0.0055483635029519056
0.006674648055086838 0.005573045083772641
0.006674648055086838 0.0061343009017488246
0.006674648055086838 0.0060416388707336035
0.006674648055086838 0.0056299797581069845
0.006674648055086838 0.005870869479712648
0.006674648055086838 0.005682812219066746
0.006674648055086838 0.006042880497778546
0.006674648055086838 0.005677015160110493
0.006674648055086838 0.0058946612498611585
0.006674648055086838 0.005824028114645484
0.006674648055086838 0.005625892327493432
0.006674648055086838 0.0059522040784104726
0.006674648055086838 0.006055603781089831
0.006674648055086838 0.0060032498961363374
0.006674648055086838 0.005728461407538854
0.006674648055086838 0.005722147283309987
0.006674648055086838 0.005878383545921898
0.006674648055086838 0.005938548506100242
0.006674648055086838 0.005636664695986992
0.006674648055086838 0.005614436532287751
0.006674648055086838 0.00581369886243198
0.006674648055086838 0.005830283463759351
0.006674648055086838 0.0058487999760052966
0.006674648055086838 0.005659996339140371
0.006674648055086838 0.005635874680279425
0.006674648055086838 0.0057719701690027965
0.006674648055086838 0.005826136132879549
0.006674648055086838 0.005754806954915556
0.006674648055086838 0.005634690123671421
0.006674648055086838 0.005925529175404789
0.006674648055086838 0.00616469958183326
0.006674648055086838 0.005557922242571487
0.006674648055086838 0.0058066087559349566
0.006674648055086838 0.005824245414740501
0.007409960279755374 0.005522093406925776
0.007409960279755374 0.0058619285578173416
0.007409960279755374 0.005860871419637232
0.007409960279755374 0.0061511397053308344
0.007409960279755374 0.006120815494523348
0.007409960279755374 0.006263755447362438
0.007409960279755374 0.006304482149952787
0.007409960279755374 0.006239467287527374
0.007409960279755374 0.006425110606492298
0.007409960279755374 0.006675040075724236
0.007409960279755374 0.0066735858686902405
0.007409960279755374 0.006835885862611388
0.007409960279755374 0.0064825793919229754
0.007409960279755374 0.00646948132446348
0.007409960279755374 0.006615301075752941
0.007409960279755374 0.006616780551951589
0.007409960279755374 0.006341471716337743
0.007409960279755374 0.006877624055144163
0.007409960279755374 0.006473795112584826
0.007409960279755374 0.006425187161345851
0.007409960279755374 0.006591170506979898
0.007409960279755374 0.006329337460323184
0.007409960279755374 0.006623154006988813
0.007409960279755374 0.006538077757376739
0.007409960279755374 0.006594305350995352
0.007409960279755374 0.006381106771671894
0.007409960279755374 0.006744881225856544
0.007409960279755374 0.006711726905414991
0.007409960279755374 0.006406634335434412
0.007409960279755374 0.0067548910417257425
0.007409960279755374 0.00651967577327284
0.007409960279755374 0.006647684710497847
0.007409960279755374 0.006618022749965823
0.007409960279755374 0.006357414267450961
0.007409960279755374 0.006561111027368926
0.007409960279755374 0.006708256944333469
0.007409960279755374 0.006352241815524398
0.007409960279755374 0.00654318602527599
0.007409960279755374 0.0067962113496688945
0.007409960279755374 0.006292150117401149
0.007409960279755374 0.006522167479224895
0.007409960279755374 0.006432640468212655
0.007409960279755374 0.00654637470675693
0.007409960279755374 0.006544578879102728
0.007409960279755374 0.006525408127355998
0.007409960279755374 0.006316847544947084
0.007409960279755374 0.00669902906365044
0.007409960279755374 0.006387021335539185
0.007409960279755374 0.006753663298469017
0.007409960279755374 0.00669965025063986
0.007409960279755374 0.006918864880472937
0.007409960279755374 0.006678063952546878
0.007713280219944788 0.006543934451927924
0.007713280219944788 0.006350104031447726
0.007713280219944788 0.006625039674665474
0.007713280219944788 0.006414927966986601
0.007713280219944788 0.00642170766902418
0.007713280219944788 0.00639903981542883
0.007713280219944788 0.006424836926188207
0.007713280219944788 0.006225858765584107
0.007725085681331722 0.006206062546114538
0.007725085681331722 0.006314457072658655
0.007725085681331722 0.006559511793569085
0.007725085681331722 0.006566098392246766
0.007725085681331722 0.006264420696375597
0.007725085681331722 0.006780970165531545
0.007725085681331722 0.006686907154361208
0.007725085681331722 0.006596391811786007
0.007725085681331722 0.006660593068905135
0.007725085681331722 0.0063265754380305225
0.007725085681331722 0.0063197519419660834
0.007725085681331722 0.0065046528862778685
0.007725085681331722 0.006654831827377491
0.007725085681331722 0.006453111170915567
0.007725085681331722 0.006805120723085054
0.007725085681331722 0.006728112634280255
0.007725085681331722 0.00693123530022084
0.007725085681331722 0.006786997992772959
0.007725085681331722 0.0064301072088429325
0.007725085681331722 0.006843807493096046
0.007725085681331722 0.007024031241058817
0.007725085681331722 0.00677286359397266
0.007725085681331722 0.0070696750970031
0.007725085681331722 0.0068622354700784045
0.007725085681331722 0.006574986090643363
0.007725085681331722 0.006623612812624562
0.007725085681331722 0.006766317701081939
0.007725085681331722 0.006952152097441961
0.007725085681331722 0.007075113376485259
0.007725085681331722 0.006624145457081272
0.007725085681331722 0.006770366512813703
0.007725085681331722 0.007246148043887548
0.007725085681331722 0.007037772630241831
0.007725085681331722 0.0066905539587961685
0.007725085681331722 0.006728423380644295
0.00915127637176999 0.007239264057006232
