5026.0 11054.595
5026.0 10065.06
5026.0 9086.99
5026.0 8557.605
4428.0 8294.045
4428.0 7841.37
3472.0 7276.715
3472.0 6851.84
2748.0 6715.81
2748.0 6158.785
2748.0 5519.72
2171.0 5016.105
2171.0 4978.83
1750.0 4490.185
2026.0 3949.235
1325.0 3381.8
1325.0 2715.905
1540.0 2457.915
1593.0 2394.54
917.0 2210.185
903.0 2099.11
903.0 1885.11
721.0 1799.12
721.0 1508.325
721.0 1323.4
721.0 1367.62
721.0 1275.175
970.0 1181.65
970.0 1139.135
682.0 1157.97
682.0 964.78
682.0 1040.645
682.0 1084.54
682.0 1047.62
682.0 1002.14
682.0 1013.72
682.0 1032.965
682.0 1028.585
682.0 1016.44
682.0 864.045
682.0 836.465
682.0 814.175
682.0 891.92
682.0 741.695
682.0 777.71
682.0 790.79
682.0 757.515
682.0 752.165
682.0 793.775
682.0 816.835
682.0 802.09
682.0 772.0
682.0 780.005
682.0 856.055
682.0 856.88
682.0 833.66
682.0 894.975
682.0 899.475
605.0 808.405
605.0 872.235
605.0 812.895
605.0 814.175
605.0 866.01
605.0 811.24
605.0 844.5
605.0 732.975
605.0 764.67
605.0 760.3
605.0 790.3
605.0 765.875
605.0 679.745
407.0 687.395
407.0 809.67
407.0 700.18
407.0 772.095
407.0 799.875
407.0 802.94
407.0 704.835
407.0 720.685
407.0 653.135
407.0 640.37
407.0 535.95
407.0 586.12
407.0 540.355
407.0 460.085
407.0 485.93
407.0 495.01
407.0 500.915
407.0 499.425
407.0 486.15
407.0 449.155
407.0 480.035
407.0 474.56
407.0 448.8
407.0 458.645
407.0 505.41
407.0 460.025
407.0 452.12
407.0 495.59
407.0 468.215
407.0 463.5
407.0 490.71
407.0 464.415
407.0 602.46
407.0 468.245
407.0 538.16
407.0 449.995
407.0 486.89
407.0 546.205
407.0 500.425
407.0 482.75
407.0 449.485
407.0 533.255
407.0 501.735
407.0 468.175
407.0 481.91
407.0 457.67
407.0 486.765
407.0 471.565
407.0 516.6
407.0 445.9
407.0 533.475
407.0 507.15
407.0 476.475
407.0 482.59
407.0 489.76
407.0 478.765
407.0 478.48
407.0 536.295
407.0 478.485
407.0 439.295
407.0 460.415
407.0 461.285
407.0 492.005
407.0 513.755
296.0 468.81
296.0 479.615
296.0 428.365
296.0 543.96
296.0 515.31
296.0 468.68
296.0 437.495
296.0 407.895
296.0 418.095
296.0 342.42
296.0 344.405
296.0 361.415
296.0 391.43
296.0 369.765
296.0 347.22
296.0 408.94
296.0 347.14
296.0 350.495
296.0 327.56
296.0 399.725
296.0 364.59
296.0 351.73
296.0 349.785
296.0 326.655
296.0 388.79
296.0 358.175
296.0 367.61
296.0 424.14
296.0 343.63
296.0 371.77
296.0 381.475
296.0 407.63
296.0 392.2
296.0 367.39
296.0 364.74
296.0 383.265
296.0 334.715
296.0 419.11
296.0 356.665
296.0 365.12
296.0 379.23
296.0 419.845
296.0 432.26
296.0 358.565
296.0 341.845
296.0 374.77
296.0 355.355
296.0 378.0
296.0 351.54
296.0 391.41
296.0 343.7
296.0 337.935
296.0 353.5
296.0 345.11
296.0 347.32
296.0 371.01
296.0 344.205
296.0 349.915
296.0 352.255
296.0 364.025
296.0 335.155
296.0 407.29
296.0 372.68
296.0 360.265
296.0 331.705
