7.535522821009842E-4 3.0562171712424546E-4
9.516215884765906E-4 3.5857882340900745E-4
9.516215884765906E-4 3.9021457012441063E-4
9.516215884765906E-4 4.248959366506594E-4
0.0010235907232142556 4.831581643832566E-4
0.0011568064720249291 5.640317312324269E-4
0.0012739208394320733 7.509033934837052E-4
0.0012783439135798651 8.69620374937222E-4
0.0016497782146000731 9.387323507210195E-4
0.00181865817194452 9.804377075437883E-4
0.002083156529711048 0.0010519864468197468
0.002602805902751533 0.0012072161361179003
0.0027989995053888414 0.0013142830067375086
0.005394165589292495 0.001519811423787386
0.005394165589292495 0.0017103787643469525
0.005394165589292495 0.0019343859669510065
0.005394165589292495 0.002529951427892228
0.005555422196541067 0.0034391263201380305
0.005555422196541067 0.004075217554173489
0.005555422196541067 0.004329646012891582
0.005555422196541067 0.004535058818816035
0.005555422196541067 0.004326655287664009
0.005555422196541067 0.0045253088634305974
0.005555422196541067 0.004572420388026386
0.005555422196541067 0.004790577142300576
0.005555422196541067 0.00450357256863726
0.00563605177310958 0.004579023607469636
0.00563605177310958 0.004678682689227016
0.00563605177310958 0.004346560680420415
0.00563605177310958 0.0043770566652343015
0.00563605177310958 0.004802398275189617
0.00563605177310958 0.0048010489034646595
0.007171289698878126 0.005017463105178202
0.007171289698878126 0.005029213608773153
0.0074244235298137505 0.004974325525391205
0.0074244235298137505 0.0051777698901815895
0.0074244235298137505 0.0055765039298353615
0.0074244235298137505 0.0057276988036327105
0.0074244235298137505 0.005984569425205803
0.0074244235298137505 0.0058426981881790525
0.0074244235298137505 0.006104351940190902
0.0074244235298137505 0.006049179516550672
0.0074244235298137505 0.006380233385534308
0.0074244235298137505 0.006476297413193039
0.0074244235298137505 0.006663784294336323
0.0074244235298137505 0.006323916210123795
0.0074244235298137505 0.006406991489867678
0.0074244235298137505 0.006445418989893764
0.0074244235298137505 0.00609356105251943
0.0074244235298137505 0.006793884758239995
0.0074244235298137505 0.006498731388132208
0.0074244235298137505 0.006476751119262365
0.0074244235298137505 0.00662238087336105
0.0074244235298137505 0.0065050221566430085
0.0074244235298137505 0.0065632060429470195
0.0074244235298137505 0.006444854649801553
0.0074244235298137505 0.0061137090149808
0.0074244235298137505 0.006537755595170081
0.0074244235298137505 0.006378589750905566
0.0074244235298137505 0.006440320210618051
0.0074244235298137505 0.006069013945933852
0.0074244235298137505 0.0062303646174497705
0.0074244235298137505 0.006217081698327487
0.0074244235298137505 0.006502652812967236
0.0074244235298137505 0.006279564198905438
0.0074244235298137505 0.006782072467288971
0.0074244235298137505 0.006747922327738318
0.0074244235298137505 0.006653537940451578
0.0074244235298137505 0.006458628914627865
0.0074244235298137505 0.006614487869928365
0.0074244235298137505 0.006553573336819453
0.0074244235298137505 0.006377332987814475
0.0074244235298137505 0.006555289149164741
0.0074244235298137505 0.006409272735506058
0.0074244235298137505 0.006301693927930245
0.0074244235298137505 0.00629832467776259
0.0074244235298137505 0.00655098327357881
0.0074244235298137505 0.006449837440713752
0.0074244235298137505 0.006092458151582907
0.0074244235298137505 0.006355822477363068
0.0074244235298137505 0.006810542180761408
0.0074244235298137505 0.00663924687685598
0.0074244235298137505 0.006670832530098859
0.0074244235298137505 0.006438962723873695
0.0074244235298137505 0.0067362519094123306
0.0074244235298137505 0.006699112360234385
0.0074244235298137505 0.006421999554609284
0.0074244235298137505 0.006500385991362588
0.0074244235298137505 0.006785549089408609
0.0074244235298137505 0.006581863340768842
0.0074244235298137505 0.006600150739403653
0.0074244235298137505 0.006525980194823902
0.0074244235298137505 0.006475797497558386
0.0074244235298137505 0.006887546923554914
0.0074244235298137505 0.006596351802364242
0.0074244235298137505 0.006382120740746917
0.0074244235298137505 0.006615259137906853
0.0074244235298137505 0.006727084343101398
0.0074244235298137505 0.006306390572147539
0.0074244235298137505 0.006257715112113344
0.0074244235298137505 0.0066673697217333495
0.0074244235298137505 0.006772024190455303
0.0074244235298137505 0.006535957250444996
0.0074244235298137505 0.006263449431250648
0.0074244235298137505 0.006456676442741207
0.0074244235298137505 0.0063593763681532404
0.0074244235298137505 0.006358231217389873
0.0074244235298137505 0.006524594022333421
0.0074244235298137505 0.006600824928419073
0.0074244235298137505 0.006411505931464917
0.0074244235298137505 0.006361044121360833
0.0074244235298137505 0.006347822299316535
0.010777569783036827 0.006561940206431108
0.010777569783036827 0.0067021304983338895
0.010777569783036827 0.006410412013520792
0.010777569783036827 0.006730113078818294
0.010777569783036827 0.007167876633415995
0.010777569783036827 0.008294270170983076
0.010777569783036827 0.008918762953188396
0.010777569783036827 0.009467373948305059
0.010777569783036827 0.009752529733997305
0.010777569783036827 0.009319671006687767
0.010777569783036827 0.009844723936641382
0.010777569783036827 0.009641201738356617
0.010777569783036827 0.010024102704191358
0.010777569783036827 0.009737060585320055
0.010777569783036827 0.009702294151814969
0.010777569783036827 0.009802406119378344
0.010777569783036827 0.009568040904316103
0.010777569783036827 0.00970702963341373
0.010777569783036827 0.010032640063793098
0.010777569783036827 0.009931394891951058
0.010777569783036827 0.010069866146991737
0.010777569783036827 0.010072366274532136
0.010777569783036827 0.009752648601998233
0.010777569783036827 0.009858586979827758
0.010777569783036827 0.009746170574129971
0.010777569783036827 0.010209438507513671
0.010777569783036827 0.010100283354636221
0.010777569783036827 0.009486428513063071
0.010777569783036827 0.009767329705005523
0.010777569783036827 0.010125476825840678
0.010777569783036827 0.00989457605790661
0.010777569783036827 0.010080280382049505
0.010777569783036827 0.00982928971780083
0.010777569783036827 0.009691082122756657
0.010777569783036827 0.009722761157670559
0.010777569783036827 0.00969523946176171
0.010777569783036827 0.009937377597109819
0.010777569783036827 0.009589470649400893
0.010777569783036827 0.00974939005336752
0.010777569783036827 0.009811990961965349
0.010777569783036827 0.009845213696202022
0.010777569783036827 0.010167324579633192
0.010777569783036827 0.00966019900227496
0.010777569783036827 0.009865025380253873
0.010777569783036827 0.009814232391087809
0.010777569783036827 0.010205467025995498
0.010777569783036827 0.009653344876437094
0.010777569783036827 0.009701392552194921
0.010777569783036827 0.009946499065301028
0.010777569783036827 0.00959296190759539
0.010777569783036827 0.009801461510263454
0.010777569783036827 0.009845142330368616
0.010777569783036827 0.009944278746081427
0.010777569783036827 0.009737068551917872
0.010777569783036827 0.010039208330967579
0.010777569783036827 0.01008140765684725
0.010777569783036827 0.01005140825212916
0.010777569783036827 0.009443255020126712
0.010777569783036827 0.01022522440742273
0.010777569783036827 0.010398063443487586
0.010777569783036827 0.00972758834470686
0.010777569783036827 0.010132685130111832
0.010777569783036827 0.009546592622678499
0.010777569783036827 0.009508400372255638
0.010777569783036827 0.009308454479468091
0.010777569783036827 0.009935826248001501
0.010777569783036827 0.009721852343041792
0.010777569783036827 0.009834644850344236
0.010777569783036827 0.010085283878779643
0.010777569783036827 0.010084783647562455
0.010777569783036827 0.009580525366576694
0.010777569783036827 0.009475838947388751
0.010777569783036827 0.009692223628346599
0.010777569783036827 0.009787304107541762
0.010777569783036827 0.009726853187074688
0.010777569783036827 0.00998109597285433
0.010777569783036827 0.00965866064920291
0.010777569783036827 0.00994905878163442
0.010777569783036827 0.009457326795410009
0.010777569783036827 0.009557005969529114
0.010777569783036827 0.009869944623482134
0.010777569783036827 0.00981342357664253
0.010777569783036827 0.009931772776545672
0.010777569783036827 0.009896503782352266
0.010777569783036827 0.009565364228727294
0.010777569783036827 0.009610174475405832
0.010777569783036827 0.009792484060126614
0.010777569783036827 0.009724639221236613
