5.951530513340623E-4 3.090080603835142E-4
6.858503719291685E-4 3.5850648045957325E-4
6.858503719291685E-4 3.8503489860394736E-4
7.939159321901751E-4 4.734625596682536E-4
9.070731870384541E-4 5.296717282506449E-4
9.361273491817887E-4 5.498070608898991E-4
0.0013651668289043789 6.144113063834096E-4
0.0013921016266827684 6.358843875627698E-4
0.0013921016266827684 7.439590014709771E-4
0.0014804934616186325 8.27197427579369E-4
0.0014876622810124206 9.300694708120682E-4
0.0015418587896612137 9.847722098034178E-4
0.0015418587896612137 0.0010488911946805622
0.0022334873089139115 9.896351696659378E-4
0.0022334873089139115 0.0011052997297401413
0.0022369318485486274 0.0012529783323539944
0.0022369318485486274 0.0013058365594698093
0.0022369318485486274 0.0014666284035764654
0.002343897356577655 0.001563881871228178
0.002343897356577655 0.0016117730037237688
0.002472616304379245 0.0017261240937288694
0.0028958527269251026 0.0017722237936496086
0.0028958527269251026 0.0018191916669631964
0.0028958527269251026 0.0017894891987591923
0.0028958527269251026 0.0017107666262190732
0.003120976074360032 0.0017590002548989515
0.003120976074360032 0.0018045013439377255
0.003120976074360032 0.0018640611663312961
0.0034072522633357867 0.0019079411717299825
0.0034072522633357867 0.0019269581104347816
0.00413571673211806 0.0021809270784249224
0.00413571673211806 0.0023271696677736545
0.00413571673211806 0.0024754482534372936
0.00413571673211806 0.002520805745492367
0.00413571673211806 0.002963830143454279
0.00413571673211806 0.003214540918256147
0.00413571673211806 0.0033196514432666676
0.00413571673211806 0.0032395706009465254
0.00413571673211806 0.003313693632513332
0.00413571673211806 0.0034512595437709752
0.00413571673211806 0.0033861479356564975
0.004281670453643313 0.0033281686071503906
0.004281670453643313 0.00344533086469825
0.0049179138385130735 0.00359506824765016
0.0049179138385130735 0.0035506085794815363
0.005430471366908455 0.0036660455952770093
0.005589801184307104 0.003664810065762889
0.005589801184307104 0.003672438264779451
0.005589801184307104 0.003920926525176405
0.005589801184307104 0.004022863210384948
0.005589801184307104 0.004076437005147207
0.005589801184307104 0.004244636573786846
0.005589801184307104 0.004205687615884256
0.005589801184307104 0.0043535461912510435
0.005589801184307104 0.00415966218191374
0.005589801184307104 0.004629218793147925
0.005589801184307104 0.004561568239719581
0.005589801184307104 0.004509139002060772
0.005589801184307104 0.0047129323887876
0.005589801184307104 0.004907017690683885
0.005589801184307104 0.004999648707406589
0.005589801184307104 0.00472091217090595
0.005589801184307104 0.004927127195148572
0.005589801184307104 0.0047925217681718865
0.005589801184307104 0.004623420749196892
0.005589801184307104 0.004828659285288373
0.005589801184307104 0.004640663114595789
0.005589801184307104 0.004774951897145478
0.005589801184307104 0.004999050196157287
0.005589801184307104 0.004575105805333658
0.005589801184307104 0.004894387224477885
0.005589801184307104 0.005017646960089331
0.005589801184307104 0.004751772672221933
0.005589801184307104 0.004758417785183764
0.005589801184307104 0.004586291419668007
0.005589801184307104 0.004897391789740923
0.005589801184307104 0.004738689525924723
0.005589801184307104 0.004844012884470624
0.010196887976798477 0.0048413586733443165
0.010196887976798477 0.0050932444197094836
0.010196887976798477 0.005033011960776887
0.010196887976798477 0.005156796256403251
0.010196887976798477 0.005431757041629397
0.010196887976798477 0.006084966123332184
0.010196887976798477 0.007283469984197447
0.010196887976798477 0.008498542896918279
0.010196887976798477 0.009195266369666596
0.010196887976798477 0.009335072117188365
0.010196887976798477 0.009228757684702035
0.010196887976798477 0.008967242428652917
0.010196887976798477 0.00950494641213268
0.010196887976798477 0.009430408747113072
0.010196887976798477 0.009570023653857573
0.010196887976798477 0.009400911835842754
0.010196887976798477 0.008773198856148185
0.010196887976798477 0.008769069170134642
0.010196887976798477 0.009424049238303098
0.010196887976798477 0.00890124450935228
0.010196887976798477 0.009261597942012643
0.010196887976798477 0.00949745752001324
0.010196887976798477 0.009316873392018128
0.010196887976798477 0.009288762128295838
0.010196887976798477 0.009498691212178952
0.010196887976798477 0.008839838888491346
0.010196887976798477 0.009029632482931588
0.010196887976798477 0.009361898819869001
0.010196887976798477 0.0093281448318254
0.010196887976798477 0.009121260923051487
0.010196887976798477 0.009379664990510636
0.010196887976798477 0.00920918668652516
0.010196887976798477 0.008956804413321294
0.010196887976798477 0.009510746052137906
0.010196887976798477 0.009058483878221214
0.010196887976798477 0.009181225240948337
0.010196887976798477 0.009420542023225726
0.010196887976798477 0.009140346735217747
0.010196887976798477 0.009151020070039964
0.010196887976798477 0.00926356175503383
0.010196887976798477 0.0093716042673071
0.010196887976798477 0.009037629471851313
0.010196887976798477 0.009715029381790675
0.010196887976798477 0.009411900626526734
0.010196887976798477 0.00891415684539885
0.010196887976798477 0.009035301908198042
0.010196887976798477 0.009164424266939307
0.010196887976798477 0.008787570255956468
0.010196887976798477 0.008919465652576997
0.010196887976798477 0.009674533893952276
0.010196887976798477 0.009510761729862417
0.010196887976798477 0.00932731089548498
0.010196887976798477 0.009345614517124937
0.010196887976798477 0.00942545191830736
0.010196887976798477 0.009181308644696662
0.010196887976798477 0.009244268540396021
0.010196887976798477 0.008921490699157162
0.010196887976798477 0.00912664700849803
0.010196887976798477 0.008992106966740616
0.010196887976798477 0.00931351619627656
0.010196887976798477 0.00890186694855088
0.010196887976798477 0.009011342517487692
0.010196887976798477 0.009093106532343185
0.010196887976798477 0.008911498985833467
0.010196887976798477 0.009382493801222812
0.010196887976798477 0.009558804103136689
0.010196887976798477 0.009330403270881145
0.010196887976798477 0.009370885640080096
0.010196887976798477 0.009527111213380778
0.010196887976798477 0.009055754284514156
0.010196887976798477 0.009412162073044099
0.010196887976798477 0.00900677691056514
0.010196887976798477 0.009244708435944632
0.010196887976798477 0.009381649560541274
0.010196887976798477 0.008981447845837195
0.010196887976798477 0.009260392942254517
0.010196887976798477 0.009604856464028404
0.010196887976798477 0.00947298882492392
0.010196887976798477 0.00930398001755894
0.010196887976798477 0.009076285087707537
0.010196887976798477 0.009436247904639292
0.010196887976798477 0.009476382597213687
0.010196887976798477 0.00886370113992435
0.010196887976798477 0.00945412554065896
0.010196887976798477 0.00960142235215473
0.010196887976798477 0.009299849566795238
0.010196887976798477 0.00938981190346466
0.010196887976798477 0.009198288521852376
0.010196887976798477 0.009357275627980981
0.010196887976798477 0.00946265478767141
0.010196887976798477 0.009686073945125346
0.010196887976798477 0.009195252152819654
0.010196887976798477 0.009388397638622908
0.010196887976798477 0.009325230854273742
0.010196887976798477 0.009519341234271063
0.010196887976798477 0.008981738135325129
0.010196887976798477 0.009242000925374132
0.010196887976798477 0.009629705727297462
0.010196887976798477 0.009719394242877932
0.010196887976798477 0.009149822263395224
0.010196887976798477 0.009363684291110636
0.010196887976798477 0.009350626161256943
0.010196887976798477 0.009420909840123613
0.010196887976798477 0.009352067533048382
0.010196887976798477 0.00947673682752939
0.010196887976798477 0.009572353159651803
0.010196887976798477 0.00874096687669904
0.010196887976798477 0.008900721915224678
0.010196887976798477 0.009465464794452611
0.010196887976798477 0.009339094598588199
0.010196887976798477 0.008990600495443039
0.010196887976798477 0.008897639851053364
0.010196887976798477 0.009012923966300719
0.010196887976798477 0.009065350316613274
0.010196887976798477 0.0093966142610208
0.010196887976798477 0.00945638267949609
0.010196887976798477 0.008838052501862401
0.010196887976798477 0.00888272563767007
0.010196887976798477 0.00964182530977145
0.010196887976798477 0.009167893837144322
0.010196887976798477 0.009629225835523078
0.010196887976798477 0.009305378720562618
