3691.0 11020.125
3691.0 9985.58
2815.0 8771.3
2491.0 7740.155
2491.0 7154.045
2475.0 5672.525
1889.0 4809.98
1582.0 4082.405
1582.0 3384.03
1189.0 2993.835
1101.0 2733.49
1101.0 2715.405
1101.0 2730.93
1198.0 2348.35
993.0 2253.875
993.0 2223.03
993.0 2315.36
993.0 2247.705
993.0 2010.01
993.0 2042.795
872.0 2058.28
872.0 2013.24
746.0 1805.88
746.0 1811.995
638.0 1785.035
638.0 1705.87
638.0 1615.475
638.0 1544.33
638.0 1569.225
638.0 1539.355
638.0 1215.7
638.0 1051.06
638.0 975.82
638.0 1087.13
638.0 1127.81
622.0 993.28
622.0 1218.235
622.0 944.835
622.0 1099.76
609.0 1041.085
609.0 1022.295
609.0 1281.675
609.0 1103.15
609.0 1214.585
609.0 975.685
609.0 1162.6
609.0 1011.38
609.0 1015.395
609.0 896.22
609.0 980.95
609.0 899.36
609.0 814.4
609.0 953.515
609.0 976.81
609.0 915.71
609.0 837.795
609.0 983.7
609.0 991.72
609.0 984.02
609.0 1018.185
609.0 1044.285
609.0 987.955
609.0 930.2
482.0 952.505
482.0 962.7
482.0 1079.225
482.0 916.39
482.0 843.4
482.0 832.62
482.0 766.89
482.0 707.74
482.0 769.425
482.0 844.59
381.0 814.905
381.0 660.645
381.0 776.585
381.0 788.37
381.0 771.675
381.0 624.78
381.0 656.91
381.0 731.77
381.0 758.55
381.0 671.44
381.0 600.955
381.0 600.615
381.0 639.54
381.0 535.285
381.0 646.475
381.0 591.99
381.0 593.21
381.0 564.385
381.0 644.99
381.0 661.76
381.0 616.645
381.0 620.93
381.0 606.55
381.0 692.145
381.0 640.17
381.0 608.835
381.0 598.46
381.0 631.995
381.0 581.12
381.0 595.31
381.0 681.75
381.0 684.935
381.0 759.67
381.0 646.3
381.0 573.16
381.0 644.86
381.0 647.36
381.0 547.25
381.0 529.705
381.0 575.245
381.0 647.51
381.0 685.2
381.0 674.855
381.0 662.44
381.0 561.625
381.0 610.96
381.0 533.3
381.0 539.1
381.0 579.205
381.0 519.385
381.0 703.015
381.0 568.55
381.0 594.445
381.0 634.845
381.0 567.705
381.0 629.83
381.0 621.26
381.0 624.02
381.0 606.2
381.0 674.65
381.0 740.995
381.0 632.595
381.0 602.375
381.0 623.385
381.0 544.375
381.0 602.89
381.0 612.835
381.0 608.535
381.0 485.46
381.0 677.07
381.0 533.245
381.0 601.525
381.0 627.765
381.0 598.285
381.0 632.99
381.0 616.185
381.0 621.49
381.0 554.71
381.0 688.915
381.0 633.205
381.0 642.91
381.0 612.225
381.0 600.49
381.0 592.065
381.0 626.51
381.0 562.59
381.0 608.645
381.0 599.18
381.0 578.545
381.0 690.12
381.0 614.715
381.0 567.12
381.0 503.29
381.0 614.11
381.0 563.29
381.0 627.425
381.0 569.545
381.0 650.06
381.0 653.1
381.0 600.895
381.0 683.29
381.0 636.61
381.0 633.92
381.0 676.325
381.0 645.6
381.0 686.635
381.0 627.48
381.0 593.615
381.0 678.9
381.0 616.42
381.0 582.625
381.0 652.76
381.0 558.405
381.0 580.605
381.0 681.16
381.0 586.575
381.0 583.685
381.0 634.845
381.0 535.985
381.0 608.645
381.0 544.505
381.0 640.495
381.0 609.005
381.0 618.34
381.0 655.91
381.0 651.88
381.0 700.5
