5955.0 10927.19
5229.0 9390.525
3722.0 8069.035
3722.0 7080.31
2784.0 6462.625
2832.0 6309.96
2210.0 5671.655
2210.0 4789.55
2284.0 4236.98
1490.0 3747.07
1490.0 3053.06
1410.0 2825.79
1410.0 2952.69
1410.0 2786.565
1410.0 2405.105
1171.0 2399.865
1171.0 2264.57
1171.0 2015.785
835.0 1934.34
741.0 2029.0
741.0 1748.155
550.0 1758.4
550.0 1457.1
550.0 1490.815
550.0 1234.75
550.0 1105.365
550.0 1047.87
550.0 960.915
550.0 1036.165
550.0 836.61
550.0 972.115
550.0 854.375
550.0 898.48
550.0 989.99
550.0 1017.395
550.0 906.82
550.0 995.315
550.0 878.275
550.0 935.16
550.0 850.8
550.0 770.91
550.0 1017.86
550.0 837.39
550.0 962.63
550.0 954.47
550.0 894.125
550.0 813.32
550.0 780.41
550.0 825.41
550.0 809.05
550.0 846.975
550.0 774.4
460.0 836.84
460.0 896.215
460.0 849.705
460.0 882.785
460.0 801.35
460.0 749.31
460.0 772.1
460.0 788.315
460.0 760.25
460.0 812.255
460.0 759.685
460.0 795.11
460.0 699.61
460.0 736.52
460.0 801.53
460.0 795.34
460.0 862.485
460.0 746.415
460.0 811.9
460.0 807.61
460.0 793.545
460.0 803.855
460.0 851.945
460.0 819.34
460.0 811.025
460.0 738.705
460.0 695.525
460.0 793.455
460.0 690.095
460.0 798.005
460.0 823.855
460.0 793.85
460.0 799.03
460.0 833.145
460.0 795.05
460.0 858.07
460.0 867.575
460.0 752.935
460.0 680.05
460.0 748.18
460.0 728.01
460.0 771.7
460.0 931.29
460.0 831.055
460.0 880.345
347.0 813.35
347.0 890.475
347.0 974.905
347.0 946.025
347.0 856.64
347.0 848.43
347.0 757.78
347.0 681.745
347.0 730.56
347.0 505.465
347.0 622.715
347.0 504.105
347.0 558.83
347.0 619.815
347.0 553.88
347.0 625.575
347.0 610.31
347.0 561.53
347.0 579.38
347.0 613.6
347.0 541.685
347.0 600.23
347.0 596.615
347.0 489.25
347.0 583.435
347.0 592.765
347.0 573.075
347.0 565.245
347.0 657.69
347.0 619.725
347.0 524.63
347.0 734.19
347.0 701.825
347.0 539.28
347.0 632.93
347.0 678.115
347.0 661.99
347.0 662.155
347.0 579.92
347.0 731.015
347.0 710.29
347.0 509.01
347.0 622.285
347.0 622.41
347.0 643.52
347.0 655.98
347.0 587.56
347.0 711.925
347.0 651.685
347.0 724.675
347.0 583.86
347.0 580.55
347.0 672.125
347.0 585.455
347.0 668.82
347.0 591.39
347.0 544.275
347.0 617.475
347.0 566.155
347.0 684.53
347.0 554.955
347.0 631.0
347.0 623.705
347.0 773.335
347.0 618.74
347.0 729.955
347.0 606.125
347.0 653.15
347.0 574.555
347.0 524.085
347.0 556.505
347.0 616.15
347.0 581.71
347.0 625.77
347.0 558.56
347.0 671.04
347.0 561.575
347.0 585.795
347.0 679.74
347.0 684.16
347.0 575.865
347.0 591.6
347.0 706.1
347.0 657.325
347.0 684.575
347.0 605.165
347.0 615.345
347.0 597.97
347.0 576.775
347.0 684.345
347.0 582.375
347.0 687.185
347.0 573.435
347.0 579.64
347.0 499.48
347.0 566.71
347.0 735.38
347.0 519.3
347.0 500.43
347.0 641.23
347.0 675.75
347.0 625.565
347.0 552.84
