4764.0 11074.515
4764.0 9395.74
3916.0 8026.25
3916.0 7990.185
2793.0 7181.31
2793.0 6300.935
2930.0 5824.585
2930.0 6202.04
2930.0 5806.84
2240.0 5536.135
1641.0 5066.37
1641.0 5020.045
1613.0 4029.125
1410.0 3526.145
1267.0 3028.845
1185.0 2422.54
1185.0 2367.215
1185.0 2208.635
859.0 2172.88
922.0 1919.71
732.0 1731.325
732.0 1659.64
834.0 1637.295
573.0 1298.2
573.0 1284.46
641.0 1239.485
641.0 1208.93
537.0 1205.09
480.0 1139.925
480.0 975.185
480.0 913.79
480.0 762.36
480.0 788.565
480.0 786.71
480.0 752.13
480.0 809.25
480.0 797.565
480.0 844.465
480.0 636.045
480.0 731.08
480.0 717.65
480.0 705.64
480.0 848.165
480.0 757.18
480.0 751.155
480.0 719.62
480.0 680.815
480.0 859.885
480.0 744.085
480.0 718.305
480.0 790.475
480.0 699.565
480.0 728.035
480.0 891.055
480.0 883.915
480.0 738.485
480.0 698.34
480.0 660.57
480.0 698.835
480.0 689.74
480.0 705.075
480.0 752.55
480.0 766.9
480.0 696.505
480.0 760.835
480.0 757.225
480.0 800.96
480.0 746.61
480.0 693.525
480.0 732.275
480.0 623.57
480.0 769.555
480.0 731.035
480.0 744.04
480.0 654.08
480.0 687.84
480.0 743.82
480.0 747.33
480.0 746.13
480.0 670.465
480.0 708.3
480.0 793.545
480.0 726.62
480.0 833.98
480.0 732.24
480.0 682.925
480.0 691.32
480.0 814.01
480.0 747.235
480.0 767.595
480.0 773.835
386.0 784.825
386.0 882.875
386.0 767.525
386.0 770.495
386.0 693.785
386.0 684.73
386.0 679.435
386.0 620.805
386.0 725.28
386.0 605.4
386.0 597.87
386.0 561.24
386.0 684.56
386.0 613.495
386.0 601.495
386.0 594.92
386.0 661.7
386.0 722.23
386.0 634.545
386.0 607.775
386.0 589.285
386.0 672.905
386.0 679.51
386.0 756.605
386.0 575.045
386.0 508.46
386.0 571.865
386.0 681.965
386.0 597.29
386.0 630.785
386.0 690.575
386.0 654.58
386.0 606.47
386.0 631.86
386.0 738.345
386.0 600.725
386.0 679.115
386.0 604.02
386.0 598.34
386.0 623.245
386.0 607.01
386.0 573.97
386.0 584.65
386.0 670.26
386.0 641.19
386.0 665.415
386.0 709.755
386.0 628.61
386.0 690.695
386.0 588.56
386.0 671.645
386.0 642.825
386.0 604.14
386.0 791.61
386.0 636.245
386.0 584.31
386.0 607.97
386.0 685.905
386.0 628.19
386.0 631.265
386.0 615.82
386.0 590.51
386.0 587.555
386.0 630.945
386.0 591.73
386.0 604.685
386.0 624.95
386.0 600.75
386.0 578.49
386.0 657.68
386.0 697.35
386.0 714.27
386.0 604.105
386.0 719.97
386.0 578.805
386.0 545.36
386.0 544.635
386.0 606.135
386.0 577.455
386.0 536.775
386.0 717.035
386.0 559.95
386.0 717.095
386.0 640.605
386.0 638.175
386.0 588.98
386.0 607.8
386.0 592.88
386.0 518.815
386.0 724.78
386.0 683.535
386.0 522.255
386.0 643.845
386.0 607.195
386.0 741.405
386.0 571.235
386.0 620.0
386.0 596.655
386.0 645.845
386.0 675.515
386.0 606.39
386.0 535.64
386.0 665.15
386.0 606.84
386.0 631.475
386.0 654.815
386.0 595.54
386.0 615.62
386.0 591.335
