5264.0 11151.25
3721.0 9925.01
3721.0 9295.195
3269.0 8243.585
3269.0 6990.495
2921.0 6215.13
2626.0 5611.455
2463.0 4578.725
2463.0 3886.52
2463.0 3509.56
1973.0 3407.13
1973.0 3172.35
1783.0 3084.185
1783.0 2913.99
1456.0 2820.495
1456.0 2780.735
1306.0 2738.235
1306.0 2610.98
1544.0 2452.155
970.0 2553.545
970.0 2558.365
970.0 2301.145
970.0 2434.825
970.0 2278.97
970.0 2459.49
970.0 2284.85
875.0 2209.33
875.0 2216.48
875.0 2189.19
875.0 1942.665
875.0 1918.21
875.0 1966.755
875.0 1922.005
875.0 1866.11
582.0 1399.285
582.0 1174.485
582.0 1236.035
582.0 1119.145
582.0 970.375
582.0 1047.75
582.0 951.81
582.0 969.9
582.0 892.03
582.0 932.885
582.0 945.535
582.0 994.585
582.0 1101.6
582.0 1004.42
582.0 875.395
582.0 838.635
582.0 1074.92
582.0 952.45
582.0 865.88
582.0 994.4
582.0 913.105
582.0 857.38
582.0 878.015
582.0 808.54
582.0 873.57
582.0 1133.115
582.0 935.46
582.0 927.895
582.0 823.815
582.0 897.635
582.0 974.355
582.0 885.115
582.0 1014.985
582.0 927.425
582.0 907.265
582.0 940.98
582.0 848.785
581.0 850.595
581.0 965.7
581.0 932.95
565.0 1007.065
565.0 805.095
565.0 875.06
565.0 881.06
565.0 901.59
565.0 859.465
565.0 951.11
565.0 1004.17
565.0 1046.96
565.0 984.71
565.0 880.83
565.0 937.65
565.0 980.735
565.0 828.22
565.0 953.41
565.0 915.975
527.0 872.2
527.0 998.925
527.0 889.545
527.0 954.16
527.0 881.245
527.0 892.855
527.0 894.36
527.0 784.525
527.0 817.13
527.0 820.955
527.0 879.7
527.0 812.19
527.0 739.435
527.0 858.85
527.0 794.74
527.0 787.675
527.0 918.19
527.0 764.58
527.0 806.805
527.0 873.955
527.0 808.835
527.0 931.88
527.0 725.48
527.0 918.915
527.0 923.51
527.0 914.915
527.0 931.46
527.0 802.035
527.0 816.1
527.0 822.095
527.0 858.98
527.0 773.53
527.0 874.27
527.0 831.76
527.0 826.46
527.0 772.435
527.0 788.815
527.0 889.41
527.0 849.87
525.0 727.615
525.0 876.725
525.0 798.25
525.0 920.495
525.0 947.235
525.0 808.63
525.0 729.57
525.0 893.17
525.0 776.68
525.0 908.325
525.0 882.64
525.0 828.53
525.0 800.36
525.0 803.41
525.0 825.8
525.0 704.46
525.0 830.07
525.0 885.36
525.0 1137.335
525.0 904.75
525.0 832.57
525.0 809.69
525.0 783.58
525.0 828.45
525.0 823.085
525.0 875.56
525.0 863.14
525.0 749.155
525.0 782.99
525.0 847.425
525.0 730.425
525.0 897.81
525.0 811.145
525.0 828.29
525.0 767.79
525.0 832.065
525.0 946.315
465.0 846.455
465.0 842.53
465.0 770.625
465.0 801.1
465.0 858.15
465.0 862.275
465.0 890.255
465.0 795.78
465.0 741.06
465.0 744.825
465.0 837.895
465.0 860.835
465.0 718.89
465.0 695.285
465.0 656.21
465.0 784.61
465.0 701.63
465.0 813.355
465.0 823.38
465.0 847.24
465.0 784.345
465.0 771.155
465.0 800.01
465.0 819.78
465.0 769.305
465.0 795.015
465.0 752.835
465.0 747.61
465.0 812.625
465.0 800.7
465.0 758.795
465.0 770.835
465.0 715.25
465.0 663.095
