5.977959483663409E-4 3.229487272516535E-4
6.421637117837792E-4 3.9157948147426386E-4
6.421637117837792E-4 4.103399195001118E-4
6.916541260183473E-4 4.454212884169759E-4
8.682188353055893E-4 4.6862474252785285E-4
8.682188353055893E-4 5.161419351724586E-4
9.089333409167873E-4 5.422295544724178E-4
0.001080078487403105 5.8796378594416E-4
0.0017173423598862547 6.49469849168837E-4
0.0017173423598862547 7.677220734021643E-4
0.002303989812627439 9.243534569755464E-4
0.002303989812627439 0.0010557298455561952
0.002303989812627439 0.0011772581551421058
0.002303989812627439 0.0013500432865899315
0.0025111083229212724 0.0014117070627738429
0.0025111083229212724 0.0014872183479807883
0.0025111083229212724 0.001470049677516788
0.00380306036240084 0.0016591246875411005
0.00380306036240084 0.00179843218248047
0.00380306036240084 0.0018708925392166306
0.00380306036240084 0.0022706331716825516
0.003927818780082549 0.0026840654698369938
0.003927818780082549 0.0028807958236126696
0.003927818780082549 0.0029718361646834607
0.0056296573892889645 0.003042768233917404
0.0056296573892889645 0.0031966285255536795
0.0056296573892889645 0.003348956897142363
0.0056296573892889645 0.0040504978344559186
0.0056296573892889645 0.003875166709336997
0.0056296573892889645 0.004307576706935617
0.005866473380416781 0.004537472718678671
0.005866473380416781 0.004665388353484993
0.005866473380416781 0.004777069122825183
0.005866473380416781 0.0045393730899526774
0.005866473380416781 0.004798885501857345
0.005866473380416781 0.0049841908071435615
0.005866473380416781 0.004953025339879528
0.007169118858320628 0.004885638789985606
0.007169118858320628 0.004640495685436206
0.007169118858320628 0.00481104956713393
0.007169118858320628 0.004906790538344888
0.007169118858320628 0.005111916675820896
0.007169118858320628 0.005183000983235708
0.007169118858320628 0.005476836524403795
0.007169118858320628 0.00598613667564863
0.007169118858320628 0.00620624521582139
0.007169118858320628 0.006078915735899074
0.007169118858320628 0.006268423055004354
0.007169118858320628 0.006359719129707537
0.007169118858320628 0.0065103068047379095
0.007169118858320628 0.006211833468084457
0.007169118858320628 0.006407103730408125
0.007169118858320628 0.006374797037186841
0.007169118858320628 0.006414055770969228
0.007169118858320628 0.006173579352506097
0.007169118858320628 0.006301937080834102
0.007169118858320628 0.006246899364811247
0.007169118858320628 0.0064530945067052614
0.007169118858320628 0.006396625924300464
0.007169118858320628 0.006406665974821328
0.007169118858320628 0.005872768620154227
0.007169118858320628 0.006444536888126713
0.007169118858320628 0.006634273809355889
0.007169118858320628 0.006489328245905857
0.007169118858320628 0.005977515361880254
0.007169118858320628 0.006095774466856726
0.007169118858320628 0.006423583256686589
0.007169118858320628 0.006181961223873806
0.007169118858320628 0.00637483473834475
0.007169118858320628 0.006483017168930155
0.007169118858320628 0.00664805867960681
0.007169118858320628 0.00620745592950073
0.007169118858320628 0.0062563022787318415
0.007169118858320628 0.006203440614846249
0.007169118858320628 0.006265327527079701
0.007169118858320628 0.005993073706753779
0.007169118858320628 0.006466654965646873
0.007169118858320628 0.006252179670118617
0.007169118858320628 0.006199233075457784
0.007169118858320628 0.005853437589757229
0.007169118858320628 0.006498274750633129
0.007169118858320628 0.006327893201429278
0.007169118858320628 0.0063102455351765644
0.007169118858320628 0.006366007363303925
0.007169118858320628 0.006417598626513214
0.007169118858320628 0.0061883163550077395
0.007169118858320628 0.00640535119905697
0.007169118858320628 0.00632664783795227
0.007169118858320628 0.006561520862963195
0.007169118858320628 0.006264993995312314
0.007169118858320628 0.00614166863601958
0.007169118858320628 0.006217113196311191
0.007169118858320628 0.0061694280540950976
0.007169118858320628 0.006010794578612462
0.007169118858320628 0.006290085880154372
0.007169118858320628 0.006160441053686856
0.007169118858320628 0.006486106548729402
0.007169118858320628 0.006127299952652758
0.007169118858320628 0.006447576707473555
0.007169118858320628 0.006163015656897457
0.007169118858320628 0.006317965400683639
0.007169118858320628 0.006417668328467434
0.007169118858320628 0.006314032676013771
0.007169118858320628 0.0060236207170674076
0.007169118858320628 0.005925492255472743
0.007169118858320628 0.0063359030249048945
0.007169118858320628 0.006025409284264434
0.007169118858320628 0.006438227069374461
0.007169118858320628 0.006088959237836664
0.007169118858320628 0.006315790971970628
0.007169118858320628 0.006449651930409438
0.007169118858320628 0.006381050142516719
0.007169118858320628 0.006213642872423792
0.007169118858320628 0.006406542575817758
0.007169118858320628 0.006360980472921527
0.007169118858320628 0.006412862039095769
0.007169118858320628 0.006409619143574183
0.007169118858320628 0.006404954563075409
0.007169118858320628 0.006353904116788541
0.007169118858320628 0.006470770941313787
0.007169118858320628 0.006468160239921384
0.007169118858320628 0.006542185031166337
0.007169118858320628 0.006665012856572441
0.007169118858320628 0.006249498376230076
0.007169118858320628 0.0065119282192769275
0.007169118858320628 0.006038715668210654
0.007169118858320628 0.006559386600326277
0.007169118858320628 0.0063629222694471955
0.007169118858320628 0.00613808691087949
0.007169118858320628 0.006321484263927451
0.007845611078628271 0.006465091011227057
0.007845611078628271 0.006269823947519609
0.007845611078628271 0.006072549587872395
0.007845611078628271 0.0065118633837643
0.007845611078628271 0.006549162494334921
0.007845611078628271 0.0064074783271294185
0.007845611078628271 0.006496894531135647
0.007845611078628271 0.006847222443308147
0.007845611078628271 0.006580843413866251
0.007845611078628271 0.006898109885654122
0.007845611078628271 0.006752085677928491
0.007845611078628271 0.007036534602370493
0.007845611078628271 0.007045201039580851
0.007845611078628271 0.007179166703316978
0.007845611078628271 0.006811081790917967
0.007845611078628271 0.006812164213331428
0.007845611078628271 0.006676020204902894
0.007845611078628271 0.0068291383432529055
0.007845611078628271 0.007143344385663885
0.007845611078628271 0.007121108088394715
0.007845611078628271 0.007148857919172872
0.007845611078628271 0.007023311314240388
0.007845611078628271 0.006867489288988771
0.007845611078628271 0.006872165618189556
0.007845611078628271 0.006804315174127959
0.007845611078628271 0.006639686953250528
0.007845611078628271 0.00677009558552336
0.007845611078628271 0.006799303316783274
0.007845611078628271 0.006715909648759965
0.007845611078628271 0.006924083578858225
0.007845611078628271 0.007001599127901114
0.007845611078628271 0.007185463735821558
0.007845611078628271 0.007160626088091426
0.007845611078628271 0.006868303902973287
0.007845611078628271 0.006647956259768578
0.007845611078628271 0.006859016958912791
0.007845611078628271 0.007181586423548202
0.007845611078628271 0.006942960934085348
0.007845611078628271 0.00744183501284465
0.007845611078628271 0.007158617116435744
0.007845611078628271 0.006987246692525983
0.007845611078628271 0.0067069300923753225
0.007845611078628271 0.006930477140664471
0.007845611078628271 0.006756015175398877
0.007845611078628271 0.006986457393153286
0.007845611078628271 0.007027009298148728
0.007845611078628271 0.007292954414346135
0.007845611078628271 0.006940981838666735
0.007845611078628271 0.007008852998874188
0.007845611078628271 0.006879109209241904
0.007845611078628271 0.007114529093472432
0.007845611078628271 0.0072081742223445286
0.007845611078628271 0.00714448063419588
0.007845611078628271 0.006970474100292756
0.007845611078628271 0.0068040928120554345
0.007845611078628271 0.007041580463095965
0.007845611078628271 0.0071629717619152026
0.007845611078628271 0.007296581011550883
0.007845611078628271 0.006953622116028
0.007845611078628271 0.006905733198051612
0.007845611078628271 0.007117038245538693
0.007845611078628271 0.007089799349310617
0.007845611078628271 0.007026483052453426
0.007845611078628271 0.006872076543125756
0.007845611078628271 0.00697848876841139
0.007845611078628271 0.007193656353601283
0.007845611078628271 0.007003162398472265
0.007845611078628271 0.007219035978150864
0.007845611078628271 0.00664274435240619
0.007845611078628271 0.006851541544139967
