5726.0 11520.52
5193.0 9962.92
3490.0 8880.005
2603.0 8034.365
2603.0 7194.21
2603.0 6905.255
2533.0 6540.53
2606.0 6274.445
2606.0 5878.59
2149.0 5434.025
1524.0 5323.09
1524.0 4298.18
1515.0 3400.65
1312.0 3059.765
1312.0 2701.61
1234.0 2534.41
1234.0 2102.04
1221.0 2220.16
995.0 2299.94
995.0 2321.7
995.0 1993.49
995.0 1942.95
995.0 1847.66
995.0 1633.4
879.0 1717.04
862.0 1705.575
862.0 1650.835
862.0 1593.03
862.0 1312.555
862.0 1364.58
862.0 1697.505
862.0 1498.435
862.0 1532.36
862.0 1435.3
921.0 1475.59
921.0 1555.35
921.0 1592.88
921.0 1509.685
921.0 1472.465
921.0 1596.335
923.0 1525.615
668.0 1376.725
668.0 1369.41
485.0 1306.105
485.0 1228.175
485.0 1189.72
485.0 803.31
485.0 850.615
485.0 790.115
485.0 891.25
485.0 822.1
485.0 910.705
485.0 783.875
485.0 924.575
485.0 793.59
485.0 807.545
485.0 918.4
485.0 807.735
485.0 693.54
485.0 826.15
485.0 777.425
485.0 786.735
485.0 889.505
485.0 876.735
485.0 754.005
485.0 692.64
485.0 907.435
485.0 686.705
485.0 824.915
485.0 755.48
485.0 854.62
485.0 723.94
485.0 738.08
485.0 697.68
485.0 898.525
485.0 873.01
485.0 902.62
485.0 790.74
485.0 786.465
485.0 766.865
485.0 798.96
485.0 776.235
485.0 840.41
485.0 802.84
485.0 783.535
485.0 860.565
485.0 767.05
485.0 840.86
485.0 733.785
485.0 801.12
485.0 836.635
485.0 828.81
485.0 812.61
485.0 801.66
485.0 724.63
485.0 775.285
485.0 676.98
485.0 835.31
485.0 868.905
485.0 756.2
485.0 823.775
485.0 877.875
485.0 794.625
485.0 814.94
485.0 846.445
485.0 816.66
485.0 850.415
485.0 747.78
485.0 788.155
485.0 771.205
485.0 709.495
485.0 955.745
485.0 914.55
485.0 893.735
485.0 947.89
485.0 843.92
485.0 763.755
485.0 737.385
485.0 865.515
485.0 753.245
485.0 701.595
485.0 825.96
485.0 808.795
485.0 831.745
485.0 821.57
485.0 789.555
485.0 895.26
485.0 756.39
485.0 877.46
485.0 858.435
485.0 811.595
485.0 787.56
485.0 808.83
485.0 810.59
485.0 751.15
485.0 817.635
485.0 769.925
485.0 750.575
485.0 695.315
485.0 866.875
485.0 784.61
485.0 817.655
485.0 801.535
485.0 756.765
485.0 834.49
445.0 822.265
445.0 851.295
445.0 846.56
445.0 731.285
445.0 960.405
445.0 824.325
445.0 841.315
445.0 742.845
445.0 721.64
445.0 872.355
445.0 680.255
445.0 737.46
445.0 762.17
445.0 812.04
445.0 716.365
445.0 718.735
445.0 801.755
445.0 873.185
445.0 672.745
445.0 665.35
428.0 813.67
428.0 680.375
428.0 569.515
428.0 698.78
428.0 828.48
428.0 731.9
428.0 707.095
428.0 754.95
428.0 796.625
428.0 572.07
428.0 677.69
428.0 670.47
428.0 747.41
428.0 837.795
428.0 693.85
428.0 717.995
428.0 858.955
428.0 811.415
428.0 713.16
428.0 804.64
428.0 742.51
428.0 709.745
428.0 649.045
428.0 817.04
428.0 672.13
428.0 697.0
428.0 687.065
428.0 781.12
390.0 816.79
390.0 684.905
390.0 701.985
390.0 715.86
390.0 620.61
390.0 730.62
390.0 745.575
