7.136588275352373E-4 3.1126555102169775E-4
7.136588275352373E-4 3.539312221512001E-4
7.136588275352373E-4 3.820615980943617E-4
0.0011772417281927718 4.5008694291702873E-4
0.0011772417281927718 5.21445163909509E-4
0.001219970102477713 5.937004246461648E-4
0.0014849465519813096 6.826744663717448E-4
0.001558535562341963 7.780233747276184E-4
0.00166590073407249 9.235246031593935E-4
0.0023858852440876684 0.0010342863637868827
0.0023858852440876684 0.0011132544180244004
0.0023858852440876684 0.001239635354751802
0.002526068820590588 0.0014026509703079105
0.0029962749495048516 0.0015161142601955386
0.0031710524758445527 0.0015927604296006154
0.004278168662680195 0.0018751486914447806
0.004278168662680195 0.0019712970112405765
0.004278168662680195 0.002110435119074591
0.0048063100208400105 0.0020785457404689516
0.0048063100208400105 0.002471089551964169
0.0048063100208400105 0.0030506392866864523
0.0048063100208400105 0.0031278015581185903
0.0048063100208400105 0.0031254972651313527
0.005236391610021304 0.0033815835867750275
0.005236391610021304 0.0032342615245491576
0.005236391610021304 0.003357369496400538
0.005236391610021304 0.003471499813326353
0.005236391610021304 0.003588396569977257
0.005236391610021304 0.0037928885687057152
0.005236391610021304 0.0036290694602765633
0.005236391610021304 0.003707084276624301
0.005236391610021304 0.00400514568429387
0.005236391610021304 0.004088373692910427
0.005236391610021304 0.004268439187131578
0.0056846124001012225 0.004035463001563154
0.0056846124001012225 0.003831365199816278
0.0056846124001012225 0.004198059685938337
0.0056846124001012225 0.003862102412488799
0.0056846124001012225 0.0038699287640990105
0.0056846124001012225 0.004099903313171655
0.0056846124001012225 0.003942305489909133
0.0056846124001012225 0.004120681866709644
0.0056846124001012225 0.004539435964289671
0.0056846124001012225 0.004885107397076402
0.0056846124001012225 0.00505781293033518
0.0056846124001012225 0.004738823404166011
0.0056846124001012225 0.004712752189021288
0.0056846124001012225 0.005129974510675433
0.0056846124001012225 0.0048638020182321055
0.0056846124001012225 0.0050010012257107085
0.0056846124001012225 0.004751266026051767
0.0056846124001012225 0.004649258238498836
0.0056846124001012225 0.004803201757764669
0.0056846124001012225 0.004733932171212244
0.0056846124001012225 0.0048432458181226
0.0056846124001012225 0.004896279893774954
0.0056846124001012225 0.004789680170494374
0.0056846124001012225 0.004888614657344075
0.0056846124001012225 0.004900827983609415
0.0056846124001012225 0.0049549680700932235
0.0056846124001012225 0.004894500831057109
0.0056846124001012225 0.004802097420910112
0.0056846124001012225 0.004703706259475412
0.0056846124001012225 0.004658366405000815
0.0056846124001012225 0.004885937718691463
0.0056846124001012225 0.004616507524767139
0.0056846124001012225 0.004904377286347022
0.0056846124001012225 0.005089529299410799
0.0056846124001012225 0.00478079175109921
0.0056846124001012225 0.0049296718813093745
0.0056846124001012225 0.005125570326497071
0.005928737976689057 0.00508431438607186
0.005928737976689057 0.005100203593163558
0.005928737976689057 0.004910047955761191
0.005928737976689057 0.004674719319051784
0.005928737976689057 0.004677376982012823
0.005928737976689057 0.004780674523012716
0.005928737976689057 0.004908077200856181
0.005928737976689057 0.0049201696406125026
0.005928737976689057 0.0049057129144155385
0.005928737976689057 0.00524303774202088
0.005928737976689057 0.0052005178071815785
0.005928737976689057 0.0049840163522547375
0.005928737976689057 0.004819034682120105
0.005928737976689057 0.005027044380795578
0.005928737976689057 0.004935230984698588
0.005928737976689057 0.005002300623470548
0.005928737976689057 0.004760312760572006
0.005928737976689057 0.0050300741007731275
0.005928737976689057 0.005268419766755149
0.006073944838640613 0.00512086381590806
0.006073944838640613 0.005092654293089147
0.006073944838640613 0.004980847134155252
0.006073944838640613 0.004957654010687936
0.006073944838640613 0.005009158703591873
0.006073944838640613 0.0047728375320704505
0.006073944838640613 0.005280143404861722
0.006073944838640613 0.00522783814031425
0.006073944838640613 0.005087623969798715
0.006073944838640613 0.005253809022133855
0.006073944838640613 0.005246047358387271
0.006073944838640613 0.005273953465494652
0.006073944838640613 0.005178752433541078
0.006073944838640613 0.005273433589664338
0.006073944838640613 0.005417541818293728
0.006073944838640613 0.005320114084965792
0.006073944838640613 0.005202937017934342
0.006073944838640613 0.0052705714219470874
0.006073944838640613 0.005298486741918742
0.006073944838640613 0.005231109303336587
0.006073944838640613 0.004900863095566931
0.006073944838640613 0.005134801351709232
0.006073944838640613 0.005166223106165198
0.006073944838640613 0.0052726919504615865
0.006073944838640613 0.004862965827552985
0.006073944838640613 0.005442374567927465
0.006073944838640613 0.005318639277239879
0.006073944838640613 0.005163527134216207
0.006073944838640613 0.005698138263513997
0.006073944838640613 0.00536493803860674
0.006073944838640613 0.004995124637787062
0.006073944838640613 0.005290699453395843
0.006073944838640613 0.004909550642229156
0.006073944838640613 0.0046971885022117285
0.006073944838640613 0.005341893471477228
0.006073944838640613 0.005396181295774227
0.006073944838640613 0.005226666969326526
0.006073944838640613 0.005251793090720332
0.006073944838640613 0.005235837149557335
0.006073944838640613 0.005288588159297567
0.006073944838640613 0.0051217412610548955
0.006073944838640613 0.005154390852841464
0.006073944838640613 0.005198955930697232
0.006073944838640613 0.005038862979401025
0.006073944838640613 0.005184633642673984
0.006073944838640613 0.00503938082983354
0.006073944838640613 0.00544882912627609
0.006073944838640613 0.005231968170673476
0.006073944838640613 0.004963404322308587
0.006073944838640613 0.004759055542734262
0.006073944838640613 0.0050422777801968485
0.006073944838640613 0.005135297462413964
0.006073944838640613 0.005077872886377571
0.006073944838640613 0.005375569915651401
0.006073944838640613 0.005296671848188689
0.006073944838640613 0.005098609599775029
0.006073944838640613 0.005301133547679546
0.006073944838640613 0.005187878116456601
0.006073944838640613 0.005421465380346062
0.006073944838640613 0.005341473630797405
0.006073944838640613 0.004936072185315283
0.006073944838640613 0.0052949329565977026
0.006073944838640613 0.005117725468668959
0.006073944838640613 0.005230326355524208
0.006073944838640613 0.005202044154277568
0.006073944838640613 0.005488341188006975
0.006073944838640613 0.005112330245545494
0.006073944838640613 0.0052595350416244245
0.006073944838640613 0.005098302056186638
0.006073944838640613 0.0050575914351234106
0.006073944838640613 0.0052872422220259
0.006073944838640613 0.005217162180625291
0.006073944838640613 0.005486025823710131
0.006073944838640613 0.005173286683016207
0.006073944838640613 0.005214232595618385
0.006073944838640613 0.005145440309011964
0.006073944838640613 0.005422730639189247
0.006073944838640613 0.005330661293616813
0.006073944838640613 0.0052155930340239956
0.006073944838640613 0.005050932326333748
0.006073944838640613 0.005149651505142524
0.006073944838640613 0.005373593827498353
0.006073944838640613 0.005409002781432197
0.007229314445530576 0.00525423902721723
0.007229314445530576 0.0050042453207103385
0.007229314445530576 0.005313776830579994
0.007229314445530576 0.005333583429538954
0.007229314445530576 0.00545153741231556
0.007229314445530576 0.0058407493050595845
0.007229314445530576 0.005940682459081556
0.007229314445530576 0.006104109979006352
0.007229314445530576 0.006249828688581036
0.007229314445530576 0.0061553884905252735
0.007229314445530576 0.006151783402673332
0.007229314445530576 0.006348413779099878
0.007229314445530576 0.006233635924143705
0.007229314445530576 0.006238698792893108
0.007229314445530576 0.006377864510024597
0.007229314445530576 0.006511400982846746
0.007229314445530576 0.006307178055158681
0.007229314445530576 0.006321843494236537
0.007229314445530576 0.006367493851332414
0.007229314445530576 0.006411164717107681
0.007229314445530576 0.00657231723066049
0.007229314445530576 0.006584053240325589
0.007229314445530576 0.006149611078201743
0.007229314445530576 0.006598690646679995
0.007229314445530576 0.006621830936009677
0.007229314445530576 0.006645708912633279
0.007229314445530576 0.006461520796509864
