6.110446018133478E-4 3.047774691503895E-4
6.110446018133478E-4 3.341826123534717E-4
6.110446018133478E-4 3.6525901119289464E-4
6.110446018133478E-4 3.942355390217936E-4
7.839162856779594E-4 4.1043838194026935E-4
7.839162856779594E-4 4.4132747079483306E-4
8.379482262380763E-4 4.8098451457899107E-4
8.379482262380763E-4 5.16827307069701E-4
0.0010734365710479742 5.412936986195344E-4
0.0010734365710479742 5.940442912897668E-4
0.0010734365710479742 6.527363391498006E-4
0.0014933751485409104 7.140452321741006E-4
0.0014933751485409104 7.44467747060647E-4
0.0017174160870283492 8.36158611896713E-4
0.0017206915878086417 9.413268358847398E-4
0.0018829368304436956 0.0010903959068009298
0.0018829368304436956 0.0013076919715568
0.0020755714602861183 0.0013886331961538378
0.0021472503538419257 0.00146203378385999
0.002945960035707177 0.0015965312968872747
0.003032385977875502 0.0016856159832961055
0.003032385977875502 0.0018982656863940955
0.003544025127120119 0.0020465974085678335
0.003544025127120119 0.002325429421726437
0.003544025127120119 0.0025406601452538234
0.003544025127120119 0.002545175492969488
0.003544025127120119 0.0026836841462022144
0.0036636728147717273 0.002821467679675891
0.0036636728147717273 0.0029234210176918587
0.005099180423602773 0.0029227101177342935
0.005099180423602773 0.003247945560609315
0.005099180423602773 0.0032302511866574763
0.005099180423602773 0.003221908473746236
0.005099180423602773 0.003327541007687882
0.005099180423602773 0.0034145654482667064
0.005099180423602773 0.003487610330955226
0.005099180423602773 0.0036319147084652474
0.005099180423602773 0.0039455169867886435
0.005099180423602773 0.0040440277125156346
0.005099180423602773 0.004323517768165957
0.005099180423602773 0.004536727712546606
0.005099180423602773 0.00472369459266427
0.005099180423602773 0.0046528551080817085
0.005099180423602773 0.004909211216648621
0.005099180423602773 0.004896246997903684
0.005099180423602773 0.0048421220209471675
0.005099180423602773 0.004917559139041788
0.005099180423602773 0.004928509949393235
0.005099180423602773 0.004861288302400899
0.005099180423602773 0.0048145416509942475
0.005099180423602773 0.004826004635057647
0.005099180423602773 0.00490395050387512
0.005099180423602773 0.004841128508331802
0.005099180423602773 0.004705215186263219
0.005099180423602773 0.004751724322695216
0.005099180423602773 0.004767991493152115
0.005099180423602773 0.004573763733233883
0.005099180423602773 0.0046613428602098215
0.005540792177637072 0.004815430481126821
0.005540792177637072 0.004713895869098205
0.005540792177637072 0.004856240964911272
0.005540792177637072 0.004814828065385027
0.005540792177637072 0.0047737685511271164
0.005540792177637072 0.004854083301710982
0.005540792177637072 0.004906043430413421
0.005540792177637072 0.005097860460765039
0.005540792177637072 0.005083380180623611
0.005540792177637072 0.005113379729341568
0.005540792177637072 0.0050135833076532035
0.005540792177637072 0.005076644657381262
0.005540792177637072 0.005302597604958043
0.00890078408482618 0.00535125181544384
0.00890078408482618 0.005119905006698355
0.00890078408482618 0.005310667815150403
0.00890078408482618 0.005184100985299134
0.00890078408482618 0.0051150619026847435
0.00890078408482618 0.005132606276647146
0.00890078408482618 0.005410774602320178
0.00890078408482618 0.005611865189892977
0.00890078408482618 0.006312625527894245
0.00890078408482618 0.0071527351219519255
0.00890078408482618 0.008122929356943637
0.00890078408482618 0.007993832895158646
0.00890078408482618 0.008132505698961406
0.00890078408482618 0.00859513873250985
0.00890078408482618 0.008530724428426163
0.00890078408482618 0.008628704763278192
0.00890078408482618 0.008560911382777306
0.00890078408482618 0.008550461040224491
0.00890078408482618 0.008490901375707724
0.00890078408482618 0.008735613732348492
0.00890078408482618 0.008619226042742994
0.00890078408482618 0.008626130696556093
0.00890078408482618 0.008724202693494153
0.00890078408482618 0.008711890896271966
0.00890078408482618 0.008499755191616469
0.00890078408482618 0.008625098970777003
0.00890078408482618 0.008690318093101845
0.00890078408482618 0.008518989157008987
0.00890078408482618 0.008582747927281836
0.00890078408482618 0.008618610163559099
0.00890078408482618 0.008609802515326986
0.00890078408482618 0.008680589824391934
0.00890078408482618 0.008088515572936918
0.00890078408482618 0.008642236094492411
0.00890078408482618 0.008389077843305554
0.00890078408482618 0.008688474177501689
0.00890078408482618 0.008602957425659516
0.00890078408482618 0.00841035263215193
0.00890078408482618 0.008504618745730807
0.00890078408482618 0.008576999742262649
0.00890078408482618 0.008753471598002186
0.00890078408482618 0.008423428208452809
0.00890078408482618 0.008563918805055023
0.00890078408482618 0.008677372148685114
0.00890078408482618 0.008613732257917865
0.00890078408482618 0.008688973111522216
0.00890078408482618 0.008617165235971204
0.00890078408482618 0.008645881773975558
0.00890078408482618 0.00852392197037792
0.00890078408482618 0.008722853071797543
0.00890078408482618 0.008423005515210759
0.00890078408482618 0.008556808707893606
0.00890078408482618 0.008706574204399586
0.00890078408482618 0.008641080122247138
0.00890078408482618 0.008550281644366973
0.00890078408482618 0.008607970479598468
0.00890078408482618 0.008582353668892768
0.00890078408482618 0.008483881710554007
0.00890078408482618 0.008608688019964285
0.00890078408482618 0.008735425449801238
0.00890078408482618 0.008722561023866714
0.00890078408482618 0.008682708640764007
0.00890078408482618 0.00857252811945939
0.00890078408482618 0.00849276839078093
0.011318095740181831 0.008602298059317804
0.011318095740181831 0.008604817532042232
0.011318095740181831 0.00884973215391701
0.011318095740181831 0.008388148645870301
0.011318095740181831 0.00864267103366556
0.011318095740181831 0.008973944574822606
0.011318095740181831 0.009416965528813267
0.011318095740181831 0.010198410528296224
0.011318095740181831 0.010310694247669784
0.011318095740181831 0.010821289317013389
0.011318095740181831 0.010841173355270722
0.011318095740181831 0.0109172471767055
0.011318095740181831 0.010837903659837665
0.011318095740181831 0.01093394704990796
0.011318095740181831 0.011104821206361803
0.011318095740181831 0.010660626748839427
0.011318095740181831 0.011102355867902747
0.011318095740181831 0.011041836140361446
0.011318095740181831 0.011096719483193775
0.011318095740181831 0.01086669636002413
0.011318095740181831 0.010931100454374357
0.011318095740181831 0.011114078892850978
0.011318095740181831 0.011114900018818161
0.011318095740181831 0.011169868470034164
0.011318095740181831 0.010962653689288329
0.011318095740181831 0.01098182437060118
0.011318095740181831 0.0110190276364597
0.011318095740181831 0.010679588569940248
0.011318095740181831 0.011076824695695408
0.011318095740181831 0.010975537472360606
0.011318095740181831 0.01088193701354806
0.011318095740181831 0.01078015898410014
0.011318095740181831 0.01069897014556877
0.011318095740181831 0.010973663458928704
0.011318095740181831 0.011024066015491845
0.011318095740181831 0.010796910865436686
0.011318095740181831 0.011094063264326617
0.011318095740181831 0.010859517825580634
0.011318095740181831 0.010980401707294063
0.011318095740181831 0.01089323274970716
0.011318095740181831 0.010928720516892252
0.011318095740181831 0.010775008560351195
0.011318095740181831 0.010719740422064063
0.011318095740181831 0.011029077373179591
0.011318095740181831 0.011118896475367042
0.011318095740181831 0.010931441696727091
0.011318095740181831 0.011028134873110449
0.011318095740181831 0.010964966168904388
0.011318095740181831 0.01102614961619619
0.011318095740181831 0.010791870491406681
0.011318095740181831 0.011076414350387611
0.011318095740181831 0.011078004532986368
0.011318095740181831 0.011025749137143999
0.011318095740181831 0.011031567464002176
0.011318095740181831 0.011036012726708476
0.011318095740181831 0.011017310660336944
0.011318095740181831 0.01103361981702963
0.011318095740181831 0.010990260750530636
0.011318095740181831 0.010986194297808
0.011318095740181831 0.010940476565631687
0.011318095740181831 0.011120623385270924
0.011318095740181831 0.010779402506439707
0.011318095740181831 0.010855109207696622
0.011318095740181831 0.010981319867788011
0.011318095740181831 0.011139651387677772
