6.844057861335501E-4 3.2425197199885804E-4
6.844057861335501E-4 3.6159372045510514E-4
6.844057861335501E-4 3.9189508079334935E-4
6.844057861335501E-4 4.106013052959926E-4
7.718831238906802E-4 4.636809537434779E-4
9.564551789159924E-4 4.98700819846227E-4
0.0011100059187893402 5.440885733568E-4
0.0011100059187893402 5.842603978648695E-4
0.0013361331067041347 6.621240681779996E-4
0.0013361331067041347 7.874841195940188E-4
0.0014856761903658108 9.110672370157296E-4
0.0018636128803795888 0.0010103141777064815
0.0018636128803795888 0.0010365982797572025
0.0019822454694460104 0.0011899735031797724
0.002233525686781948 0.0012311255781853319
0.00245316570369639 0.001368362899922471
0.00245316570369639 0.0014654773597002264
0.0027393547966105864 0.0015871380357472581
0.0027393547966105864 0.0017653160675800777
0.0027393547966105864 0.0018303910722261892
0.003147460025310494 0.0019196552357174442
0.003147460025310494 0.0020165029945550723
0.003239291305038309 0.0020655220284485853
0.0034324987727079 0.0021824382498270433
0.0034324987727079 0.002115574296754765
0.0034324987727079 0.0020196271505255907
0.0034324987727079 0.002094201373831379
0.0034341085919989667 0.0022557344601125337
0.0034341085919989667 0.002265199430864614
0.0034341085919989667 0.002163976192979853
0.004061991445471272 0.00237538328132129
0.004061991445471272 0.002674505049062634
0.004061991445471272 0.00267851144537603
0.004061991445471272 0.0027584962764052178
0.004061991445471272 0.0028076268472167743
0.004061991445471272 0.0028555153642353583
0.004061991445471272 0.002699342697858453
0.004061991445471272 0.0029360401641540146
0.004061991445471272 0.0031389385486683924
0.004484961349330254 0.0032232730603236836
0.004987064262607578 0.0033660691554810397
0.004987064262607578 0.0033581182073455346
0.004987064262607578 0.0032953247928142653
0.004987064262607578 0.00337582403374047
0.004987064262607578 0.0035540924854650453
0.004987064262607578 0.003824083444167974
0.004987064262607578 0.0036929784476917955
0.005781817356117382 0.00405672266233314
0.005781817356117382 0.004098479922713401
0.005781817356117382 0.004180884213360253
0.005781817356117382 0.004173677547684506
0.005781817356117382 0.004280395211419784
0.005781817356117382 0.00427521711637387
0.005781817356117382 0.0042630024845339365
0.005781817356117382 0.004339734661888235
0.006256819957381416 0.004400482537115589
0.006256819957381416 0.004237150601987049
0.006256819957381416 0.004424430279339946
0.006256819957381416 0.004634605447190706
0.006256819957381416 0.004950400121056152
0.006256819957381416 0.004925737830836094
0.006256819957381416 0.004766878157035013
0.006256819957381416 0.0049988230331062
0.006256819957381416 0.005065911689725089
0.006658713841816171 0.005041725851110571
0.006658713841816171 0.004878886772009197
0.006658713841816171 0.004849153525317299
0.006658713841816171 0.004779217995336598
0.006658713841816171 0.00476879847198808
0.006658713841816171 0.00484470113834138
0.006661405411695685 0.0057384652478200985
0.006661405411695685 0.0055453388194165254
0.006661405411695685 0.005724461398923028
0.006661405411695685 0.005545473145729314
0.006661405411695685 0.005636520308073117
0.006661405411695685 0.0058703727462908585
0.006661405411695685 0.005732625852304275
0.006661405411695685 0.005556233627714052
0.006661405411695685 0.005843367006444915
0.006661405411695685 0.005543266349655249
0.006661405411695685 0.006012932528079007
0.006924806291832859 0.005866111696562669
0.006924806291832859 0.005732058447156695
0.006924806291832859 0.005948985125140403
0.006924806291832859 0.005977550456331789
0.006924806291832859 0.005489418472823402
0.006924806291832859 0.005316805642392366
0.006924806291832859 0.00521639712720996
0.006924806291832859 0.005552214733169563
0.006924806291832859 0.0058977615363519
0.006924806291832859 0.005644955133810351
0.006924806291832859 0.005348174749292798
0.006924806291832859 0.0056207338892677065
0.006924806291832859 0.005623616912916367
0.006924806291832859 0.005757561343376468
0.006924806291832859 0.00549344782544385
0.006924806291832859 0.0059728473594378205
0.006924806291832859 0.006220869314103702
0.006924806291832859 0.006149497214668544
0.006924806291832859 0.006241606017888131
0.006924806291832859 0.005989521597364945
0.006924806291832859 0.006158587631445072
0.006924806291832859 0.005962497807902664
0.006924806291832859 0.006035811028749557
0.006924806291832859 0.006008470250535133
0.006924806291832859 0.006053131902396094
0.006924806291832859 0.00594941312604763
0.006924806291832859 0.00634137661043361
0.006924806291832859 0.0062193735895454535
0.006924806291832859 0.005905278112024726
0.006924806291832859 0.006035017831569637
0.006924806291832859 0.005866450331933552
0.006924806291832859 0.005749785886792476
0.006924806291832859 0.005848952127243409
0.006924806291832859 0.006478829211027628
0.006924806291832859 0.006166607047873938
0.006924806291832859 0.005854793572839693
0.006924806291832859 0.005931251349215432
0.006924806291832859 0.006035086345607449
0.006924806291832859 0.005948036293476231
0.006924806291832859 0.006047985264293363
0.006924806291832859 0.00628728591897526
0.006924806291832859 0.006584828861447112
0.006924806291832859 0.006222523018813584
0.006924806291832859 0.006210802967521827
0.006924806291832859 0.00606962935141972
0.006924806291832859 0.0060243033287391565
0.006924806291832859 0.006257682554713523
0.006924806291832859 0.005990389108133466
0.006924806291832859 0.005832215165326015
0.006924806291832859 0.0059935713468774465
0.006924806291832859 0.005754421586466763
0.006924806291832859 0.006429906056120679
0.006924806291832859 0.006274189406921134
0.006924806291832859 0.005817811376602886
0.006924806291832859 0.005792550254180229
0.006924806291832859 0.005810631169069495
0.006924806291832859 0.00597444462469041
0.006924806291832859 0.0062206662621510965
0.006924806291832859 0.005820979495640394
0.006924806291832859 0.005820999542244626
0.006924806291832859 0.0060812578734422825
0.006924806291832859 0.00612890229036715
0.006924806291832859 0.006373432770052172
0.006924806291832859 0.006128287165298101
0.006924806291832859 0.005929877259598176
0.006924806291832859 0.005928792894873903
0.006924806291832859 0.006354343858556402
0.006924806291832859 0.006177547529969122
0.006924806291832859 0.006345708775829216
0.006924806291832859 0.006155159905191041
0.006924806291832859 0.005906134924947038
0.006924806291832859 0.005815979870770036
0.006924806291832859 0.005905818101319864
0.006924806291832859 0.006026004266821553
0.006924806291832859 0.006001720458187476
0.006924806291832859 0.006115442021090046
0.006995040719668988 0.006192962672222042
0.006995040719668988 0.006087492313838258
0.006995040719668988 0.005937655809250003
0.006995040719668988 0.00582641030982356
0.006995040719668988 0.006194730554089311
0.006995040719668988 0.006104233379551479
0.006995040719668988 0.005999304073370167
0.006995040719668988 0.006071481033081889
0.006995040719668988 0.005851029846628846
0.006995040719668988 0.005937385801981914
0.006995040719668988 0.006204095003404289
0.006995040719668988 0.006355352492747471
0.006995040719668988 0.006016008821209908
0.006995040719668988 0.0057229776380828675
0.006995040719668988 0.0059460145092688635
0.006995040719668988 0.0057885372372882
0.006995040719668988 0.005608667985191197
0.006995040719668988 0.006342006539656082
0.006995040719668988 0.006276644818999245
0.006995040719668988 0.005767275347375814
0.010558276219160643 0.006121444836891794
0.010558276219160643 0.006400141605116079
0.010558276219160643 0.006468000611025478
0.010558276219160643 0.00688551372998652
0.010558276219160643 0.007587918965559646
0.010558276219160643 0.008853981659076733
0.010558276219160643 0.00946264007786459
0.010558276219160643 0.009768494749466606
0.010558276219160643 0.009501848314638486
0.010558276219160643 0.009628860393032984
0.010558276219160643 0.009923157897325919
0.010558276219160643 0.009815011969476787
0.010558276219160643 0.008810549623164852
0.010558276219160643 0.00931079336075983
0.010558276219160643 0.009311464295482508
0.010558276219160643 0.009168672629734182
0.010558276219160643 0.009185161184315936
0.010558276219160643 0.009883530485438503
0.010558276219160643 0.009728145227990329
0.010558276219160643 0.009369551905995796
0.010558276219160643 0.009940462534532894
0.010558276219160643 0.00952198571779879
0.010558276219160643 0.00966500579230002
