3781.0 10730.815
3781.0 9045.45
3781.0 8156.68
2553.0 7167.085
2578.0 6573.17
3105.0 5824.89
2641.0 4962.935
3284.0 4909.425
2226.0 4317.515
2226.0 3729.725
1794.0 3480.91
1747.0 3006.895
1542.0 2823.675
1165.0 2693.5
1165.0 2625.825
1165.0 2474.02
1165.0 2433.655
1105.0 2490.125
1348.0 2196.61
829.0 1995.85
829.0 2010.33
829.0 1960.145
739.0 1836.995
559.0 1594.5
559.0 1543.25
559.0 1319.395
559.0 1178.115
392.0 1001.58
392.0 947.38
392.0 799.355
392.0 710.86
392.0 765.09
392.0 791.71
392.0 664.205
392.0 642.955
392.0 633.14
392.0 689.765
392.0 613.2
392.0 570.04
392.0 720.18
392.0 758.12
392.0 710.43
392.0 580.855
392.0 675.135
392.0 786.585
392.0 731.185
392.0 799.73
392.0 708.84
392.0 840.065
392.0 643.545
392.0 713.04
392.0 693.73
392.0 523.945
392.0 617.795
392.0 651.885
392.0 702.37
392.0 689.725
392.0 546.07
392.0 741.215
392.0 635.245
392.0 675.355
392.0 666.69
392.0 636.91
392.0 785.825
392.0 623.575
392.0 628.025
392.0 639.95
392.0 619.12
392.0 643.73
392.0 564.89
392.0 658.155
392.0 707.945
392.0 701.42
392.0 695.145
392.0 744.835
392.0 589.43
392.0 613.175
392.0 720.885
392.0 580.56
392.0 691.91
392.0 586.075
392.0 641.87
392.0 549.27
392.0 631.645
392.0 711.77
392.0 632.735
392.0 625.1
392.0 666.045
392.0 686.355
392.0 693.62
392.0 700.24
392.0 772.805
392.0 701.495
392.0 689.515
392.0 673.505
392.0 598.05
392.0 654.315
392.0 654.87
392.0 655.015
392.0 575.815
392.0 621.28
392.0 589.025
392.0 586.675
392.0 643.905
392.0 676.955
392.0 631.515
392.0 672.335
392.0 684.09
392.0 662.68
392.0 629.035
392.0 554.915
392.0 635.285
392.0 749.69
392.0 711.09
392.0 636.64
392.0 828.48
392.0 750.625
392.0 745.67
392.0 753.865
392.0 658.715
392.0 672.395
392.0 608.9
392.0 607.68
392.0 659.26
392.0 680.265
392.0 753.135
392.0 673.125
392.0 663.87
392.0 655.025
392.0 598.945
392.0 676.355
392.0 673.81
392.0 779.305
392.0 605.65
392.0 698.365
392.0 711.315
392.0 608.505
392.0 760.205
392.0 630.265
392.0 619.6
392.0 683.55
392.0 651.045
392.0 658.4
392.0 739.26
392.0 678.615
392.0 707.785
392.0 708.71
392.0 752.305
392.0 732.395
392.0 678.315
392.0 670.035
392.0 635.235
392.0 715.815
392.0 692.81
392.0 721.79
392.0 723.425
392.0 689.63
392.0 681.105
392.0 690.12
392.0 644.12
392.0 735.28
392.0 712.52
392.0 658.275
392.0 719.19
392.0 672.305
392.0 709.98
392.0 706.45
392.0 655.835
392.0 755.72
392.0 686.015
392.0 735.635
392.0 659.79
392.0 699.045
392.0 668.79
392.0 719.155
392.0 644.87
392.0 726.12
392.0 642.32
392.0 635.32
392.0 629.535
392.0 708.07
392.0 609.805
392.0 768.0
392.0 592.84
392.0 685.885
392.0 638.3
392.0 691.38
392.0 771.425
392.0 670.905
392.0 627.325
392.0 710.075
392.0 669.8
392.0 654.76
392.0 736.85
392.0 818.19
392.0 767.765
392.0 739.46
392.0 756.63
392.0 780.03
392.0 711.855
