5051.0 11002.24
4588.0 10028.31
3401.0 8815.82
3419.0 7905.905
3488.0 7159.82
2776.0 5580.575
2776.0 5142.715
2776.0 4451.945
2503.0 4354.795
2125.0 4038.475
2125.0 4013.085
2319.0 3751.445
1574.0 3504.37
1574.0 3207.51
1553.0 2909.925
1553.0 2760.95
1553.0 2650.98
1553.0 2565.615
1329.0 2503.97
1109.0 2406.905
583.0 2202.425
555.0 2052.61
555.0 1885.92
555.0 1517.565
555.0 1109.84
555.0 1099.07
555.0 1077.76
555.0 1001.045
555.0 923.615
555.0 909.545
555.0 1043.365
555.0 1028.93
492.0 1028.33
492.0 961.43
492.0 971.145
492.0 1022.32
492.0 1132.075
492.0 948.65
492.0 977.415
492.0 980.73
492.0 923.675
492.0 826.135
492.0 804.785
492.0 806.065
492.0 797.025
492.0 857.35
492.0 814.39
492.0 832.585
492.0 774.225
492.0 863.635
492.0 760.945
492.0 691.64
492.0 742.49
492.0 834.545
492.0 790.69
492.0 808.725
492.0 803.585
492.0 797.08
428.0 802.15
428.0 774.34
428.0 732.935
428.0 837.605
428.0 725.075
428.0 822.565
428.0 922.845
428.0 844.57
403.0 1035.355
403.0 711.67
403.0 736.155
403.0 760.84
403.0 902.155
403.0 742.17
403.0 673.025
403.0 657.12
403.0 634.845
403.0 649.835
403.0 644.78
403.0 666.595
403.0 732.525
403.0 555.73
403.0 630.58
403.0 666.46
403.0 734.425
403.0 708.375
403.0 610.045
403.0 685.385
403.0 622.715
403.0 651.03
403.0 767.375
403.0 678.7
403.0 683.27
403.0 682.175
403.0 658.155
403.0 572.375
403.0 693.995
403.0 661.92
403.0 675.05
403.0 643.64
403.0 644.5
403.0 609.955
403.0 634.7
403.0 726.045
403.0 792.42
403.0 818.005
403.0 746.76
403.0 629.865
403.0 649.04
403.0 802.395
403.0 706.205
403.0 605.015
403.0 589.96
403.0 576.645
403.0 585.115
403.0 586.36
403.0 633.24
403.0 706.205
403.0 594.215
403.0 705.23
403.0 691.795
403.0 670.085
403.0 786.91
403.0 633.615
403.0 707.805
403.0 739.565
403.0 782.54
403.0 697.045
403.0 626.755
403.0 732.85
403.0 657.715
403.0 727.21
403.0 633.75
403.0 763.16
403.0 616.725
403.0 624.26
403.0 676.63
403.0 712.515
403.0 698.43
403.0 592.895
403.0 723.01
403.0 740.94
403.0 615.245
403.0 669.485
403.0 667.685
403.0 721.59
403.0 661.545
403.0 697.355
403.0 814.1
403.0 705.065
403.0 613.355
403.0 649.205
403.0 638.29
403.0 665.89
403.0 768.555
403.0 768.245
403.0 676.38
403.0 611.94
403.0 665.625
403.0 589.92
403.0 620.07
403.0 732.555
403.0 696.32
403.0 704.215
403.0 641.555
403.0 663.89
403.0 620.525
403.0 686.73
403.0 626.425
403.0 653.865
403.0 636.455
403.0 864.985
403.0 679.04
403.0 717.37
403.0 622.175
403.0 705.795
403.0 694.69
403.0 679.77
403.0 757.98
403.0 769.305
403.0 886.005
403.0 780.65
403.0 671.055
352.0 712.38
352.0 714.245
352.0 718.51
352.0 821.995
332.0 637.41
332.0 670.175
332.0 688.23
332.0 700.59
332.0 593.825
332.0 529.415
332.0 606.885
332.0 697.395
332.0 774.31
332.0 693.07
332.0 716.6
332.0 706.435
332.0 621.51
332.0 570.345
332.0 621.225
