5.24725434149399E-4 3.1542141499156734E-4
5.918082373581096E-4 3.5043193814366324E-4
8.153610602922718E-4 3.8284128310155547E-4
0.0010158697114934759 4.255373923397286E-4
0.0010158697114934759 4.658797045154127E-4
0.0010158697114934759 4.959623571861198E-4
0.0010158697114934759 5.49525421707611E-4
0.0011601733079799191 5.726504622394382E-4
0.0015772600347400698 6.681847840292454E-4
0.0016748343412559838 7.439142137946603E-4
0.0016748343412559838 8.48366482136162E-4
0.0016748343412559838 9.723718355447993E-4
0.0025153626779456134 0.0010753967195696998
0.0025153626779456134 0.001210081150818063
0.0025153626779456134 0.0012371827085966576
0.0025153626779456134 0.0013367984227358944
0.0025153626779456134 0.0012936919688298094
0.0025153626779456134 0.0013269975770023835
0.0025153626779456134 0.0013464733061256773
0.0028919481332133944 0.0014270051601905913
0.0028919481332133944 0.0014280671132900309
0.0028919481332133944 0.0015590841612408055
0.0028919481332133944 0.0014987937702757644
0.003291837311325294 0.0016598706819782672
0.003291837311325294 0.0016883955673737932
0.003799410866810544 0.0017656177268176362
0.003799410866810544 0.0018092876960108138
0.003799410866810544 0.002024866836741008
0.003799410866810544 0.0021877487196838123
0.00496218339643788 0.0023539713388461485
0.005231548497171849 0.0028285537484048313
0.005231548497171849 0.0033480262905831704
0.0078039310497643585 0.0037807610156551353
0.0078039310497643585 0.004458969714229769
0.0078039310497643585 0.004947359910027947
0.0078039310497643585 0.005933866375586347
0.0078039310497643585 0.006231992772708899
0.0078039310497643585 0.0064181855442518145
0.0078039310497643585 0.006639656162641483
0.0078039310497643585 0.00632403114932778
0.0078039310497643585 0.006750369368623954
0.0078039310497643585 0.007129752671785759
0.0078039310497643585 0.006812409467041616
0.0078039310497643585 0.0069688451528424
0.0078039310497643585 0.006651549075508316
0.0078039310497643585 0.006770611091662393
0.0078039310497643585 0.006923710970532116
0.0078039310497643585 0.006655691280201242
0.0078039310497643585 0.0067964177697207
0.0078039310497643585 0.007031076977572135
0.0078039310497643585 0.007041569708607318
0.0078039310497643585 0.00682661267347981
0.0078039310497643585 0.006930488560556563
0.0078039310497643585 0.006935616329228389
0.0078039310497643585 0.007032934133005446
0.0078039310497643585 0.006932078316183735
0.0078039310497643585 0.007010194267209236
0.0078039310497643585 0.006839413492344697
0.0078039310497643585 0.007043002998669058
0.0078039310497643585 0.007321638286189718
0.0078039310497643585 0.007041919721144028
0.0078039310497643585 0.006892983779021964
0.0078039310497643585 0.007063499079983545
0.0078039310497643585 0.006823960321786175
0.0078039310497643585 0.0070844729926871994
0.0078039310497643585 0.007065568368814491
0.0078039310497643585 0.006894833394188368
0.0078039310497643585 0.006910755427659553
0.0078039310497643585 0.0067413831215640645
0.0078039310497643585 0.006863493799244149
0.0078039310497643585 0.006902706817566342
0.0078039310497643585 0.0068705406433057035
0.0078039310497643585 0.006666201830379487
0.0078039310497643585 0.006899505409534159
0.0078039310497643585 0.00688461376336817
0.0078039310497643585 0.006801513665254674
0.0078039310497643585 0.007098941888860698
0.0078039310497643585 0.007008154093957203
0.0078039310497643585 0.00694131964509804
0.0078039310497643585 0.006861628822963563
0.0078039310497643585 0.00691081904185674
0.0078039310497643585 0.006945274982862445
0.0078039310497643585 0.006664296292441873
0.0078039310497643585 0.006991629481558434
0.0078039310497643585 0.006752052655892106
0.0078039310497643585 0.0065915772782853335
0.0078039310497643585 0.006988015060778038
0.0078039310497643585 0.006882877175546769
0.0078039310497643585 0.006881446603638524
0.0078039310497643585 0.006868482826114758
0.0078039310497643585 0.007069810498100109
0.0078039310497643585 0.006984406177793028
0.0078039310497643585 0.006943125729589222
0.0078039310497643585 0.007084887429339947
0.0078039310497643585 0.006986275103690772
0.0078039310497643585 0.006736640211736961
0.0078039310497643585 0.006780485113799338
0.0078039310497643585 0.006789808954604155
0.0078039310497643585 0.00702216564975627
0.0078039310497643585 0.006848685242634882
0.0078039310497643585 0.0070758211356948784
0.0078039310497643585 0.007056400491052505
0.0078039310497643585 0.007031829857333781
0.0078039310497643585 0.007223797634100149
0.0078039310497643585 0.007071001297200143
0.0078039310497643585 0.006753136816657358
0.0078039310497643585 0.006714955244930109
0.0078039310497643585 0.0065984841213976965
0.0078039310497643585 0.006437730419781649
0.0078039310497643585 0.006808383533501613
0.0078039310497643585 0.006781049507087181
0.0078039310497643585 0.007267670963374205
0.0078039310497643585 0.006842533162588645
0.0078039310497643585 0.0066779545201240435
0.0078039310497643585 0.006891142881736214
0.0078039310497643585 0.006916171011462087
0.0078039310497643585 0.006843966506396643
0.0078039310497643585 0.006904548316598602
0.0078039310497643585 0.006718273921700117
0.0078039310497643585 0.006979730232025316
0.0078039310497643585 0.006868874653703694
0.0078039310497643585 0.006929121362439125
0.0078039310497643585 0.007080572132314571
0.0078039310497643585 0.007015701112064378
0.0078039310497643585 0.0068401353222634865
0.0078039310497643585 0.007258790853330379
0.0078039310497643585 0.007110342160508255
0.0078039310497643585 0.007271375340826018
0.0078039310497643585 0.0067198131116526375
0.0078039310497643585 0.006843616927543889
0.0078039310497643585 0.0069667620273626725
0.0078039310497643585 0.006980174328120264
0.0078039310497643585 0.006920214213001754
0.0078039310497643585 0.006752865477746713
0.0078039310497643585 0.006942161258812078
0.0078039310497643585 0.0067637659919094605
0.0078039310497643585 0.006670048688792595
0.0078039310497643585 0.006842043702925658
0.0078039310497643585 0.007126614410666259
0.0078039310497643585 0.0068289162878160505
0.0078039310497643585 0.006867518902233455
0.0078039310497643585 0.006756876460886697
0.0078039310497643585 0.006971380293158958
0.0078039310497643585 0.00708963956752065
0.0078039310497643585 0.006893174689792813
0.0078039310497643585 0.006602345309457799
0.0078039310497643585 0.006386323074519754
0.0078039310497643585 0.006471338057170516
0.0078039310497643585 0.007196438371046393
0.0078039310497643585 0.0070098820589127465
0.0078039310497643585 0.006773690428929792
0.0078039310497643585 0.006884065732445386
0.0078039310497643585 0.00678409465335136
0.0078039310497643585 0.006980510706498843
0.0078039310497643585 0.006789330285984834
0.0078039310497643585 0.006726978826759405
0.0078039310497643585 0.007081446059570702
0.0078039310497643585 0.00670308559977706
0.0078039310497643585 0.006799780406177866
0.0078039310497643585 0.006930661794124671
0.0078039310497643585 0.0072118468509576004
0.0078039310497643585 0.006586275849906156
0.0078039310497643585 0.006663620907722295
0.0078039310497643585 0.006507400658399098
0.0078039310497643585 0.006756680188693793
0.0078039310497643585 0.006831813164444281
0.0078039310497643585 0.007231413890185461
0.0078039310497643585 0.0070065530416029975
0.0078039310497643585 0.007014159064782325
0.0078039310497643585 0.006729053540779066
0.0078039310497643585 0.006865887898457002
0.0078039310497643585 0.00669762179167848
0.0078039310497643585 0.0069285315764920615
0.0078039310497643585 0.0068259226208000345
0.0078039310497643585 0.006781536263692434
0.0078039310497643585 0.006838323537128809
0.0078039310497643585 0.007219691302748766
0.0078039310497643585 0.007013110341877974
0.0078039310497643585 0.006556300509287691
0.0078039310497643585 0.006421567966887925
0.0078039310497643585 0.006487724221959777
0.0078039310497643585 0.00685046488008578
0.0078039310497643585 0.006799607201148207
0.0078039310497643585 0.006875877577976708
0.0078039310497643585 0.007017033356346311
0.0078039310497643585 0.0068498224769677155
0.0078039310497643585 0.0067251070613688745
0.0078039310497643585 0.007052087248621937
0.0078039310497643585 0.00690684228842289
0.0078039310497643585 0.006994877032706214
0.0078039310497643585 0.0066854197456426125
0.0078039310497643585 0.007162579531393581
0.0078039310497643585 0.006976420135624368
0.0078039310497643585 0.006988138414545955
0.0078039310497643585 0.006454142885550412
0.0078039310497643585 0.006884760757573705
0.0078039310497643585 0.006840007666331171
0.0078039310497643585 0.007060345973440129
0.0078039310497643585 0.007045885366087393
0.0078039310497643585 0.007073448223975442
