5.897139494466824E-4 3.135199200151461E-4
6.674327918629788E-4 3.6051067037818615E-4
7.589854509128115E-4 4.02359244775694E-4
0.0010606133732471966 4.416684612096327E-4
0.0013529709223912844 4.945399575292458E-4
0.0013529709223912844 5.435747083806107E-4
0.0015241415547945785 6.748493220167643E-4
0.0015241415547945785 8.321951000864034E-4
0.002291295676084854 9.536011498559375E-4
0.002291295676084854 0.0010579354854829482
0.002291295676084854 0.001174948307081739
0.0025824767447133155 0.0013494714288820409
0.0025824767447133155 0.0014390871551762314
0.004345362496568739 0.0015685656798749908
0.004345362496568739 0.001705777364431441
0.004345362496568739 0.0018933721938310718
0.004345362496568739 0.0020707804019343893
0.004345362496568739 0.002742171000761113
0.004345362496568739 0.0032014261373662727
0.004345362496568739 0.003627791297863229
0.004345362496568739 0.003642442800836165
0.004816905016591977 0.003582794781825797
0.004816905016591977 0.0037357837511340346
0.004816905016591977 0.003750889971655509
0.004816905016591977 0.003715917849373705
0.004816905016591977 0.003639453886896364
0.004816905016591977 0.0038090547556584543
0.004816905016591977 0.0038097921994471977
0.004816905016591977 0.0036967919362429135
0.004816905016591977 0.003988846971382889
0.004816905016591977 0.0038264265158215
0.004816905016591977 0.003914108492188019
0.005041639436635536 0.004058279384140575
0.005041639436635536 0.004044958451491802
0.005041639436635536 0.003828916067661225
0.005041639436635536 0.0038440436024032997
0.005041639436635536 0.003960100445231701
0.005041639436635536 0.0040404026737160805
0.005041639436635536 0.004136134395072765
0.005041639436635536 0.004376695839254786
0.005601852652299533 0.003984489548641982
0.005601852652299533 0.00425072216069376
0.005601852652299533 0.004262275301970898
0.005601852652299533 0.004285506271937983
0.005601852652299533 0.004203235210768078
0.005601852652299533 0.004191731277560037
0.005601852652299533 0.004352224069304838
0.005601852652299533 0.00449343903904458
0.005601852652299533 0.0046071208876994636
0.005601852652299533 0.004482016760290341
0.005601852652299533 0.004319188451573495
0.005601852652299533 0.00485032468092152
0.005601852652299533 0.0049439241501626294
0.005601852652299533 0.004907389341100215
0.005601852652299533 0.004611494375481148
0.005601852652299533 0.004789245203342033
0.0058691672037158695 0.005080207951154628
0.0058691672037158695 0.004894662308609338
0.0058691672037158695 0.004750498254147853
0.0058691672037158695 0.004662991719133025
0.0058691672037158695 0.00471386718457649
0.0058691672037158695 0.004652764927934465
0.0058691672037158695 0.0049147025681451325
0.0058691672037158695 0.004616684547975885
0.0058691672037158695 0.004629970938505335
0.0058691672037158695 0.004564265978847728
0.0058691672037158695 0.004867602121136827
0.0058691672037158695 0.00502053033464416
0.0058691672037158695 0.004906453359189991
0.00618786922860365 0.005006556162525686
0.00618786922860365 0.004686873836536902
0.006564850047134283 0.00502668591619868
0.006564850047134283 0.005119085213606861
0.006564850047134283 0.0049890921187391215
0.006564850047134283 0.0051770256785910905
0.006564850047134283 0.005237738885073107
0.006564850047134283 0.004961121541005393
0.006564850047134283 0.005012444903605091
0.006564850047134283 0.005147200747838876
0.006564850047134283 0.0053474956984710656
0.006564850047134283 0.005465602738418432
0.006564850047134283 0.005669786834004559
0.006564850047134283 0.005398404909621967
0.006564850047134283 0.005660177817479881
0.006564850047134283 0.005807792116879025
0.006564850047134283 0.005645832467572863
0.006564850047134283 0.00553942608750569
0.006564850047134283 0.005825979176544576
0.006564850047134283 0.005947046150961271
0.006564850047134283 0.005725471352696276
0.006564850047134283 0.005624134925573295
0.006564850047134283 0.005685131667596865
0.006564850047134283 0.0055916252187399925
0.006564850047134283 0.005732248976359145
0.006564850047134283 0.005894813752129107
0.006564850047134283 0.005907621781454386
0.006564850047134283 0.005562364779834299
0.006564850047134283 0.005565892919714228
0.006564850047134283 0.005743495144256225
0.006564850047134283 0.005786996661815967
0.006564850047134283 0.0054029953518077945
0.006564850047134283 0.0053620826931816325
0.006564850047134283 0.005610143319019283
0.006564850047134283 0.005824126331079474
0.006564850047134283 0.005821701422552679
0.006564850047134283 0.005537591984172184
0.006564850047134283 0.005720801226172898
0.006564850047134283 0.005588722147142848
0.006564850047134283 0.0056104422572076105
0.006564850047134283 0.005481334094673967
0.006564850047134283 0.005514666518302346
0.006564850047134283 0.005736149345579589
0.006564850047134283 0.005759830108893736
0.006564850047134283 0.005967319470339682
0.006564850047134283 0.005757112018813525
0.006564850047134283 0.005851121264015689
0.006564850047134283 0.005481842290120716
0.006564850047134283 0.005429241465740021
0.006564850047134283 0.005857792071209967
0.006564850047134283 0.005710854801574411
0.006564850047134283 0.005782373602877199
0.006564850047134283 0.005798395512066448
0.006564850047134283 0.005889301128356711
0.006564850047134283 0.005925538910674154
0.006564850047134283 0.0054154987645397105
0.006564850047134283 0.005279017993782495
0.006564850047134283 0.005720261575697681
0.006564850047134283 0.005410987758827038
0.006564850047134283 0.005743370773626954
0.006564850047134283 0.005650506180837017
0.006564850047134283 0.005840126720668795
0.006564850047134283 0.005642424923306194
0.006564850047134283 0.005447305401491911
0.006564850047134283 0.0055859742688947325
0.006564850047134283 0.005829872843594604
0.006564850047134283 0.005878856999796726
0.006564850047134283 0.005746314522618915
0.006564850047134283 0.005946707012965153
0.006564850047134283 0.0058550749518961566
0.006564850047134283 0.0058413403967308005
0.006564850047134283 0.006094643083390488
0.006564850047134283 0.005923204851540007
0.006564850047134283 0.005714530096945582
0.006564850047134283 0.005409026471247966
0.006564850047134283 0.00598026550820668
0.006564850047134283 0.00595219732087552
0.006564850047134283 0.005887692257144852
0.006564850047134283 0.0054707532629582525
0.006564850047134283 0.005700006033551221
0.006564850047134283 0.005944024803485081
0.006564850047134283 0.005762592448213919
0.006564850047134283 0.0056345852531132145
0.006564850047134283 0.005765947356075057
0.006564850047134283 0.0055975522741174176
0.007197287421703944 0.005785016301146048
0.007197287421703944 0.005612026688517813
0.007197287421703944 0.005698304217983472
0.007197287421703944 0.0057729360775509745
0.007197287421703944 0.0061050353364252245
0.007197287421703944 0.006124376528747969
0.007197287421703944 0.006332042955616176
0.007197287421703944 0.005944161158385648
0.007197287421703944 0.005874921644775995
0.007197287421703944 0.00614257594222278
0.007197287421703944 0.006372792115135037
0.007197287421703944 0.006348530121000267
0.007197287421703944 0.006354648370280014
0.007197287421703944 0.006337045932802396
0.007197287421703944 0.006258174636891565
0.007197287421703944 0.006403196307967413
0.007197287421703944 0.006412122401298218
0.007197287421703944 0.006351402589543233
0.007197287421703944 0.006287416823502392
0.007197287421703944 0.006343409360028763
0.007197287421703944 0.006472537837607287
0.007197287421703944 0.006072036501775486
0.007197287421703944 0.006299351254459181
0.007197287421703944 0.006553121292324724
0.007197287421703944 0.006385974707892651
0.007197287421703944 0.00615646764639129
0.007197287421703944 0.0062259312612986464
0.007197287421703944 0.0061138479405300405
0.007197287421703944 0.0063756974155848144
0.007197287421703944 0.006408680381341533
0.007197287421703944 0.006527294762079032
0.007197287421703944 0.006341714278576483
0.007197287421703944 0.006022893959406777
0.007197287421703944 0.0062938798277869966
0.007197287421703944 0.006487534233974427
0.007197287421703944 0.006408342318636257
0.007197287421703944 0.0063392594194859155
0.007197287421703944 0.006508728260122649
0.007197287421703944 0.006243670180448695
0.007197287421703944 0.006028045289729278
0.007197287421703944 0.006482662150623374
0.007197287421703944 0.006304961349741478
0.007197287421703944 0.006441557834546202
0.007197287421703944 0.0058960446446969786
0.007197287421703944 0.006328831673022069
0.007197287421703944 0.006302912770409203
