5.907310162805767E-4 3.035591033019574E-4
5.907310162805767E-4 3.508251927186519E-4
7.911626798349527E-4 3.676628933109758E-4
9.551113381802772E-4 4.2718328078634863E-4
0.001205141204242754 5.301644636781871E-4
0.001205141204242754 6.042514667820732E-4
0.0017669542182350481 7.509699476261592E-4
0.0017669542182350481 8.20875438309402E-4
0.0017669542182350481 8.977278550649393E-4
0.0018747502940319404 9.60199016354564E-4
0.0021077698389626344 0.001059059340358761
0.0023426078567489513 0.001099508754326802
0.0023426078567489513 0.0011236561468210178
0.0029059728106573604 0.0012719751672270552
0.0029059728106573604 0.001451230495876556
0.0031153806981184494 0.0015033696289768921
0.004056885082206929 0.0017187205898224866
0.004056885082206929 0.0018391505041301963
0.004056885082206929 0.0019802009811920886
0.004056885082206929 0.002132224357969956
0.004056885082206929 0.002637839219898009
0.004098467741829403 0.0030454967829358086
0.004098467741829403 0.0034526343859009813
0.004098467741829403 0.0032867018676043438
0.004098467741829403 0.003423355316091135
0.004098467741829403 0.0032046957641253203
0.004098467741829403 0.0032264935142328212
0.004098467741829403 0.003291790433044645
0.004098467741829403 0.003260859994015767
0.004098467741829403 0.0033643704707057185
0.004098467741829403 0.0031927370991847114
0.004098467741829403 0.0033790738314155018
0.004116392233149431 0.0035323720070374962
0.004116392233149431 0.0035405015566839426
0.004116392233149431 0.003431632148318867
0.004116392233149431 0.0035740439569865597
0.004116392233149431 0.003457086553109269
0.004116392233149431 0.0034605227566728253
0.004116392233149431 0.0033588024767573416
0.004116392233149431 0.0032201113777738316
0.004116392233149431 0.0029917656799763725
0.00525954916211924 0.0031888588087095864
0.00525954916211924 0.003396783470609596
0.00525954916211924 0.0033861231621512846
0.00525954916211924 0.0035841850799022035
0.00525954916211924 0.0036878628449810175
0.00525954916211924 0.003788943216788209
0.00525954916211924 0.004174336012936111
0.00525954916211924 0.004392118677162041
0.00525954916211924 0.00425049929917792
0.005569362380274734 0.004457796215063981
0.005569362380274734 0.004426284475277612
0.005569362380274734 0.004328208020072621
0.005569362380274734 0.004754977171325603
0.005569362380274734 0.004764277292417634
0.006677623661284541 0.0048708908088177846
0.006677623661284541 0.004774102967495976
0.006677623661284541 0.004402221871280591
0.006677623661284541 0.004710357342997275
0.006677623661284541 0.004630386085842282
0.006677623661284541 0.004629692178747465
0.006677623661284541 0.004883264667931845
0.006677623661284541 0.005274244759145444
0.006677623661284541 0.00537046543749427
0.006677623661284541 0.005680998949747029
0.006677623661284541 0.0055377163101894954
0.006677623661284541 0.00584867538185321
0.006677623661284541 0.005827797400820246
0.006677623661284541 0.005977642446692782
0.006677623661284541 0.0061204456915959216
0.006677623661284541 0.006025750762410513
0.006677623661284541 0.005917085403487025
0.006677623661284541 0.005770384254722555
0.006969661271696783 0.006303811042059173
0.006969661271696783 0.006036474711625372
0.006969661271696783 0.00604394990702411
0.006969661271696783 0.005652073399291454
0.006969661271696783 0.006021170394992086
0.006969661271696783 0.005754772634033451
0.006969661271696783 0.005450442382399278
0.006969661271696783 0.005897752929418842
0.006969661271696783 0.005641749482647986
0.006969661271696783 0.005375254790580215
0.006969661271696783 0.0059363724234267855
0.006969661271696783 0.006453474482886772
0.006969661271696783 0.006372269544964469
0.006969661271696783 0.006128862778919197
0.006969661271696783 0.005790522969970262
0.006969661271696783 0.006178091459722487
0.006969661271696783 0.005990191527050564
0.006969661271696783 0.005712540375127623
0.006969661271696783 0.005906200507446558
0.006969661271696783 0.006086181518907111
0.006969661271696783 0.005910143704186831
0.006969661271696783 0.005757947635980493
0.006969661271696783 0.005898950133433289
0.006969661271696783 0.005868018415737812
0.006969661271696783 0.0065600198026642634
0.006969661271696783 0.0060799169680393825
0.006969661271696783 0.006414885401545061
0.006969661271696783 0.006012133006000418
0.006969661271696783 0.005911276416323269
0.006969661271696783 0.006339163607282286
0.006969661271696783 0.0058582616331488944
0.006969661271696783 0.005895167669910876
0.006969661271696783 0.005895335480429524
0.006969661271696783 0.005989476742781243
0.006969661271696783 0.006107945793519111
0.006969661271696783 0.005742708357824213
0.006969661271696783 0.005742149185479569
0.006969661271696783 0.00587770007745351
0.006969661271696783 0.006364745511595798
0.006969661271696783 0.006195663871058693
0.006969661271696783 0.006360026093752269
0.006969661271696783 0.0058166832341149145
0.006969661271696783 0.005997054264566283
0.006969661271696783 0.0062042725307613665
0.006969661271696783 0.006181314035209332
0.006969661271696783 0.006417302804558588
0.006969661271696783 0.006059888059974066
0.006969661271696783 0.00620027966952231
0.006969661271696783 0.005928781270184245
0.006969661271696783 0.006282828126438964
0.006969661271696783 0.006180068619594807
0.006969661271696783 0.005944722501194987
0.006969661271696783 0.0056441922425971335
0.006969661271696783 0.006074229630634392
0.006969661271696783 0.005849622031675123
0.006969661271696783 0.005949072378605442
0.006969661271696783 0.006256154749646324
0.006969661271696783 0.005922794205402302
0.006969661271696783 0.005971281250773049
0.006969661271696783 0.0061730069053350925
0.006969661271696783 0.006006178010966945
0.006969661271696783 0.006051756679124955
0.006969661271696783 0.005887456480516129
0.006969661271696783 0.005973748422230708
0.006969661271696783 0.006157345870813116
0.006969661271696783 0.0064867743649300105
0.006969661271696783 0.006189695049072147
0.006969661271696783 0.005979536178908956
0.006969661271696783 0.006052383533733275
0.006969661271696783 0.005942879682674579
0.006969661271696783 0.0060516810421496195
0.006969661271696783 0.005464904751518238
0.006969661271696783 0.005611734152613737
0.006969661271696783 0.006183640166431271
0.006969661271696783 0.005833345672913884
0.006969661271696783 0.006103174916093299
0.006969661271696783 0.005907929319636411
0.006969661271696783 0.006183603128625446
0.006969661271696783 0.006130820559329081
0.006969661271696783 0.005898831614786164
0.006969661271696783 0.005930545808845412
0.006969661271696783 0.005855050338337854
0.006969661271696783 0.005879013034345158
0.006969661271696783 0.0060018414802122675
0.006969661271696783 0.006302124620267401
0.006969661271696783 0.005914652075861687
0.006969661271696783 0.005987036556056576
0.006969661271696783 0.00627023161837148
0.006969661271696783 0.006039906463017106
0.006969661271696783 0.005753337326919263
0.006969661271696783 0.006135345809325382
0.006969661271696783 0.006107053156765844
0.006969661271696783 0.00624746316810563
0.006969661271696783 0.00597388532268835
0.006969661271696783 0.005845523570953306
0.006969661271696783 0.0060516689418992076
0.006969661271696783 0.0061177580197051004
0.006969661271696783 0.0061745078397511385
0.006969661271696783 0.0061366860752107314
0.006969661271696783 0.006356355960526984
0.006969661271696783 0.0059566660911544115
0.006969661271696783 0.006152161752838614
0.006969661271696783 0.005795403349179788
0.006969661271696783 0.005925263972985251
0.006969661271696783 0.006185075171029341
0.006969661271696783 0.006086590077601297
0.006969661271696783 0.006219984114647641
0.006969661271696783 0.006314269635058197
0.006969661271696783 0.006105060139627262
0.006969661271696783 0.006207285466489781
0.006969661271696783 0.005854069383255563
0.006969661271696783 0.0061296592041156
0.006969661271696783 0.006282901476297087
0.006969661271696783 0.005873186860793325
0.006969661271696783 0.006171562143878249
0.006969661271696783 0.006200543038729537
0.006969661271696783 0.005832996663397321
0.006969661271696783 0.00615802051829722
0.006969661271696783 0.005992054997121409
0.006969661271696783 0.006051112802831607
0.006969661271696783 0.005967535843169237
0.006969661271696783 0.006107875259699009
0.006969661271696783 0.006136765322337733
0.0073477344916353686 0.006031973428731803
0.0073477344916353686 0.00585733872017425
0.0073477344916353686 0.006159289928149473
0.0073477344916353686 0.006220304816448332
