4774.0 11059.105
4774.0 10496.855
4774.0 9918.86
4774.0 8920.465
2775.0 8015.25
2775.0 8104.18
2775.0 7084.7
2775.0 6574.015
2922.0 5668.105
2787.0 4619.73
2097.0 4111.02
2297.0 3603.065
2026.0 3400.805
1910.0 3156.035
1925.0 3169.8
1043.0 2716.45
1043.0 2689.685
1043.0 2563.735
876.0 2465.11
876.0 2324.45
876.0 2238.665
876.0 1944.505
876.0 1826.685
876.0 1699.195
876.0 1523.115
503.0 1525.75
503.0 1530.005
503.0 1436.88
503.0 1238.425
453.0 1058.795
453.0 1061.075
453.0 929.975
453.0 1049.755
453.0 909.4
453.0 811.335
453.0 780.19
453.0 821.71
453.0 721.02
453.0 791.79
453.0 821.765
453.0 867.925
453.0 892.53
453.0 843.515
453.0 824.915
453.0 815.35
453.0 736.67
453.0 799.87
453.0 875.06
453.0 855.535
453.0 830.31
453.0 818.895
453.0 760.525
453.0 789.3
453.0 690.445
453.0 636.265
453.0 820.615
453.0 814.62
453.0 762.16
453.0 686.5
453.0 751.08
453.0 782.02
453.0 809.05
453.0 781.745
453.0 686.62
453.0 826.0
453.0 749.055
453.0 771.4
453.0 781.525
426.0 695.455
426.0 856.43
426.0 894.295
426.0 766.635
426.0 666.675
426.0 738.52
426.0 766.52
426.0 763.855
426.0 664.18
426.0 814.22
426.0 874.17
426.0 880.72
426.0 757.4
426.0 807.27
426.0 784.065
426.0 798.875
426.0 902.495
426.0 662.165
426.0 783.675
342.0 788.65
342.0 688.02
342.0 733.745
342.0 779.66
342.0 782.525
342.0 791.19
342.0 916.01
342.0 697.715
342.0 748.965
342.0 754.275
342.0 721.565
342.0 622.33
342.0 594.84
342.0 591.48
342.0 521.07
342.0 625.75
342.0 622.905
342.0 625.4
342.0 598.305
342.0 578.75
342.0 581.03
342.0 600.145
342.0 525.125
342.0 538.83
342.0 534.665
342.0 505.315
342.0 638.52
342.0 511.395
342.0 522.475
342.0 615.315
342.0 672.65
342.0 628.28
342.0 610.41
342.0 564.54
342.0 555.935
342.0 748.38
342.0 543.62
342.0 596.02
342.0 646.265
342.0 695.59
342.0 695.745
342.0 550.255
342.0 531.085
342.0 623.205
342.0 587.745
342.0 534.385
342.0 517.27
342.0 641.165
342.0 504.655
342.0 559.365
342.0 673.41
342.0 655.0
342.0 699.37
342.0 556.065
342.0 566.355
342.0 500.88
342.0 620.67
342.0 566.835
342.0 570.295
342.0 557.615
342.0 580.45
342.0 571.475
342.0 576.82
342.0 636.31
342.0 579.315
342.0 701.49
342.0 715.775
342.0 644.55
342.0 559.415
342.0 643.42
342.0 552.0
342.0 704.85
342.0 541.725
342.0 699.135
342.0 635.295
342.0 640.93
342.0 556.205
342.0 577.175
342.0 684.59
342.0 598.345
342.0 585.11
342.0 599.795
342.0 590.57
342.0 572.805
342.0 668.99
342.0 572.55
342.0 587.435
342.0 603.28
342.0 684.485
342.0 488.265
342.0 507.735
342.0 607.505
342.0 512.72
342.0 558.85
342.0 551.995
342.0 608.88
342.0 592.01
342.0 542.69
342.0 661.85
342.0 635.81
342.0 651.85
342.0 489.27
342.0 646.075
342.0 589.315
342.0 624.39
342.0 637.18
342.0 682.505
342.0 473.295
342.0 533.44
342.0 608.51
342.0 596.005
342.0 495.08
342.0 652.8
