5.481775143655338E-4 3.1356188255537277E-4
7.017155108361694E-4 3.603140768980113E-4
8.204988899517001E-4 3.9703541641093206E-4
8.204988899517001E-4 4.326069043587533E-4
0.00108580755000101 4.95277631491866E-4
0.0011158958419475735 5.289687810096689E-4
0.0011158958419475735 5.45448414107027E-4
0.0014496922396491426 6.091912032242943E-4
0.0014496922396491426 7.083391522593661E-4
0.002368174899875577 8.224811656043913E-4
0.002368174899875577 9.407021392748206E-4
0.002553782546278538 0.0011519050622951594
0.002553782546278538 0.0012886711637082144
0.002553782546278538 0.001425458222614847
0.002553782546278538 0.0017000373314957301
0.002553782546278538 0.0018227839804441967
0.0025588608567347357 0.0017734004621328223
0.002617522033117165 0.001872090111199913
0.002617522033117165 0.0019026715979215145
0.00263052662334979 0.0017645719975605942
0.002760360385261331 0.0019182966159908851
0.003364510196230049 0.0017536576711289233
0.003764847481494063 0.0018337186144368558
0.003764847481494063 0.002008361924201103
0.003764847481494063 0.0023954155991527545
0.003764847481494063 0.0024444629881070884
0.003764847481494063 0.002557413266087133
0.003764847481494063 0.002557282366662419
0.003764847481494063 0.0030936021248599193
0.003764847481494063 0.0030707902866799475
0.003764847481494063 0.003069018771119893
0.003764847481494063 0.002976631205173383
0.003764847481494063 0.00322997700958408
0.003764847481494063 0.0031811610084046516
0.003764847481494063 0.003192588912511989
0.004892278391990124 0.0032760101043566485
0.004892278391990124 0.002965638079746787
0.004892278391990124 0.0029486704208030955
0.004892278391990124 0.0032085770900907255
0.004892278391990124 0.003616940676753008
0.004892278391990124 0.003691250767074476
0.005236599016825648 0.0038369968025378136
0.005236599016825648 0.003804569086250612
0.007056226144268899 0.0038350262671444047
0.007056226144268899 0.0041259061875831725
0.007056226144268899 0.0041901888286426095
0.007056226144268899 0.0038846013202580615
0.007056226144268899 0.004587609490792067
0.007056226144268899 0.004988608792026268
0.007056226144268899 0.005693142427504999
0.007056226144268899 0.005910423967302878
0.007056226144268899 0.0059642019648717855
0.007056226144268899 0.006080067714822903
0.007056226144268899 0.006102548441575548
0.007056226144268899 0.006202342036329971
0.007056226144268899 0.00610034523412353
0.007056226144268899 0.006369113613870058
0.007056226144268899 0.006358445607726958
0.007056226144268899 0.006230327448356753
0.007056226144268899 0.006270710282889575
0.007056226144268899 0.006608987215663367
0.007056226144268899 0.006342181550504877
0.007056226144268899 0.00618210808970877
0.007056226144268899 0.006132896495637133
0.007056226144268899 0.006186162920560104
0.007056226144268899 0.005846906313219931
0.007056226144268899 0.006058827845584955
0.007056226144268899 0.005889650350310278
0.007056226144268899 0.006331436864241218
0.007056226144268899 0.006145727440985475
0.007056226144268899 0.006077270064626969
0.007056226144268899 0.006305118668491617
0.007056226144268899 0.00641826344768778
0.007056226144268899 0.00636800213962445
0.007056226144268899 0.006063357183484882
0.007056226144268899 0.0054531145589808185
0.007056226144268899 0.005630043149334804
0.007056226144268899 0.006315964603335461
0.007056226144268899 0.006295895801283908
0.009517624717570488 0.005915383305383338
0.009517624717570488 0.006385765428232794
0.009517624717570488 0.006626271263499801
0.009517624717570488 0.007097111605417006
0.009517624717570488 0.007864897387474987
0.009517624717570488 0.008215819458946762
0.009517624717570488 0.008391778318534611
0.009517624717570488 0.00849503201087102
0.009517624717570488 0.008630713402289415
0.009517624717570488 0.008513661220238364
0.009517624717570488 0.008669501413466252
0.009517624717570488 0.008493823673885535
0.009517624717570488 0.008789840686455507
0.009517624717570488 0.008774676804352743
0.009517624717570488 0.008925457279236498
0.009517624717570488 0.008969652196413835
0.009517624717570488 0.00858055152632213
0.009517624717570488 0.008468646243026557
0.009517624717570488 0.008874505354990167
0.009517624717570488 0.008615908524536788
0.009517624717570488 0.008649949399471786
0.009517624717570488 0.008754008121774199
0.009517624717570488 0.008677472014700984
0.009517624717570488 0.008731161906334736
0.009517624717570488 0.008580945304712312
0.009517624717570488 0.008604464018303216
0.009517624717570488 0.008845409251860647
0.009517624717570488 0.008618908980947805
0.009517624717570488 0.008605311521077604
0.009517624717570488 0.008410070543864308
0.009517624717570488 0.0080847610227993
0.009517624717570488 0.00881751462183846
0.009517624717570488 0.008708749118151867
0.009517624717570488 0.008787078607817892
0.009517624717570488 0.008505503214264944
0.009517624717570488 0.008515681590185079
0.009517624717570488 0.008900724539462512
0.009517624717570488 0.008232510634809849
0.009517624717570488 0.008799952836254196
0.009517624717570488 0.008708113590614613
0.009517624717570488 0.008375247835751524
0.009517624717570488 0.008593294897335726
0.009517624717570488 0.008620032108115424
0.009517624717570488 0.008797331177798401
0.009517624717570488 0.008816512407167
0.009517624717570488 0.008924511863525136
0.009517624717570488 0.008483877484700253
0.009517624717570488 0.008691504344602677
0.009517624717570488 0.008303285351615123
0.009517624717570488 0.008545877029592704
0.009517624717570488 0.008655376415655154
0.009517624717570488 0.008563625950029746
0.009517624717570488 0.00813759366252189
0.009517624717570488 0.008748408352075108
0.009517624717570488 0.00907908062156772
0.009517624717570488 0.008689277081273188
0.009517624717570488 0.008943275670074597
0.009517624717570488 0.008537539184583935
0.009517624717570488 0.008576524607838452
0.009517624717570488 0.008698301377242266
0.009517624717570488 0.008685615143458076
0.009517624717570488 0.008467567823638271
0.009517624717570488 0.009015225469408994
0.009517624717570488 0.008489911529454983
0.009517624717570488 0.008536018678747433
0.009517624717570488 0.008761588440700647
0.009517624717570488 0.008737566596265942
0.009517624717570488 0.0083729451138428
0.009517624717570488 0.00855611249070785
0.009517624717570488 0.008300679241634017
0.009566470498161513 0.008770464697360866
0.009566470498161513 0.008646172869234423
0.009566470498161513 0.008725355358430208
0.009566470498161513 0.008492567292342455
0.009566470498161513 0.008845560291664036
0.009566470498161513 0.008393268332080683
0.009566470498161513 0.008489433948548454
0.009566470498161513 0.00852426248555166
0.009566470498161513 0.00845667291663741
0.009566470498161513 0.007877370556488789
0.009566470498161513 0.008541913523469785
0.009566470498161513 0.008672916918787412
0.009566470498161513 0.008713745454395226
0.009566470498161513 0.00869666768965216
0.009566470498161513 0.008734781164352147
0.009566470498161513 0.008240112734082629
0.009566470498161513 0.00866999904162561
0.009566470498161513 0.00793027636088287
0.009566470498161513 0.007959739260549555
0.009566470498161513 0.008096614244936273
0.009566470498161513 0.008100134800456748
0.009566470498161513 0.007601777645925748
0.009566470498161513 0.007652833996391986
0.009566470498161513 0.007094647982128095
0.009566470498161513 0.0077353956092508615
0.009566470498161513 0.007838698796901996
0.009566470498161513 0.008136374826223876
0.009566470498161513 0.008374129580345764
0.009566470498161513 0.00847767413852674
0.009566470498161513 0.008555216881518286
0.009566470498161513 0.00876358397037994
0.009566470498161513 0.008699380978333263
0.009566470498161513 0.00853992977316339
0.009566470498161513 0.00837188127815303
0.009566470498161513 0.008264543683373711
0.009566470498161513 0.008751357585290638
0.009566470498161513 0.008700547975512188
0.009566470498161513 0.00870537777237162
0.009566470498161513 0.008512750651216077
0.009566470498161513 0.008541816891950526
0.009566470498161513 0.008816622549719967
0.009566470498161513 0.008805606635137967
0.009566470498161513 0.008766260356791422
0.009566470498161513 0.008981746061561746
0.009566470498161513 0.008472672400949607
0.009566470498161513 0.008649503188959202
0.009566470498161513 0.00911538574544724
0.009566470498161513 0.008961443269452609
0.009566470498161513 0.008810043557068693
0.009566470498161513 0.00866435938419957
0.009566470498161513 0.008386596716787233
