5401.0 11376.395
5142.0 10070.88
3814.0 9058.025
2467.0 8128.5
2467.0 6472.175
1989.0 4518.7
1484.0 3551.335
1484.0 3083.44
1484.0 2748.24
1321.0 2670.175
1321.0 2619.36
1020.0 2299.13
992.0 2035.22
992.0 1955.175
1020.0 1824.765
736.0 1852.84
736.0 1699.39
736.0 1455.475
736.0 1600.73
736.0 1358.515
406.0 1429.185
406.0 1242.08
406.0 1142.825
406.0 1146.565
406.0 944.515
406.0 1065.59
406.0 735.285
406.0 708.195
406.0 835.02
406.0 732.895
406.0 778.2
406.0 679.62
406.0 679.23
406.0 776.765
406.0 801.505
406.0 916.545
406.0 742.335
406.0 662.315
406.0 722.27
406.0 713.93
406.0 702.42
406.0 629.35
406.0 676.005
406.0 758.675
406.0 622.04
406.0 758.315
406.0 824.335
406.0 743.575
406.0 676.005
406.0 614.51
406.0 699.635
406.0 802.16
406.0 645.895
406.0 719.355
406.0 664.375
406.0 759.34
406.0 686.225
406.0 667.385
406.0 724.29
406.0 730.2
406.0 615.3
406.0 656.515
406.0 836.715
406.0 681.055
406.0 860.405
406.0 659.03
406.0 761.2
406.0 702.395
406.0 718.715
406.0 714.48
406.0 740.95
406.0 901.47
406.0 796.605
406.0 638.895
406.0 647.405
406.0 751.445
406.0 686.995
406.0 671.225
406.0 741.42
406.0 751.45
406.0 716.025
406.0 721.46
406.0 613.47
406.0 676.47
406.0 730.255
406.0 835.245
406.0 718.41
406.0 865.385
406.0 785.06
406.0 756.375
406.0 727.63
406.0 806.195
406.0 794.045
406.0 796.06
406.0 760.98
406.0 783.76
402.0 681.22
402.0 785.45
402.0 685.425
402.0 767.56
402.0 677.45
402.0 756.645
402.0 733.28
402.0 617.255
402.0 681.635
402.0 829.45
402.0 810.885
402.0 628.56
402.0 751.27
402.0 647.98
402.0 869.995
402.0 650.35
402.0 629.29
402.0 678.145
402.0 758.665
402.0 723.645
402.0 796.495
402.0 693.73
402.0 613.93
402.0 670.59
402.0 730.435
402.0 687.67
402.0 756.685
402.0 840.635
402.0 718.8
402.0 662.12
402.0 793.415
402.0 656.385
402.0 722.145
402.0 765.745
402.0 762.635
402.0 703.435
402.0 736.065
402.0 717.265
402.0 681.785
402.0 839.32
402.0 741.255
402.0 784.14
402.0 686.255
402.0 671.775
402.0 697.36
402.0 712.12
402.0 726.28
389.0 783.03
389.0 853.65
389.0 807.195
389.0 753.39
389.0 798.355
389.0 673.1
389.0 782.165
389.0 660.16
389.0 774.055
389.0 732.3
389.0 932.065
389.0 725.78
389.0 691.525
389.0 545.19
389.0 805.285
389.0 650.605
389.0 722.69
389.0 581.66
389.0 796.98
389.0 809.01
389.0 720.46
389.0 793.72
389.0 723.26
389.0 704.42
389.0 760.87
389.0 717.72
389.0 718.015
389.0 685.445
389.0 705.37
389.0 804.82
389.0 771.145
389.0 618.26
389.0 751.33
389.0 756.055
389.0 670.145
389.0 712.425
389.0 652.695
389.0 674.08
389.0 749.03
389.0 684.575
389.0 767.14
389.0 707.63
389.0 790.13
389.0 714.775
389.0 825.495
389.0 700.86
389.0 658.14
389.0 565.865
389.0 698.125
389.0 668.9
389.0 649.4
389.0 689.01
389.0 816.37
389.0 640.99
389.0 704.08
389.0 754.3
389.0 734.135
