3342.0 11065.84
3342.0 9363.8
3342.0 8093.56
1865.0 6165.47
1865.0 5148.525
1865.0 4306.89
1865.0 3485.49
1851.0 3111.765
1851.0 3001.11
1201.0 2859.08
870.0 2635.85
870.0 2675.585
870.0 2522.34
870.0 2172.285
870.0 2143.11
870.0 2128.175
740.0 1788.275
740.0 1745.755
740.0 1719.64
757.0 1696.91
757.0 1736.045
740.0 1460.35
740.0 1436.615
740.0 1415.44
740.0 1345.865
740.0 1415.39
606.0 1276.225
502.0 1190.205
502.0 1256.955
502.0 1260.6
502.0 1210.16
502.0 1172.165
502.0 978.34
502.0 1000.85
502.0 936.455
502.0 930.06
502.0 845.985
502.0 818.835
502.0 993.46
502.0 718.97
502.0 763.125
502.0 758.445
502.0 779.775
502.0 973.125
502.0 778.355
502.0 907.05
502.0 893.505
502.0 853.77
502.0 912.905
502.0 816.985
502.0 969.03
502.0 959.655
502.0 964.185
502.0 872.58
502.0 867.345
502.0 773.055
502.0 715.255
502.0 795.605
502.0 751.57
502.0 864.17
502.0 672.81
502.0 945.945
480.0 1002.09
480.0 918.245
480.0 839.94
480.0 869.255
480.0 809.16
480.0 947.82
480.0 866.53
480.0 807.035
480.0 693.825
480.0 853.205
480.0 853.685
480.0 808.44
480.0 693.315
480.0 763.04
480.0 854.6
480.0 868.455
480.0 729.8
480.0 776.675
480.0 800.14
480.0 824.405
480.0 831.125
480.0 784.115
480.0 714.24
480.0 898.955
405.0 827.695
405.0 831.455
405.0 893.96
405.0 795.885
405.0 781.745
405.0 796.41
405.0 674.935
405.0 685.69
405.0 698.69
405.0 642.56
405.0 680.665
405.0 632.92
405.0 728.66
405.0 579.67
405.0 828.395
405.0 724.7
405.0 673.78
405.0 566.325
405.0 703.53
405.0 664.93
405.0 569.465
405.0 625.965
405.0 672.85
405.0 740.38
405.0 670.14
405.0 693.98
405.0 699.635
405.0 838.87
405.0 691.985
405.0 637.325
405.0 601.05
405.0 629.695
405.0 687.55
405.0 705.225
405.0 685.975
405.0 708.3
405.0 692.18
405.0 643.175
405.0 635.27
405.0 661.215
405.0 701.535
405.0 671.475
405.0 669.195
405.0 603.995
405.0 697.03
405.0 622.95
405.0 616.65
405.0 642.655
405.0 639.08
405.0 594.85
405.0 608.14
405.0 667.655
405.0 704.475
405.0 782.095
405.0 648.23
405.0 669.365
405.0 680.88
405.0 632.715
405.0 663.305
405.0 716.21
405.0 632.53
405.0 631.25
405.0 667.81
405.0 705.23
405.0 733.155
405.0 570.46
405.0 662.665
405.0 761.675
405.0 721.495
405.0 679.075
405.0 682.645
405.0 644.31
405.0 736.965
405.0 702.29
405.0 741.275
405.0 636.275
405.0 745.36
405.0 733.19
405.0 707.27
405.0 718.94
405.0 795.635
405.0 768.79
405.0 858.43
405.0 781.63
405.0 838.33
405.0 689.805
405.0 712.08
405.0 667.395
405.0 637.88
405.0 813.875
405.0 828.455
405.0 659.895
405.0 519.745
405.0 739.7
405.0 770.58
405.0 695.55
405.0 627.38
405.0 707.605
405.0 600.2
405.0 681.82
405.0 569.27
405.0 591.96
405.0 643.83
405.0 656.58
405.0 648.28
405.0 873.055
405.0 742.355
405.0 591.05
405.0 769.14
405.0 603.68
405.0 601.63
405.0 735.95
405.0 734.11
405.0 884.045
