5546.0 11145.325
3972.0 10534.15
4599.0 9233.985
4599.0 8957.115
3700.0 8411.785
3700.0 7736.07
3773.0 7160.525
3246.0 6362.175
3246.0 5880.46
2875.0 5922.97
2875.0 5918.735
2561.0 5493.81
2901.0 5087.09
1898.0 4567.64
2054.0 3865.745
2054.0 3760.165
2054.0 3467.48
1687.0 3427.715
1438.0 3184.885
1276.0 2972.26
1276.0 2927.785
1276.0 2599.44
1276.0 2276.515
1124.0 2092.855
1124.0 1929.73
832.0 1968.73
832.0 1903.505
832.0 1838.385
783.0 1724.57
783.0 1606.875
783.0 1467.265
783.0 1398.3
783.0 1548.38
783.0 1443.68
783.0 1336.505
783.0 1337.885
841.0 1229.46
655.0 1170.185
655.0 1143.41
655.0 1162.605
655.0 1221.225
655.0 1195.51
655.0 1164.57
655.0 1224.285
655.0 1186.01
655.0 1070.145
655.0 1125.165
655.0 1168.13
655.0 961.085
655.0 990.25
655.0 952.39
655.0 1081.655
655.0 1059.39
655.0 1020.11
655.0 995.385
655.0 993.63
655.0 982.625
655.0 949.795
655.0 959.675
655.0 958.165
655.0 1073.56
655.0 1030.105
655.0 894.74
566.0 868.77
566.0 961.775
566.0 864.275
566.0 928.585
304.0 1020.775
304.0 975.835
304.0 801.95
304.0 876.34
304.0 620.425
304.0 484.25
304.0 482.245
304.0 472.78
304.0 554.46
304.0 554.665
304.0 552.205
304.0 575.305
304.0 472.12
304.0 519.215
304.0 572.05
304.0 520.77
304.0 512.575
304.0 458.28
304.0 556.27
304.0 671.895
304.0 510.645
304.0 574.095
304.0 468.62
304.0 536.425
304.0 430.695
304.0 455.63
304.0 537.89
304.0 538.55
304.0 437.035
304.0 514.73
304.0 567.655
304.0 573.14
304.0 579.72
304.0 574.78
304.0 504.24
304.0 641.165
304.0 523.185
304.0 533.46
304.0 514.24
304.0 505.245
304.0 602.885
304.0 539.48
304.0 566.635
304.0 554.625
304.0 499.535
304.0 571.44
304.0 540.46
304.0 502.355
304.0 540.305
304.0 542.56
304.0 591.665
304.0 443.3
304.0 430.375
304.0 497.365
304.0 508.975
304.0 477.56
304.0 542.895
304.0 443.635
304.0 580.715
304.0 493.445
304.0 495.72
304.0 603.895
304.0 597.475
304.0 597.245
304.0 508.245
304.0 465.465
304.0 445.65
304.0 490.475
304.0 567.225
304.0 517.54
304.0 449.815
304.0 444.9
304.0 485.795
304.0 511.215
304.0 464.94
304.0 632.32
304.0 531.35
304.0 598.88
304.0 533.655
304.0 481.57
304.0 528.115
304.0 490.89
304.0 488.415
304.0 496.115
304.0 479.405
304.0 513.63
304.0 524.025
304.0 489.93
304.0 503.425
304.0 478.355
304.0 534.545
304.0 625.21
304.0 542.15
304.0 479.025
304.0 517.35
304.0 520.04
304.0 467.46
304.0 663.365
304.0 526.565
304.0 564.18
304.0 492.905
304.0 526.24
304.0 564.39
304.0 587.19
304.0 671.08
304.0 486.14
304.0 500.405
304.0 515.85
304.0 571.025
304.0 482.77
304.0 579.635
304.0 612.78
304.0 497.16
304.0 486.665
304.0 522.975
304.0 621.765
304.0 560.36
304.0 549.03
304.0 633.71
304.0 555.07
304.0 479.03
304.0 522.96
304.0 591.335
304.0 475.54
304.0 569.31
304.0 473.675
304.0 480.81
304.0 476.32
304.0 556.85
304.0 549.35
304.0 594.545
304.0 545.55
304.0 482.99
