6562.0 11139.255
3696.0 9872.415
3696.0 9274.155
3073.0 7804.04
3073.0 7117.815
3384.0 6468.785
2402.0 5724.785
1206.0 5019.825
1206.0 3554.38
1206.0 2241.65
824.0 1916.43
1003.0 1738.55
1003.0 1637.655
556.0 1557.73
556.0 1533.695
556.0 1351.95
409.0 1196.57
409.0 1063.885
409.0 981.965
409.0 836.095
409.0 807.23
281.0 702.05
281.0 656.335
281.0 644.855
281.0 719.7
281.0 685.7
281.0 644.75
281.0 502.245
281.0 634.2
281.0 558.24
281.0 565.61
281.0 609.185
281.0 521.13
281.0 524.28
281.0 420.76
281.0 478.75
281.0 535.755
281.0 514.15
281.0 494.29
281.0 409.08
281.0 566.235
281.0 558.82
281.0 477.26
281.0 508.055
281.0 439.17
281.0 585.825
281.0 409.96
281.0 486.11
281.0 548.65
281.0 480.245
281.0 588.63
281.0 527.83
281.0 579.24
281.0 580.825
281.0 485.155
281.0 526.775
281.0 542.595
281.0 561.795
281.0 419.215
281.0 520.775
281.0 466.45
281.0 525.27
281.0 539.37
281.0 567.945
281.0 567.0
281.0 569.68
281.0 436.915
281.0 445.11
281.0 461.145
281.0 477.64
281.0 462.22
281.0 461.17
281.0 555.675
281.0 541.21
281.0 526.995
281.0 437.72
281.0 463.315
281.0 487.69
281.0 451.65
281.0 484.025
281.0 545.48
281.0 520.435
281.0 495.6
281.0 399.625
281.0 469.86
281.0 514.3
281.0 550.825
281.0 557.625
281.0 500.655
281.0 425.605
281.0 554.12
281.0 495.36
281.0 468.535
281.0 531.97
281.0 494.475
281.0 535.605
281.0 423.015
281.0 526.78
281.0 477.39
281.0 591.145
281.0 578.91
281.0 537.505
281.0 490.08
281.0 470.08
281.0 452.085
281.0 474.945
281.0 473.09
281.0 569.38
281.0 494.76
281.0 463.355
281.0 439.445
281.0 641.06
281.0 488.955
281.0 478.995
281.0 516.31
281.0 558.035
281.0 519.155
281.0 474.135
281.0 510.275
281.0 582.78
281.0 506.52
281.0 531.21
281.0 487.12
281.0 576.065
281.0 537.05
281.0 523.285
281.0 509.955
281.0 475.285
281.0 512.96
281.0 596.975
281.0 432.635
281.0 479.125
281.0 632.52
281.0 493.485
281.0 452.435
281.0 551.575
281.0 369.575
281.0 536.4
281.0 581.655
281.0 538.32
281.0 480.885
281.0 546.49
281.0 535.22
281.0 547.605
281.0 507.235
281.0 513.41
281.0 531.195
281.0 460.415
281.0 481.795
281.0 564.825
281.0 635.465
281.0 458.07
281.0 560.16
281.0 541.225
281.0 534.15
281.0 488.775
281.0 505.07
281.0 544.645
281.0 498.62
281.0 514.845
281.0 598.365
281.0 499.88
281.0 653.845
281.0 585.375
281.0 529.13
281.0 602.71
281.0 639.615
281.0 622.05
281.0 465.435
281.0 568.19
281.0 522.45
281.0 492.79
281.0 532.73
281.0 571.845
281.0 531.23
281.0 611.785
281.0 510.945
281.0 395.135
281.0 492.76
281.0 484.725
281.0 416.14
281.0 563.085
281.0 459.62
281.0 541.9
281.0 472.825
281.0 498.47
281.0 496.095
281.0 609.95
281.0 444.615
281.0 521.845
281.0 503.045
281.0 498.38
281.0 582.43
281.0 488.43
281.0 446.39
281.0 467.795
281.0 463.31
281.0 606.505
281.0 601.53
281.0 420.765
