4566.0 11189.54
4566.0 9288.55
3841.0 9100.17
3494.0 8778.135
2762.0 7840.71
3221.0 7261.015
3037.0 6453.01
2712.0 5701.28
2061.0 5549.52
2061.0 5523.61
2061.0 5411.63
1689.0 4491.985
2037.0 4580.65
1599.0 3634.98
1599.0 3496.805
1599.0 2888.685
1599.0 2738.39
1381.0 2546.355
1381.0 2552.505
1132.0 2498.745
1132.0 2465.95
957.0 2147.19
957.0 2105.725
957.0 2104.885
957.0 2112.69
994.0 2236.56
994.0 2018.425
753.0 1956.09
753.0 2124.62
753.0 1914.475
753.0 1739.63
753.0 1706.42
753.0 1597.915
753.0 1558.945
753.0 1410.925
638.0 1474.005
638.0 1350.05
638.0 1176.285
638.0 1136.545
613.0 1180.905
605.0 1035.785
605.0 1228.695
605.0 1155.365
605.0 1158.89
496.0 1253.885
496.0 1008.09
496.0 907.86
496.0 851.14
496.0 1084.34
496.0 961.36
496.0 1010.07
496.0 972.59
496.0 886.03
496.0 905.14
496.0 806.76
496.0 794.22
496.0 755.705
496.0 788.44
496.0 843.05
496.0 925.1
368.0 855.785
368.0 723.6
368.0 800.845
368.0 849.015
368.0 747.035
368.0 761.04
368.0 677.145
368.0 639.445
368.0 638.735
368.0 713.29
368.0 670.28
368.0 747.78
368.0 705.0
368.0 656.065
368.0 651.445
368.0 598.66
368.0 693.395
368.0 563.145
322.0 708.825
322.0 704.55
322.0 711.94
322.0 708.165
322.0 759.835
322.0 739.515
322.0 581.65
322.0 662.78
322.0 637.535
322.0 619.4
322.0 622.28
322.0 518.64
322.0 650.19
322.0 682.805
322.0 552.605
322.0 638.395
322.0 525.615
322.0 677.485
322.0 694.54
322.0 654.595
322.0 649.77
322.0 538.37
322.0 543.735
322.0 565.0
322.0 505.005
322.0 602.305
322.0 778.015
322.0 592.99
322.0 672.775
322.0 634.135
322.0 696.71
322.0 646.08
322.0 583.335
322.0 640.375
322.0 529.73
322.0 595.635
322.0 650.34
322.0 570.05
322.0 604.55
322.0 572.3
322.0 690.26
322.0 718.115
322.0 769.94
322.0 611.835
322.0 562.14
322.0 681.985
322.0 574.83
322.0 718.355
322.0 647.69
322.0 628.75
322.0 638.525
322.0 752.595
322.0 666.355
322.0 603.88
322.0 651.43
322.0 672.925
322.0 571.335
322.0 647.99
322.0 642.825
322.0 589.815
322.0 624.255
322.0 552.875
322.0 608.55
322.0 672.405
322.0 649.69
322.0 589.76
322.0 559.88
322.0 564.79
322.0 569.89
322.0 685.6
322.0 594.565
322.0 572.715
322.0 565.665
322.0 490.87
322.0 580.775
322.0 587.06
322.0 667.245
322.0 642.845
322.0 549.955
322.0 653.78
322.0 718.52
322.0 590.645
322.0 625.395
322.0 602.785
322.0 619.635
322.0 530.735
322.0 555.34
322.0 495.66
322.0 456.925
322.0 583.15
322.0 589.795
322.0 645.24
322.0 520.85
322.0 564.68
322.0 549.895
322.0 636.44
322.0 547.345
322.0 615.55
322.0 562.915
322.0 510.41
322.0 681.125
322.0 552.455
322.0 704.59
322.0 611.055
322.0 586.605
322.0 606.24
322.0 614.64
322.0 487.445
322.0 645.79
322.0 592.2
322.0 592.745
322.0 571.8
322.0 521.865
322.0 554.91
322.0 667.945
322.0 556.76
322.0 568.575
322.0 638.205
322.0 626.88
322.0 592.82
322.0 666.39
322.0 492.57
