6526.0 11403.545
4355.0 9775.72
3057.0 8672.415
3057.0 7837.775
2514.0 6791.875
2243.0 5655.12
2243.0 4695.295
2243.0 3949.455
1968.0 3233.885
1268.0 3115.255
1678.0 3031.72
1678.0 2963.045
1109.0 2824.73
1109.0 2776.1
1246.0 2735.05
919.0 2548.39
919.0 2374.425
919.0 2171.18
919.0 2028.31
919.0 1784.95
617.0 1527.13
617.0 1588.62
617.0 1363.72
617.0 1483.415
617.0 1286.105
617.0 1069.135
617.0 1122.32
617.0 1063.67
509.0 1135.845
509.0 1020.735
509.0 942.48
509.0 931.91
509.0 820.105
509.0 795.93
509.0 802.425
509.0 885.39
509.0 765.37
509.0 712.26
509.0 873.995
509.0 810.74
509.0 814.475
509.0 797.615
509.0 838.97
509.0 806.93
509.0 917.67
509.0 822.215
509.0 776.52
509.0 752.77
509.0 819.97
509.0 713.755
509.0 839.85
509.0 806.855
509.0 804.615
509.0 884.99
509.0 845.025
509.0 760.71
509.0 866.345
509.0 792.55
509.0 702.19
509.0 907.845
509.0 796.125
509.0 872.34
509.0 853.735
509.0 851.045
509.0 808.775
509.0 833.61
509.0 817.19
509.0 784.48
509.0 804.52
509.0 908.035
509.0 932.47
509.0 832.82
509.0 827.7
509.0 868.345
509.0 835.295
509.0 877.895
509.0 798.705
509.0 1014.595
509.0 832.93
509.0 846.17
509.0 784.12
509.0 715.59
509.0 845.88
509.0 806.25
509.0 821.99
509.0 905.08
509.0 717.09
509.0 856.29
509.0 840.4
509.0 851.88
509.0 848.625
509.0 892.21
509.0 767.07
509.0 848.425
509.0 789.98
509.0 871.135
509.0 754.42
509.0 878.49
509.0 786.69
509.0 832.075
509.0 752.445
509.0 846.915
509.0 699.875
509.0 760.445
509.0 901.725
509.0 772.06
505.0 811.31
505.0 848.845
505.0 801.38
505.0 843.04
505.0 833.265
505.0 802.65
505.0 832.965
505.0 857.105
505.0 892.96
505.0 755.265
335.0 882.37
335.0 828.82
335.0 707.875
335.0 651.78
335.0 561.34
335.0 487.155
335.0 524.36
335.0 537.655
335.0 668.775
335.0 659.405
335.0 481.82
335.0 499.17
335.0 568.71
335.0 662.9
335.0 530.965
335.0 448.925
335.0 556.87
335.0 700.35
335.0 512.525
335.0 636.37
335.0 576.84
335.0 577.62
335.0 602.14
335.0 544.59
335.0 566.235
335.0 589.13
335.0 750.34
335.0 631.575
335.0 702.45
335.0 477.875
335.0 672.775
335.0 603.795
335.0 576.095
335.0 568.86
335.0 492.035
335.0 673.17
335.0 556.745
335.0 638.455
335.0 628.75
335.0 624.285
335.0 632.03
335.0 624.95
335.0 590.585
335.0 578.73
335.0 528.3
335.0 515.68
335.0 614.85
335.0 577.52
335.0 510.425
335.0 557.485
335.0 606.205
335.0 635.275
335.0 623.23
335.0 578.13
335.0 697.085
335.0 485.485
335.0 567.285
335.0 608.97
335.0 619.475
335.0 642.065
335.0 527.19
335.0 628.815
335.0 524.31
335.0 580.14
335.0 644.815
335.0 586.1
335.0 492.53
335.0 601.635
335.0 594.69
335.0 539.6
335.0 536.77
335.0 601.865
335.0 583.605
335.0 538.925
335.0 550.575
335.0 620.705
335.0 515.18
335.0 505.04
335.0 591.955
335.0 546.47
335.0 724.24
335.0 546.4
335.0 524.07
335.0 635.755
