6449.0 10696.76
5539.0 10068.805
5230.0 8953.115
4383.0 8385.485
4606.0 7522.185
4606.0 7067.785
3313.0 6480.825
3313.0 6537.91
2820.0 6251.94
2820.0 6110.38
2013.0 5333.385
2013.0 4964.595
1665.0 4026.555
1129.0 3208.415
1278.0 2649.895
1278.0 2396.41
1004.0 2153.6
1004.0 2209.465
1004.0 2267.405
696.0 1987.865
696.0 1633.835
696.0 1649.785
696.0 1464.96
696.0 1266.455
696.0 1200.585
696.0 1188.4
696.0 1164.175
696.0 1015.935
696.0 1138.125
696.0 1139.36
696.0 1060.18
683.0 1046.855
683.0 1027.535
683.0 1108.69
448.0 1102.89
448.0 1052.045
375.0 1128.155
375.0 1053.88
375.0 1063.84
375.0 923.455
375.0 866.675
375.0 859.055
375.0 790.51
375.0 830.19
375.0 841.055
375.0 704.895
375.0 745.65
375.0 684.37
375.0 688.635
375.0 669.345
375.0 664.285
375.0 699.8
375.0 626.185
375.0 684.205
375.0 716.505
375.0 653.5
375.0 730.04
375.0 728.28
375.0 582.715
375.0 613.38
375.0 668.38
375.0 574.26
375.0 705.675
375.0 660.81
375.0 647.89
375.0 603.355
375.0 729.915
375.0 648.25
375.0 623.015
375.0 679.235
375.0 683.815
375.0 681.44
375.0 605.69
375.0 673.7
375.0 820.705
375.0 799.735
375.0 744.63
375.0 792.225
375.0 782.505
375.0 672.875
375.0 646.995
375.0 743.665
375.0 736.7
375.0 651.63
375.0 639.115
375.0 706.985
375.0 672.56
375.0 695.11
375.0 715.17
375.0 776.74
375.0 592.915
375.0 560.165
375.0 700.58
375.0 746.99
375.0 648.69
375.0 668.385
375.0 623.705
375.0 549.16
375.0 592.605
375.0 718.72
375.0 626.935
375.0 596.875
375.0 770.78
375.0 688.05
375.0 657.74
375.0 624.82
375.0 676.91
375.0 543.95
375.0 546.98
375.0 694.75
375.0 618.925
375.0 622.375
375.0 825.495
375.0 562.79
375.0 711.62
375.0 765.595
375.0 580.79
375.0 716.955
375.0 663.81
375.0 727.77
375.0 576.5
375.0 603.455
375.0 705.135
375.0 607.165
375.0 577.185
375.0 628.685
375.0 629.98
375.0 781.985
375.0 616.03
375.0 732.135
375.0 788.805
375.0 690.3
375.0 819.55
375.0 696.52
375.0 763.835
375.0 664.72
375.0 688.0
375.0 582.99
375.0 719.07
375.0 664.83
375.0 701.5
375.0 650.485
375.0 684.415
375.0 690.715
375.0 669.935
375.0 733.605
375.0 696.32
375.0 786.28
375.0 819.73
372.0 774.58
372.0 668.08
372.0 639.025
372.0 560.6
372.0 699.9
372.0 636.05
372.0 743.345
372.0 721.905
372.0 688.495
372.0 728.875
372.0 709.65
372.0 673.43
372.0 613.955
372.0 609.72
372.0 756.145
372.0 673.875
372.0 706.435
372.0 640.335
372.0 760.44
372.0 718.335
372.0 672.555
372.0 553.65
372.0 710.495
372.0 659.92
372.0 631.415
372.0 677.125
372.0 746.03
372.0 697.725
372.0 723.475
372.0 693.69
372.0 602.38
372.0 570.07
372.0 713.66
372.0 588.575
372.0 794.565
372.0 683.62
372.0 666.835
372.0 649.03
372.0 639.485
372.0 486.19
372.0 513.285
372.0 702.42
372.0 649.165
372.0 691.58
372.0 785.89
372.0 652.77
372.0 616.1
372.0 708.145
372.0 650.325
338.0 674.04
338.0 659.95
