4643.0 11325.09
4643.0 8756.395
4126.0 8567.985
3653.0 7644.65
3653.0 7018.575
3553.0 6276.125
2830.0 6048.27
2830.0 5608.24
2343.0 5251.635
2343.0 5280.875
2343.0 5272.975
1996.0 4804.355
1996.0 4522.83
2051.0 4537.97
1129.0 3962.97
1129.0 3632.015
1129.0 3601.235
1129.0 3285.915
848.0 3222.79
848.0 2818.505
848.0 2140.07
731.0 1736.19
740.0 1587.965
740.0 1621.98
649.0 1344.18
649.0 1273.525
649.0 1226.335
649.0 1394.09
649.0 1342.72
649.0 1346.33
649.0 1302.825
649.0 1388.425
649.0 1096.47
649.0 1024.705
649.0 1091.495
649.0 1209.93
521.0 1203.925
521.0 1167.4
521.0 1134.445
521.0 1063.215
521.0 1067.87
521.0 1074.41
521.0 1087.245
521.0 931.015
521.0 1158.755
521.0 1090.32
455.0 945.36
455.0 982.48
455.0 998.065
455.0 917.05
455.0 738.015
455.0 886.19
455.0 862.79
455.0 758.675
455.0 850.725
455.0 738.785
455.0 686.91
455.0 700.935
411.0 752.295
411.0 804.865
411.0 804.855
411.0 727.01
411.0 834.06
411.0 769.92
411.0 749.08
411.0 738.535
411.0 819.61
411.0 815.46
411.0 778.075
411.0 795.41
411.0 789.065
411.0 734.27
411.0 834.955
411.0 801.39
411.0 823.4
411.0 694.93
411.0 702.73
411.0 636.995
411.0 781.58
411.0 763.43
411.0 713.295
411.0 661.47
411.0 698.495
411.0 624.545
411.0 705.79
411.0 739.67
411.0 657.56
411.0 589.195
411.0 652.56
411.0 838.27
411.0 712.74
411.0 715.73
411.0 792.495
411.0 699.71
411.0 829.97
411.0 681.605
411.0 661.435
411.0 721.95
411.0 715.63
396.0 707.545
396.0 837.285
396.0 658.315
396.0 813.69
396.0 635.005
396.0 659.92
396.0 788.96
396.0 717.53
396.0 748.73
396.0 733.095
396.0 858.17
396.0 711.865
396.0 655.1
396.0 619.09
396.0 626.995
396.0 752.255
396.0 671.71
396.0 624.13
396.0 693.785
396.0 663.56
396.0 611.155
396.0 704.53
396.0 725.79
396.0 824.73
396.0 844.385
396.0 731.725
396.0 665.105
396.0 649.235
396.0 672.675
396.0 685.515
396.0 724.595
396.0 592.275
396.0 662.265
396.0 687.815
396.0 737.535
396.0 685.095
396.0 731.39
396.0 635.035
396.0 668.575
396.0 720.99
396.0 709.815
396.0 705.45
396.0 662.625
396.0 674.995
396.0 695.55
396.0 765.17
396.0 864.27
396.0 670.34
396.0 637.205
396.0 621.585
396.0 699.85
396.0 656.55
396.0 652.67
396.0 646.215
396.0 721.91
396.0 773.97
396.0 744.055
396.0 721.09
396.0 663.565
396.0 700.57
396.0 784.34
396.0 643.435
396.0 694.45
396.0 671.26
396.0 601.63
396.0 702.945
396.0 806.92
396.0 705.26
396.0 655.675
396.0 637.505
396.0 739.75
396.0 675.885
396.0 789.89
396.0 739.925
396.0 576.695
396.0 643.42
396.0 677.165
396.0 657.89
396.0 672.06
396.0 687.77
396.0 608.075
396.0 635.425
396.0 718.6
396.0 643.465
396.0 697.005
396.0 637.66
396.0 676.74
396.0 720.95
396.0 678.255
396.0 769.585
396.0 760.63
396.0 718.65
396.0 646.05
396.0 704.035
396.0 653.83
396.0 670.255
396.0 665.65
396.0 762.93
396.0 725.065
396.0 821.16
396.0 742.675
