5214.0 10484.235
3885.0 9483.38
3885.0 8790.37
3622.0 8203.85
2207.0 6744.775
2207.0 6099.925
1875.0 5296.29
1875.0 4356.655
1870.0 3863.6
1870.0 3659.895
1432.0 3026.355
1360.0 2915.32
1360.0 2793.105
1335.0 2607.595
1055.0 2476.875
1055.0 2412.965
918.0 2256.11
918.0 1983.55
856.0 1832.6
918.0 1632.415
815.0 1570.315
856.0 1657.745
662.0 1581.285
662.0 1383.54
662.0 1477.655
662.0 1359.24
662.0 1442.55
568.0 1412.77
568.0 1379.87
568.0 1295.305
431.0 1147.29
431.0 1135.465
431.0 1163.8
431.0 1108.585
431.0 1041.715
431.0 875.365
431.0 873.135
431.0 672.1
431.0 775.675
431.0 742.17
416.0 688.45
416.0 781.365
416.0 741.025
416.0 757.835
416.0 627.19
416.0 717.135
416.0 661.56
416.0 696.43
416.0 738.545
416.0 769.485
416.0 736.63
416.0 638.365
416.0 747.685
416.0 755.88
416.0 632.445
416.0 778.83
416.0 729.08
416.0 758.835
416.0 687.995
416.0 645.94
416.0 620.165
416.0 623.325
416.0 654.955
416.0 618.38
416.0 699.75
416.0 662.255
416.0 659.265
416.0 633.055
416.0 728.15
416.0 618.245
416.0 649.84
416.0 688.975
416.0 705.01
416.0 745.915
416.0 705.585
416.0 737.445
416.0 645.575
416.0 837.18
416.0 757.52
416.0 593.375
416.0 715.39
416.0 702.135
416.0 738.62
416.0 629.14
416.0 605.43
416.0 687.925
416.0 610.955
416.0 747.4
416.0 700.87
416.0 661.23
416.0 729.505
416.0 742.965
416.0 664.195
416.0 625.055
416.0 743.24
416.0 813.54
416.0 850.615
416.0 770.47
416.0 677.76
416.0 617.775
416.0 612.7
416.0 632.045
416.0 687.77
416.0 732.64
416.0 880.02
416.0 717.37
416.0 630.7
416.0 678.38
416.0 793.145
416.0 702.185
416.0 660.2
416.0 684.415
416.0 758.96
416.0 739.615
416.0 550.285
416.0 686.205
416.0 722.315
416.0 613.395
416.0 627.92
416.0 589.535
416.0 670.89
416.0 617.105
416.0 713.115
416.0 753.875
416.0 749.315
416.0 651.36
416.0 695.32
416.0 740.155
416.0 587.975
416.0 771.195
416.0 771.405
416.0 680.365
416.0 597.795
416.0 747.185
416.0 718.235
416.0 672.89
416.0 762.36
416.0 698.815
416.0 709.705
416.0 756.815
416.0 726.72
416.0 723.42
416.0 722.575
416.0 650.28
416.0 698.445
416.0 667.025
416.0 643.915
416.0 689.825
416.0 633.05
416.0 708.895
416.0 682.3
416.0 737.63
416.0 647.92
416.0 756.605
416.0 683.88
416.0 739.005
416.0 741.17
416.0 665.925
416.0 692.19
416.0 878.41
416.0 913.385
416.0 676.305
416.0 726.65
416.0 740.125
416.0 784.09
416.0 764.06
416.0 669.565
416.0 628.14
416.0 641.66
416.0 832.825
416.0 770.355
416.0 740.48
416.0 640.17
416.0 706.025
416.0 647.585
416.0 661.36
416.0 771.715
416.0 661.115
416.0 704.495
416.0 654.77
416.0 582.8
416.0 653.165
416.0 643.33
416.0 660.965
416.0 740.83
416.0 660.855
416.0 781.76
416.0 822.19
416.0 769.905
416.0 666.29
416.0 700.08
416.0 749.415
416.0 575.47
416.0 641.37
416.0 747.075
416.0 842.0
416.0 684.675
416.0 635.76
416.0 584.155
416.0 673.19
