5669.0 10649.97
5377.0 9095.825
5377.0 8439.275
5187.0 7908.67
2963.0 7570.59
2963.0 6876.355
3070.0 6340.52
2598.0 5825.88
1960.0 5296.725
1960.0 4666.57
1314.0 3996.29
1314.0 3449.08
1314.0 3162.405
1314.0 2701.415
1363.0 2647.95
1363.0 2493.935
1363.0 2579.765
819.0 2295.43
819.0 2213.735
819.0 2125.73
819.0 1749.685
820.0 1557.995
820.0 1411.675
820.0 1364.395
558.0 1390.895
558.0 1262.43
558.0 1368.02
558.0 1009.79
558.0 1250.275
558.0 1007.94
532.0 994.765
532.0 965.535
532.0 919.18
532.0 1058.475
532.0 921.395
532.0 847.965
532.0 864.435
399.0 871.93
399.0 1000.74
399.0 938.625
399.0 902.43
399.0 807.345
399.0 884.145
399.0 807.435
399.0 675.985
399.0 645.785
399.0 689.06
399.0 644.635
399.0 617.395
399.0 605.545
399.0 687.235
399.0 657.395
399.0 632.505
399.0 664.295
399.0 706.665
399.0 684.09
399.0 714.49
399.0 652.71
399.0 642.49
399.0 641.875
399.0 894.37
399.0 626.32
399.0 585.57
399.0 630.995
399.0 797.885
399.0 749.12
399.0 651.17
399.0 740.735
399.0 651.025
399.0 620.475
399.0 574.88
399.0 717.665
399.0 668.85
399.0 689.37
399.0 670.1
399.0 819.24
399.0 633.815
399.0 735.245
399.0 710.775
399.0 865.36
399.0 636.64
399.0 648.26
399.0 703.24
399.0 661.32
399.0 664.765
399.0 715.93
399.0 699.645
399.0 678.43
399.0 643.68
399.0 731.38
399.0 775.75
399.0 720.575
399.0 733.655
399.0 798.115
399.0 691.11
399.0 731.33
399.0 640.24
399.0 728.165
399.0 652.23
399.0 745.125
399.0 679.585
399.0 696.285
399.0 664.24
399.0 781.705
399.0 834.805
399.0 698.8
399.0 802.63
399.0 624.76
399.0 740.09
399.0 723.3
399.0 648.27
399.0 668.915
399.0 718.195
399.0 662.22
399.0 642.91
399.0 658.595
399.0 665.855
399.0 664.695
399.0 670.545
399.0 637.875
399.0 659.305
399.0 620.63
399.0 566.295
399.0 691.32
399.0 628.945
399.0 803.77
399.0 626.775
399.0 684.915
399.0 759.51
399.0 660.65
357.0 627.62
357.0 701.155
357.0 823.775
357.0 716.325
357.0 642.93
357.0 711.205
357.0 675.44
357.0 608.8
357.0 739.395
357.0 636.135
357.0 710.095
357.0 595.31
357.0 595.255
357.0 576.61
357.0 676.06
357.0 644.525
357.0 691.45
357.0 657.88
357.0 565.355
357.0 551.925
357.0 577.29
357.0 581.315
357.0 674.74
357.0 676.92
357.0 683.85
357.0 746.66
357.0 694.89
357.0 705.16
357.0 699.56
357.0 617.46
357.0 597.88
357.0 561.655
357.0 575.05
357.0 663.79
357.0 707.1
357.0 646.505
357.0 571.17
357.0 613.905
357.0 472.25
357.0 545.06
357.0 639.675
357.0 766.08
357.0 637.205
357.0 723.95
357.0 653.735
357.0 635.43
357.0 508.635
357.0 635.05
357.0 625.41
357.0 652.46
357.0 583.125
357.0 551.375
357.0 599.51
357.0 675.37
357.0 713.375
357.0 581.715
357.0 525.17
357.0 537.36
357.0 608.405
357.0 628.435
357.0 562.835
357.0 605.695
357.0 641.47
357.0 711.175
357.0 627.81
357.0 580.46
357.0 626.92
357.0 533.48
357.0 714.26
357.0 663.45
