4276.0 10914.51
4276.0 9643.89
4276.0 8725.48
3958.0 7818.665
3568.0 7614.16
3114.0 7073.325
3828.0 6145.62
1538.0 5954.27
1538.0 5265.79
1538.0 5004.365
1538.0 4295.55
1538.0 4010.195
1538.0 3928.57
1374.0 3505.33
1374.0 3107.415
1374.0 2992.805
1374.0 2830.585
1374.0 2923.65
1374.0 2881.21
1133.0 2708.08
1133.0 2420.49
1133.0 2340.475
1133.0 1961.01
700.0 1931.275
700.0 1827.55
581.0 1803.215
581.0 1660.945
581.0 1305.06
581.0 999.17
581.0 926.94
581.0 1002.445
581.0 1090.67
581.0 854.215
581.0 972.275
581.0 888.68
581.0 876.825
581.0 851.585
581.0 928.675
581.0 945.775
581.0 881.545
581.0 918.065
581.0 950.01
581.0 1038.39
581.0 995.915
581.0 1079.79
581.0 952.85
581.0 982.95
487.0 968.015
487.0 957.74
487.0 908.805
487.0 998.145
487.0 873.865
487.0 992.435
487.0 895.51
487.0 816.325
487.0 812.91
487.0 970.205
487.0 764.77
487.0 689.24
487.0 828.005
487.0 741.265
487.0 821.84
487.0 754.345
487.0 794.59
487.0 741.085
487.0 842.94
487.0 798.81
487.0 850.13
487.0 923.05
487.0 680.775
487.0 666.52
487.0 807.23
487.0 770.18
487.0 833.38
487.0 826.675
487.0 819.16
487.0 794.8
487.0 770.535
487.0 830.555
487.0 872.21
487.0 824.83
487.0 739.77
487.0 790.68
487.0 746.75
487.0 821.515
487.0 705.8
487.0 756.28
502.0 848.155
502.0 707.37
502.0 813.22
502.0 723.89
502.0 724.61
502.0 781.06
502.0 672.93
502.0 759.03
502.0 829.75
502.0 793.84
502.0 866.885
502.0 887.34
246.0 804.115
246.0 733.135
246.0 723.74
246.0 791.515
246.0 549.855
246.0 479.875
246.0 405.585
246.0 533.585
246.0 413.725
246.0 489.44
246.0 457.245
246.0 482.31
246.0 457.59
246.0 454.495
246.0 406.38
246.0 452.715
246.0 517.06
246.0 434.485
246.0 523.545
246.0 447.065
246.0 412.055
246.0 538.52
246.0 500.66
246.0 308.23
246.0 409.575
246.0 486.715
246.0 413.65
246.0 461.1
246.0 367.85
246.0 380.53
246.0 380.2
246.0 485.835
246.0 448.04
246.0 413.935
246.0 451.815
246.0 431.99
246.0 467.83
246.0 420.765
246.0 446.41
246.0 390.97
246.0 426.53
246.0 449.11
246.0 423.455
246.0 457.655
246.0 370.3
246.0 524.875
246.0 473.32
246.0 490.255
246.0 379.03
246.0 554.15
246.0 390.845
246.0 386.515
246.0 503.13
246.0 354.57
246.0 444.28
246.0 478.73
246.0 580.065
246.0 487.74
246.0 481.44
246.0 405.61
246.0 337.92
246.0 465.97
246.0 384.095
246.0 438.455
246.0 486.775
246.0 402.545
246.0 434.43
246.0 514.99
246.0 382.155
246.0 424.205
246.0 417.625
246.0 522.005
246.0 458.53
246.0 498.965
246.0 467.575
236.0 544.24
236.0 461.275
236.0 536.12
236.0 445.49
236.0 436.37
236.0 606.505
236.0 483.63
236.0 597.205
236.0 559.81
236.0 382.875
236.0 367.14
236.0 424.94
236.0 454.675
236.0 466.1
236.0 531.215
236.0 489.985
236.0 440.845
236.0 456.59
236.0 463.665
236.0 407.72
236.0 380.055
236.0 500.455
236.0 452.035
236.0 439.36
236.0 447.875
236.0 397.96
