6.333164706076444E-4 3.208524885864783E-4
6.839752929495612E-4 3.831992465334935E-4
6.839752929495612E-4 4.312277847737879E-4
8.49187838980551E-4 4.563031394347046E-4
8.49187838980551E-4 4.979601721930953E-4
9.691150986562363E-4 5.525001591590174E-4
9.691150986562363E-4 5.652487620251418E-4
9.691150986562363E-4 5.790439414826036E-4
9.691150986562363E-4 5.905669452946115E-4
0.001155526478627164 6.188819981349635E-4
0.001240232868141447 6.352492445569371E-4
0.001240232868141447 6.595221629643669E-4
0.001240232868141447 7.392570166667553E-4
0.0014176734421244015 8.761391205467278E-4
0.0014176734421244015 9.773895913940765E-4
0.0016461262802522322 0.0010575729161762188
0.0016461262802522322 0.001057921631395418
0.0016461262802522322 0.0010255188599170846
0.002622059084435519 0.0011135058805191533
0.002622059084435519 0.0011223295043051383
0.002622059084435519 0.0011263721850899827
0.002622059084435519 0.0011600281343179086
0.003065306196655236 0.0012696286491725433
0.003065306196655236 0.001342870611934251
0.0031331938714020805 0.0014671072158190098
0.0031331938714020805 0.001597451699234222
0.0031331938714020805 0.0019016365602148423
0.0034720826898097914 0.0020002929544414615
0.0036894703798591964 0.0022236221704725044
0.004067251698038792 0.0023861760260617624
0.004067251698038792 0.002374473729425672
0.0052665792837879605 0.0026885736684517524
0.0052665792837879605 0.0026903645791173684
0.0052665792837879605 0.002745849947630449
0.0052665792837879605 0.0028930669349090327
0.005512359397008464 0.0030000935327569615
0.005512359397008464 0.00334503321009533
0.005512359397008464 0.0038507809513170428
0.005512359397008464 0.004371712845693676
0.005512359397008464 0.00461262037823883
0.005512359397008464 0.004492034994566999
0.005512359397008464 0.0046204576558954635
0.006411954592282826 0.004793738092919378
0.006411954592282826 0.004574002505244694
0.006411954592282826 0.004675485969139942
0.006411954592282826 0.004496470694387952
0.006411954592282826 0.004634471613281847
0.006411954592282826 0.004881279023619958
0.006411954592282826 0.005000248351977865
0.006411954592282826 0.005250562522087783
0.006411954592282826 0.005214834028536176
0.006411954592282826 0.005313851041719204
0.006411954592282826 0.00525505951943658
0.006411954592282826 0.005292803839946585
0.006411954592282826 0.0055675309742293936
0.006411954592282826 0.005295997691578629
0.006411954592282826 0.005778199768072224
0.006411954592282826 0.005546444490839211
0.006411954592282826 0.0056707413639932305
0.006411954592282826 0.0056121789172437495
0.006411954592282826 0.005202838982974359
0.006411954592282826 0.005319810346451276
0.006411954592282826 0.005570863073057763
0.006411954592282826 0.005700921710328426
0.006411954592282826 0.005624172422206268
0.006411954592282826 0.005644139605636913
0.006411954592282826 0.005649053716083268
0.006411954592282826 0.005652925622367396
0.006411954592282826 0.0055259951147935615
0.006411954592282826 0.005841593949455663
0.006411954592282826 0.005676635394079502
0.006411954592282826 0.005759560833080377
0.006411954592282826 0.005627294805309115
0.006411954592282826 0.0056741420044928445
0.006411954592282826 0.005674189245393544
0.006411954592282826 0.005692432722069564
0.006411954592282826 0.0055257584520616064
0.006411954592282826 0.005545075502325274
0.006411954592282826 0.005680399017893007
0.006411954592282826 0.005430487278122952
0.006411954592282826 0.0058121617834289065
0.006411954592282826 0.005590431058384638
0.006411954592282826 0.005922681796988147
0.006411954592282826 0.00524533358742712
0.006411954592282826 0.005299889480545134
0.006411954592282826 0.005327385459859217
0.006411954592282826 0.005479420467619259
0.006411954592282826 0.005826489459628148
0.006411954592282826 0.005882192088396165
0.006411954592282826 0.00556176306980796
0.006411954592282826 0.0055186377338784075
0.006411954592282826 0.005583034291509217
0.0066019745497481915 0.005564125321501707
0.0066019745497481915 0.005756521496417684
0.0066019745497481915 0.005827038304578253
0.0066019745497481915 0.005710273371628772
0.0066019745497481915 0.005787030621765078
0.0066019745497481915 0.005757096059460618
0.0066019745497481915 0.005583211315809552
0.0066019745497481915 0.005691698277549886
0.0066019745497481915 0.006023799982846462
0.0066019745497481915 0.005817667411898473
0.0066019745497481915 0.005719434139969988
0.0066019745497481915 0.005750539919142879
0.0066019745497481915 0.005556056488845013
0.0066019745497481915 0.005312777086255133
0.0066019745497481915 0.00577689901358648
0.0066019745497481915 0.005771690479162309
0.0066019745497481915 0.005680782871334675
0.0066019745497481915 0.005611915254592292
0.0066019745497481915 0.00591765854346515
0.0066019745497481915 0.00591412572444659
0.0066019745497481915 0.005667229092954605
0.0066019745497481915 0.005918301364653028
0.0066019745497481915 0.005918956770991703
0.0066019745497481915 0.005696370559132389
0.0066019745497481915 0.005614386333331828
0.0066019745497481915 0.005643784216081012
0.0066019745497481915 0.005794834520574938
0.0066019745497481915 0.005829305429808909
0.0066019745497481915 0.005944924884625526
0.0066019745497481915 0.0062167950817602615
0.0066019745497481915 0.00562448728323875
0.0066019745497481915 0.0061229695060310944
0.0066019745497481915 0.005376568019414184
0.0066019745497481915 0.005845188516065163
0.0066019745497481915 0.005511465518139853
0.0066019745497481915 0.005796638677732638
0.0066019745497481915 0.005763518401918384
0.0066019745497481915 0.005712241738658711
0.0066019745497481915 0.006011757615062912
0.0066019745497481915 0.00582083428412367
0.0066019745497481915 0.005781727447430524
0.0066019745497481915 0.005690887756071223
0.0066019745497481915 0.005760151538171689
0.0066019745497481915 0.005651102174151752
0.0066019745497481915 0.00552789623684167
0.0066019745497481915 0.005793127966128722
0.0066019745497481915 0.005555537165668182
0.0066019745497481915 0.005794562432259092
0.0066019745497481915 0.005878768889879268
0.0066019745497481915 0.005968400108033481
0.0066019745497481915 0.0059072846969204906
0.0066019745497481915 0.005642613682856348
0.0066019745497481915 0.0056092953940721025
0.0066019745497481915 0.00584198200449444
0.0066019745497481915 0.005568053537082946
0.0066019745497481915 0.0056816270910320255
0.0066019745497481915 0.005796881823968707
0.0066019745497481915 0.005937611370682644
0.0066019745497481915 0.005750924653422318
0.0066019745497481915 0.005736193497993396
0.0066019745497481915 0.006043349402443824
0.0066019745497481915 0.005756038165764963
0.0066019745497481915 0.005940886227408076
0.0066019745497481915 0.005840877425584194
0.0066019745497481915 0.005454214778956916
0.0066019745497481915 0.005563200013514405
0.0066019745497481915 0.005783146563587789
0.0066019745497481915 0.005808264762937114
0.0066019745497481915 0.005682300610605806
0.0066019745497481915 0.005511712694486821
0.0066019745497481915 0.0057060089988697285
0.0066019745497481915 0.005933852318607854
0.0066019745497481915 0.005847330659522417
0.0066019745497481915 0.005763055193117348
0.0066019745497481915 0.005978416294685959
0.0066019745497481915 0.006106956982406874
0.0066019745497481915 0.00569166865127615
0.0066019745497481915 0.005583409715224773
0.0066019745497481915 0.005543807244392827
0.0066019745497481915 0.005739692913299184
0.0066019745497481915 0.005657851565518424
0.0066019745497481915 0.005899494710160788
0.0066019745497481915 0.005969388487917113
0.0066019745497481915 0.0056071211244279155
0.0066019745497481915 0.005619591521336882
0.0066019745497481915 0.005705250079058524
0.0066019745497481915 0.005841753446869844
0.0066019745497481915 0.005916854527565732
0.0066019745497481915 0.005774009734034805
0.0066019745497481915 0.005706540746426859
0.0066019745497481915 0.0057881289691235
0.0066019745497481915 0.005959341649628179
0.0066019745497481915 0.005896416978883815
0.0066019745497481915 0.0054633583827574704
0.0066019745497481915 0.005673438570882094
0.0066019745497481915 0.005890496679307366
0.0066019745497481915 0.005699196072707129
0.0066019745497481915 0.005680469496623034
0.0066019745497481915 0.005637374533031208
0.0066019745497481915 0.00570454058533083
0.0066019745497481915 0.005894086039345483
0.0066019745497481915 0.005954892817248527
0.0066019745497481915 0.005706083940409893
0.008022422809510465 0.005800300809257907
0.008022422809510465 0.005767357442489093
0.008022422809510465 0.005587363039833628
0.008022422809510465 0.005811023440103222
0.008022422809510465 0.00582249324763625
