2677.0 10197.89
2677.0 8608.09
2334.0 7254.19
2334.0 5405.785
2170.0 4073.47
1719.0 3314.06
1558.0 2939.11
1793.0 2692.245
1543.0 2539.485
1543.0 2476.795
1151.0 2284.32
1047.0 2238.685
1047.0 2108.985
1047.0 1942.445
1047.0 1719.94
827.0 1706.855
827.0 1461.0
603.0 1422.735
577.0 1168.28
577.0 1017.305
577.0 994.96
577.0 935.13
577.0 818.19
577.0 758.66
577.0 809.555
577.0 744.595
577.0 749.02
577.0 782.655
577.0 701.98
577.0 734.93
577.0 802.965
577.0 668.415
577.0 713.525
577.0 731.485
577.0 676.83
577.0 741.955
577.0 724.47
577.0 742.885
577.0 758.535
577.0 691.84
577.0 726.66
577.0 677.31
577.0 706.255
550.0 790.32
550.0 699.77
550.0 723.33
550.0 699.73
550.0 639.88
550.0 705.35
550.0 681.03
550.0 675.98
550.0 746.015
550.0 680.675
550.0 671.69
550.0 690.57
550.0 653.42
550.0 732.065
550.0 746.105
550.0 685.255
550.0 681.285
550.0 688.31
550.0 657.615
550.0 604.725
550.0 639.815
550.0 654.58
550.0 652.545
550.0 683.55
550.0 621.005
550.0 640.705
550.0 705.205
550.0 680.17
550.0 658.615
550.0 674.175
550.0 605.98
550.0 694.645
550.0 683.795
550.0 662.965
550.0 680.33
550.0 615.475
550.0 633.77
550.0 643.75
550.0 596.05
550.0 578.205
550.0 665.56
550.0 678.575
550.0 723.74
550.0 639.865
550.0 622.38
550.0 622.975
550.0 694.83
550.0 630.18
550.0 672.4
550.0 637.92
550.0 665.32
550.0 660.48
550.0 660.39
550.0 612.505
550.0 660.075
550.0 704.58
550.0 631.085
550.0 626.22
550.0 681.03
550.0 609.01
550.0 664.87
550.0 708.395
550.0 612.29
550.0 604.58
550.0 665.91
550.0 676.075
550.0 636.33
550.0 737.095
550.0 666.505
550.0 645.31
550.0 644.085
550.0 660.37
550.0 609.715
550.0 605.935
550.0 637.315
550.0 619.975
550.0 611.175
550.0 725.865
550.0 641.29
550.0 658.525
550.0 719.44
550.0 687.945
550.0 626.285
550.0 678.58
550.0 644.945
550.0 749.99
550.0 673.11
550.0 679.485
550.0 662.38
550.0 680.57
550.0 665.67
550.0 648.525
550.0 656.95
550.0 610.66
550.0 657.775
550.0 644.12
550.0 635.97
550.0 656.855
550.0 738.76
550.0 643.46
550.0 629.04
550.0 649.47
550.0 755.17
550.0 686.875
550.0 654.19
550.0 661.7
550.0 644.24
550.0 665.5
550.0 682.855
550.0 699.735
550.0 682.205
550.0 673.19
550.0 720.375
550.0 627.245
550.0 660.625
550.0 662.585
550.0 681.825
550.0 639.68
550.0 653.59
550.0 687.25
550.0 737.075
550.0 639.39
550.0 658.04
550.0 746.4
550.0 669.49
550.0 690.22
550.0 750.96
550.0 655.915
550.0 607.405
550.0 627.735
550.0 629.61
550.0 610.46
550.0 690.3
550.0 647.255
550.0 727.12
549.0 642.355
515.0 689.005
515.0 710.35
515.0 635.205
515.0 670.65
515.0 734.03
515.0 586.02
515.0 675.58
515.0 688.685
515.0 651.48
515.0 653.295
515.0 600.705
515.0 614.39
515.0 648.14
515.0 686.16
515.0 642.76
515.0 604.815
515.0 638.27
515.0 706.02
515.0 605.19
515.0 655.935
515.0 617.14
