4182.0 10789.88
3437.0 9364.38
3437.0 8140.025
2686.0 6562.475
2342.0 5429.22
2342.0 4865.59
2342.0 4299.13
2286.0 3856.05
1779.0 3780.6
1779.0 3687.195
1586.0 3348.98
1586.0 3206.575
1575.0 3153.96
1151.0 3032.615
1297.0 2877.8
1297.0 2867.97
1082.0 2677.575
1082.0 2521.24
1082.0 2426.275
1337.0 2527.725
1337.0 2453.22
1337.0 2108.3
1088.0 1912.34
700.0 1845.505
700.0 1723.765
700.0 1810.825
708.0 1541.23
708.0 1526.77
665.0 1560.045
665.0 1404.52
665.0 1343.805
665.0 1174.32
665.0 1120.07
665.0 1157.555
665.0 1062.99
665.0 1094.01
665.0 992.025
665.0 1196.565
665.0 929.1
665.0 1089.995
665.0 939.36
665.0 893.83
665.0 1018.925
665.0 1061.775
665.0 937.65
665.0 1021.85
665.0 1088.19
665.0 935.275
665.0 927.275
665.0 1038.42
665.0 1016.42
665.0 960.93
665.0 1007.99
665.0 987.32
665.0 1047.165
665.0 987.305
388.0 929.26
388.0 988.38
388.0 959.985
388.0 650.365
388.0 642.93
388.0 746.135
388.0 537.195
388.0 557.105
388.0 565.95
388.0 578.995
388.0 592.355
388.0 648.08
388.0 588.76
388.0 523.715
388.0 578.925
388.0 577.685
388.0 636.635
388.0 621.525
388.0 641.725
388.0 727.18
388.0 551.35
388.0 695.68
388.0 648.485
388.0 557.965
388.0 592.19
388.0 486.835
388.0 563.425
388.0 595.37
388.0 499.195
388.0 629.85
388.0 744.86
388.0 677.3
388.0 783.13
388.0 543.83
388.0 618.01
388.0 581.875
388.0 601.215
388.0 695.87
388.0 668.91
388.0 543.51
388.0 687.555
388.0 565.075
388.0 520.275
388.0 592.22
388.0 584.31
388.0 593.435
388.0 604.81
388.0 553.37
388.0 660.54
388.0 577.13
388.0 530.405
388.0 596.41
388.0 608.27
388.0 647.06
388.0 650.85
388.0 594.025
388.0 551.385
388.0 699.645
388.0 614.825
388.0 645.93
388.0 664.885
388.0 613.93
388.0 535.71
388.0 497.195
388.0 606.51
388.0 523.85
388.0 652.26
388.0 630.02
388.0 639.54
388.0 678.485
388.0 565.615
388.0 623.31
388.0 565.435
388.0 551.995
388.0 544.81
388.0 619.925
388.0 614.055
388.0 628.625
388.0 612.74
388.0 607.515
388.0 623.13
388.0 566.13
388.0 596.615
388.0 610.185
388.0 626.33
388.0 550.525
388.0 535.1
388.0 563.255
388.0 658.935
388.0 552.92
388.0 571.645
388.0 609.81
388.0 637.07
388.0 579.145
388.0 642.585
388.0 600.56
388.0 655.51
388.0 614.055
388.0 616.095
388.0 625.56
388.0 504.805
388.0 555.74
388.0 617.155
388.0 563.435
388.0 718.015
388.0 535.11
388.0 582.115
388.0 615.445
388.0 549.36
388.0 648.04
388.0 647.315
388.0 549.06
388.0 787.325
388.0 593.2
388.0 663.975
388.0 671.405
388.0 584.145
388.0 695.385
388.0 604.29
388.0 597.34
388.0 606.74
388.0 575.19
388.0 675.6
388.0 641.015
388.0 717.13
388.0 580.965
388.0 702.405
388.0 637.63
388.0 778.235
388.0 664.215
388.0 566.63
388.0 549.48
388.0 699.145
388.0 731.215
388.0 630.895
388.0 763.68
388.0 591.47
388.0 557.99
388.0 574.665
388.0 626.615
388.0 575.025
388.0 562.34
388.0 570.155
388.0 654.505
