4590.0 10907.6
4590.0 9556.845
4590.0 8832.57
2724.0 7519.81
2724.0 6928.675
2303.0 6643.21
2087.0 5788.445
2086.0 5267.855
1590.0 4087.295
1420.0 3684.365
1420.0 3259.585
1420.0 2846.845
1200.0 2674.545
951.0 2485.105
1060.0 2398.03
779.0 2102.24
779.0 1979.165
779.0 1889.52
563.0 2033.165
563.0 1669.995
563.0 1395.705
563.0 1355.2
563.0 1426.82
540.0 1259.635
540.0 1340.275
540.0 1268.285
540.0 1189.12
540.0 1149.735
540.0 1058.955
540.0 1149.655
540.0 1180.275
540.0 1026.97
540.0 946.2
540.0 916.61
520.0 1071.885
520.0 1180.485
520.0 953.85
520.0 1180.5
520.0 1173.455
520.0 1060.66
520.0 1120.37
520.0 1091.86
520.0 941.01
520.0 860.395
520.0 765.17
520.0 890.555
520.0 915.56
520.0 782.23
520.0 869.2
520.0 810.085
520.0 936.085
520.0 945.105
520.0 923.95
520.0 964.805
520.0 882.135
520.0 878.51
520.0 897.56
520.0 852.015
520.0 865.195
520.0 792.02
520.0 845.02
520.0 879.265
520.0 918.82
520.0 969.665
520.0 828.135
520.0 957.79
520.0 828.015
520.0 771.625
520.0 898.8
520.0 817.195
520.0 775.44
494.0 783.86
494.0 763.45
494.0 839.955
494.0 954.72
494.0 968.985
494.0 893.2
494.0 820.47
494.0 869.255
494.0 904.58
494.0 745.63
494.0 780.44
494.0 887.48
494.0 907.17
494.0 865.635
494.0 907.195
494.0 892.195
494.0 1034.715
494.0 910.975
494.0 748.645
480.0 815.1
480.0 836.545
480.0 883.915
480.0 933.64
480.0 882.96
480.0 1004.34
480.0 792.32
480.0 791.815
480.0 818.84
480.0 816.78
480.0 772.37
480.0 784.035
480.0 861.695
480.0 754.465
480.0 765.305
480.0 807.315
480.0 811.135
480.0 780.235
480.0 766.72
480.0 824.165
480.0 962.235
480.0 881.82
480.0 846.575
480.0 813.18
480.0 979.835
480.0 731.39
480.0 813.635
480.0 911.23
480.0 642.62
480.0 754.89
480.0 904.755
480.0 782.725
480.0 943.28
480.0 1007.63
480.0 773.875
480.0 753.175
480.0 812.435
480.0 866.865
480.0 804.005
480.0 789.535
480.0 867.135
480.0 830.265
480.0 872.52
480.0 894.065
480.0 836.485
480.0 845.57
480.0 732.52
480.0 845.175
480.0 920.895
480.0 1015.8
480.0 893.01
480.0 864.3
480.0 854.24
480.0 737.155
480.0 836.605
480.0 864.42
480.0 770.305
480.0 836.08
480.0 766.39
480.0 752.945
480.0 973.475
480.0 802.775
480.0 892.51
480.0 796.99
480.0 860.37
480.0 698.745
480.0 853.95
480.0 786.61
480.0 878.665
480.0 948.87
480.0 835.23
480.0 803.37
480.0 727.48
480.0 824.13
480.0 786.605
480.0 829.56
480.0 716.155
480.0 744.34
480.0 798.735
480.0 881.045
480.0 850.795
480.0 732.725
480.0 731.56
399.0 826.965
399.0 921.575
399.0 804.805
399.0 790.07
399.0 871.955
399.0 811.42
399.0 750.48
399.0 730.565
399.0 691.285
399.0 757.86
399.0 744.705
399.0 685.35
399.0 693.03
399.0 695.615
399.0 639.995
399.0 677.26
399.0 724.97
399.0 668.09
399.0 670.145
399.0 679.775
399.0 618.89
399.0 607.8
399.0 762.8
399.0 627.27
399.0 602.36
399.0 577.53
399.0 687.015
