6915.0 10732.8
3968.0 9617.96
3408.0 8832.365
3408.0 8086.34
3285.0 7080.75
2745.0 6746.755
2745.0 6767.115
2073.0 6109.45
2073.0 5296.265
1297.0 4404.735
1297.0 4141.555
1420.0 3488.7
1420.0 3061.645
1420.0 2731.785
1420.0 2236.785
1420.0 2092.165
1195.0 2091.51
1273.0 1948.485
1273.0 2034.975
952.0 2209.485
1250.0 1995.3
864.0 2284.68
746.0 2184.05
746.0 1988.245
746.0 1645.4
746.0 1633.8
746.0 1597.12
746.0 1573.755
746.0 1200.06
746.0 1187.6
746.0 1210.96
746.0 1256.035
746.0 1096.415
746.0 1139.42
746.0 1157.3
671.0 1082.15
671.0 1321.86
671.0 1395.475
671.0 1238.58
671.0 1008.375
671.0 1141.09
571.0 1022.245
571.0 1132.55
527.0 1158.325
527.0 1014.645
527.0 1038.385
527.0 1200.33
527.0 943.93
527.0 967.75
527.0 855.06
527.0 873.425
527.0 894.58
527.0 844.38
527.0 849.745
527.0 820.215
527.0 838.94
527.0 752.29
527.0 768.06
527.0 801.18
527.0 793.68
527.0 676.47
527.0 777.995
527.0 823.39
527.0 813.165
527.0 781.065
527.0 913.98
527.0 854.505
527.0 932.03
527.0 723.715
527.0 814.28
527.0 854.11
527.0 782.73
527.0 708.41
527.0 742.54
527.0 821.87
527.0 1074.86
527.0 974.64
527.0 760.8
527.0 780.315
339.0 933.725
339.0 829.2
339.0 723.655
339.0 703.1
339.0 626.175
339.0 592.1
339.0 591.745
339.0 568.635
339.0 555.63
339.0 601.21
339.0 568.2
339.0 622.675
339.0 523.69
339.0 504.57
339.0 484.96
339.0 474.275
339.0 604.76
339.0 611.65
339.0 500.27
339.0 585.595
339.0 555.23
339.0 529.83
339.0 564.8
339.0 566.76
339.0 545.31
339.0 544.435
339.0 507.79
339.0 576.135
339.0 549.5
339.0 609.895
339.0 693.93
339.0 504.56
339.0 519.275
339.0 533.165
339.0 600.68
339.0 578.595
339.0 471.105
339.0 695.15
339.0 516.945
339.0 546.4
339.0 639.95
339.0 580.39
339.0 546.275
339.0 520.73
339.0 494.415
339.0 501.265
339.0 583.53
339.0 556.42
339.0 613.115
339.0 536.19
339.0 543.915
339.0 555.01
339.0 734.49
339.0 540.29
339.0 458.92
339.0 569.465
339.0 471.66
339.0 562.73
339.0 565.905
339.0 539.68
339.0 549.105
339.0 581.395
339.0 442.83
339.0 589.13
339.0 583.21
339.0 532.53
339.0 580.585
339.0 638.235
339.0 536.3
339.0 637.82
337.0 511.575
337.0 544.58
337.0 544.725
337.0 595.815
337.0 514.595
337.0 627.525
337.0 584.16
337.0 562.51
337.0 622.01
337.0 713.465
337.0 570.0
337.0 571.585
337.0 557.3
337.0 518.235
337.0 550.235
337.0 633.85
337.0 557.195
337.0 759.39
337.0 687.465
337.0 630.035
337.0 669.025
337.0 807.24
337.0 780.365
337.0 841.945
337.0 719.2
337.0 735.3
337.0 617.605
337.0 613.53
337.0 631.38
337.0 601.205
337.0 547.69
337.0 577.47
337.0 599.87
337.0 622.285
337.0 638.135
337.0 569.44
337.0 539.87
337.0 526.09
337.0 607.97
337.0 565.79
337.0 503.685
337.0 525.005
337.0 548.235
337.0 483.085
337.0 618.4
337.0 544.16
337.0 462.565
337.0 485.385
337.0 524.84
337.0 566.275
337.0 640.325
