7.985764664024304E-4 3.152520103129826E-4
7.985764664024304E-4 3.762309698970235E-4
7.985764664024304E-4 4.2326950957180016E-4
7.985764664024304E-4 4.8272378014188236E-4
0.0010161499748384578 5.32798904161451E-4
0.0010161499748384578 5.723265585297167E-4
0.001186274397645278 6.694321577113747E-4
0.0012616453302941575 7.363152943362909E-4
0.0012701920407669795 8.00966075277333E-4
0.0012756351932622974 8.597799068777694E-4
0.0015564424894240953 9.051821460290835E-4
0.0015564424894240953 9.501430375124004E-4
0.0015752348870029741 0.0010067978650339735
0.0018466780711746498 0.0011034657941619299
0.0018839962185973047 0.0011251500402752396
0.0018839962185973047 0.0011335400131441333
0.002534986593568726 0.0012389054438877217
0.002534986593568726 0.0012348654193394294
0.0029318552285266504 0.001387730431778013
0.003166301419683213 0.001536702444773017
0.003166301419683213 0.001742687012629951
0.003166301419683213 0.00197426991889285
0.003471078552764104 0.002057752597833914
0.005169479517110827 0.0023027373711276356
0.005169479517110827 0.002493000295396929
0.005169479517110827 0.0030525748264327176
0.005169479517110827 0.0036167845177369597
0.005169479517110827 0.004062408177771169
0.005169479517110827 0.00413928114661907
0.005169479517110827 0.004292978873310236
0.005169479517110827 0.00448317382332753
0.005169479517110827 0.0043953249813933025
0.0063986105432797084 0.004209213452005197
0.0063986105432797084 0.004437034895702308
0.0063986105432797084 0.004651358966401917
0.0063986105432797084 0.004743502927069876
0.0063986105432797084 0.004844063715850046
0.0063986105432797084 0.005620528320661397
0.0063986105432797084 0.005284541895761425
0.0063986105432797084 0.005360394289378134
0.0063986105432797084 0.005332811231154454
0.0063986105432797084 0.005763369957897395
0.0063986105432797084 0.005405650710320924
0.0063986105432797084 0.005351407997572215
0.0063986105432797084 0.005608677911714206
0.0063986105432797084 0.005697167115543571
0.0063986105432797084 0.00528159077330884
0.0063986105432797084 0.005735167232964031
0.0063986105432797084 0.0052032137361285105
0.0063986105432797084 0.005549552658794207
0.0063986105432797084 0.005619599306724067
0.0063986105432797084 0.005458084580126428
0.0063986105432797084 0.005642545583992893
0.0063986105432797084 0.005585583109556084
0.0063986105432797084 0.005616230904650064
0.0063986105432797084 0.005541645853054838
0.0063986105432797084 0.005096676897603569
0.0063986105432797084 0.005567146427328854
0.0063986105432797084 0.005495076777833818
0.0063986105432797084 0.005525409809176176
0.0063986105432797084 0.005626445143774326
0.0063986105432797084 0.005477810484986725
0.0063986105432797084 0.005634734485299711
0.0063986105432797084 0.005548609569160926
0.0063986105432797084 0.005567520281526127
0.0063986105432797084 0.005584926542465647
0.0063986105432797084 0.005566893745866498
0.0063986105432797084 0.005750301980885919
0.0063986105432797084 0.005123004101099441
0.0063986105432797084 0.005438555701867865
0.0063986105432797084 0.005529679368198649
0.0063986105432797084 0.005622045947081865
0.0063986105432797084 0.005782063147142413
0.0063986105432797084 0.005821609437235689
0.0063986105432797084 0.005445410789185905
0.0063986105432797084 0.005405024350971629
0.0063986105432797084 0.005566617335637815
0.0063986105432797084 0.0055329392999072455
0.0063986105432797084 0.005804037871924923
0.0063986105432797084 0.005775309936071433
0.0063986105432797084 0.0055637997567024285
0.0063986105432797084 0.005392060513352148
0.0063986105432797084 0.005689737741346658
0.0063986105432797084 0.005600439432867584
0.0063986105432797084 0.005686607593412757
0.0063986105432797084 0.005750137851950856
0.0063986105432797084 0.005586810348071959
0.006721964434296781 0.005517359904255498
0.006721964434296781 0.005669779988387385
0.006721964434296781 0.005410589868602128
0.006721964434296781 0.0054114274896278815
0.006721964434296781 0.005423480201451295
0.006721964434296781 0.005655285356915329
0.006721964434296781 0.005522662637812381
0.006721964434296781 0.005408365664558319
0.006721964434296781 0.005750750517655061
0.006721964434296781 0.005811036481367303
0.006721964434296781 0.005549744603595602
0.006947423230857093 0.005667775216818534
0.006947423230857093 0.00589431720905985
0.006947423230857093 0.0059777274797330445
0.006947423230857093 0.005729636461604946
0.006947423230857093 0.0057257637318070985
0.00792072478581524 0.005728804400695656
0.00792072478581524 0.005977695761870893
0.00792072478581524 0.005571454847918603
0.00792072478581524 0.005746907968234588
0.00792072478581524 0.006107952948703313
0.00792072478581524 0.006219233223392348
0.00792072478581524 0.006361793578109937
0.00792072478581524 0.006604459523376259
0.00792072478581524 0.006889240757797437
0.00792072478581524 0.006743726766098066
0.00792072478581524 0.007382622971467285
0.00792072478581524 0.006969760935186548
0.00792072478581524 0.007116103437073821
0.00792072478581524 0.006782973789526711
0.00792072478581524 0.007065500594027648
0.00792072478581524 0.007177650294451311
0.00792072478581524 0.007032575374037457
0.00792072478581524 0.00720528448016625
0.00792072478581524 0.006959671200714249
0.00792072478581524 0.0069690364521209315
0.00792072478581524 0.006947977519754098
0.00792072478581524 0.006674379521320943
0.00792072478581524 0.007036522436158131
0.00792072478581524 0.006916712239531834
0.00792072478581524 0.0071720049791895914
0.00792072478581524 0.007151749768513806
0.00792072478581524 0.007057434443071897
0.00792072478581524 0.006947795100114652
0.00792072478581524 0.006947526093552541
0.00792072478581524 0.007251695232081968
0.00792072478581524 0.007204895788834205
0.00792072478581524 0.00723708884444391
0.00792072478581524 0.006729845734640476
0.00792072478581524 0.007009721203478608
0.00792072478581524 0.0069500047296126135
0.00792072478581524 0.007220413377796255
0.00792072478581524 0.006685804949733082
0.00792072478581524 0.00698965549061217
0.00792072478581524 0.006776212273590532
0.00792072478581524 0.007049219306879709
0.00792072478581524 0.006935491231563557
0.00792072478581524 0.007262650972447566
0.00792072478581524 0.006954145980136177
0.00792072478581524 0.006759566472082027
0.00792072478581524 0.00723247088418145
0.00792072478581524 0.006991990188569962
0.00792072478581524 0.0067913895371923445
0.00792072478581524 0.0071775073122313324
0.00792072478581524 0.00716389036572973
0.00792072478581524 0.007334584588599636
0.00792072478581524 0.006980456959724495
0.00792072478581524 0.006935700032245278
0.00792072478581524 0.006909318050955837
0.00792072478581524 0.006784757159872109
0.00792072478581524 0.006804899078764053
0.00792072478581524 0.007179692821126371
0.00792072478581524 0.007116013516723315
0.00792072478581524 0.0069376197360541516
0.00792072478581524 0.007283243671116436
0.00792072478581524 0.007154961751057012
0.00792072478581524 0.007298696800940263
0.00792072478581524 0.006965516663202079
0.00792072478581524 0.0073265261616529435
0.00792072478581524 0.007080628549281983
0.00792072478581524 0.007049945779327945
0.00792072478581524 0.0072859986994123285
0.00792072478581524 0.0073570107061083235
0.00792072478581524 0.007010224730245922
0.00792072478581524 0.0072950946343266375
0.00792072478581524 0.006925793919967749
0.00792072478581524 0.007019855731712213
0.00792072478581524 0.006875733102519828
0.00792072478581524 0.00696805470566144
0.00792072478581524 0.007116981351718407
0.00792072478581524 0.006912227412512701
0.00792072478581524 0.006784071332937645
0.00792072478581524 0.007095670049679901
0.00792072478581524 0.0071270279517387895
0.00792072478581524 0.007109673839455255
0.00792072478581524 0.007458707342636764
0.00792072478581524 0.007439318595941196
0.00792072478581524 0.007086441396765705
0.00792072478581524 0.007243512184685199
0.00792072478581524 0.006985068754267989
0.00792072478581524 0.006962327216295413
0.00792072478581524 0.006915533768671771
0.00792072478581524 0.006934146331418216
0.00792072478581524 0.006887460017578201
0.00792072478581524 0.006930438388762978
0.00792072478581524 0.007029020258956187
0.00792072478581524 0.00717571545216732
0.00792072478581524 0.006969442321443052
0.00792072478581524 0.007285933479604251
0.00792072478581524 0.007097853133327615
0.00792072478581524 0.006707018586833157
0.00792072478581524 0.006928410753429827
0.00792072478581524 0.0067032392823076666
