4064.0 11061.875
4064.0 9146.805
4064.0 8611.165
3835.0 7751.25
2892.0 6297.84
2892.0 5028.715
2832.0 4429.49
2380.0 3978.21
1699.0 3667.955
1938.0 3430.385
1854.0 3190.445
1854.0 2990.215
1498.0 2838.235
1498.0 2923.77
1460.0 2788.935
961.0 2477.55
961.0 2657.65
961.0 2861.44
961.0 2652.25
961.0 2624.965
961.0 2407.38
961.0 2513.015
1175.0 2297.87
1175.0 2295.445
1175.0 2226.725
857.0 2248.34
857.0 2212.48
857.0 2264.065
857.0 2139.85
857.0 2145.395
857.0 1939.065
857.0 1709.44
857.0 1830.66
857.0 1420.985
857.0 1350.005
857.0 1349.205
857.0 1350.445
857.0 1353.535
730.0 1255.57
730.0 1225.425
640.0 1101.195
640.0 1344.825
640.0 1156.615
640.0 1105.215
606.0 1053.64
606.0 1019.64
606.0 981.805
606.0 988.61
606.0 928.83
606.0 926.345
265.0 858.715
265.0 942.895
265.0 737.71
265.0 661.405
265.0 625.75
265.0 547.535
265.0 430.33
265.0 455.46
265.0 469.73
265.0 394.465
265.0 464.4
265.0 409.6
265.0 547.365
265.0 409.745
265.0 433.72
265.0 415.26
265.0 458.695
265.0 433.87
265.0 477.185
265.0 553.06
265.0 477.84
265.0 465.52
265.0 420.48
265.0 486.605
265.0 527.76
265.0 355.145
265.0 481.665
265.0 422.775
265.0 570.19
265.0 467.74
265.0 506.36
265.0 466.85
265.0 437.295
265.0 452.19
265.0 449.045
265.0 439.55
265.0 401.825
265.0 470.1
265.0 383.015
265.0 377.805
265.0 437.69
265.0 391.175
265.0 440.065
265.0 471.295
265.0 346.1
265.0 451.795
265.0 458.825
265.0 335.67
265.0 399.995
265.0 541.29
265.0 370.565
265.0 380.29
265.0 495.335
265.0 441.12
265.0 482.48
265.0 403.705
265.0 480.71
265.0 458.405
265.0 550.625
265.0 518.635
265.0 413.05
265.0 339.295
265.0 379.915
265.0 485.2
265.0 494.755
265.0 470.03
265.0 448.07
265.0 396.09
265.0 412.155
265.0 425.645
265.0 503.255
265.0 450.67
265.0 435.515
265.0 406.075
265.0 475.47
265.0 530.6
265.0 459.795
265.0 438.93
265.0 466.29
265.0 435.52
265.0 465.19
265.0 542.65
265.0 418.02
265.0 429.545
265.0 483.52
265.0 611.36
265.0 559.875
265.0 415.905
265.0 465.29
265.0 403.27
265.0 518.32
265.0 487.335
265.0 514.785
265.0 502.61
265.0 397.6
265.0 498.65
265.0 484.0
265.0 480.74
265.0 503.955
265.0 579.215
265.0 405.88
265.0 571.82
265.0 471.85
265.0 486.575
265.0 445.2
265.0 516.55
265.0 361.355
265.0 416.45
265.0 500.105
265.0 458.925
265.0 433.01
265.0 467.49
265.0 531.46
265.0 409.315
265.0 408.7
265.0 422.365
265.0 520.56
265.0 493.605
265.0 406.06
265.0 367.485
265.0 463.105
265.0 394.89
265.0 444.705
265.0 545.055
265.0 470.71
265.0 423.315
265.0 381.895
265.0 376.295
265.0 388.12
265.0 522.765
265.0 544.27
265.0 492.795
265.0 473.805
265.0 445.745
265.0 363.975
265.0 478.275
265.0 472.985
265.0 446.22
265.0 399.435
265.0 495.11
265.0 499.66
265.0 381.145
265.0 430.225
265.0 478.86
265.0 481.365
265.0 409.64
265.0 434.205
265.0 597.935
265.0 441.445
265.0 469.83
