4042.0 11142.0
3698.0 9770.68
3891.0 8941.295
3430.0 7923.18
3849.0 7268.88
3048.0 6546.435
2596.0 5155.205
3048.0 5031.755
2319.0 4958.11
2319.0 4655.97
1518.0 4438.94
1455.0 4050.985
1455.0 3520.54
1244.0 3057.225
1422.0 2932.675
1422.0 2802.58
1200.0 2717.22
1311.0 2605.625
1236.0 2497.895
1128.0 2433.81
1124.0 2371.945
966.0 2270.225
966.0 2200.77
966.0 1987.45
1069.0 2032.51
1069.0 1902.78
727.0 1915.855
727.0 1725.95
727.0 1530.845
727.0 1571.31
674.0 1441.125
705.0 1523.09
705.0 1458.455
705.0 1341.96
705.0 1279.72
705.0 1439.34
630.0 1330.22
630.0 1382.205
630.0 1119.44
630.0 1175.27
630.0 1049.93
630.0 1101.405
630.0 1099.115
630.0 1172.325
630.0 1026.945
617.0 1025.735
581.0 1011.675
581.0 972.815
581.0 1066.5
581.0 1215.49
581.0 1243.985
581.0 1014.54
581.0 1152.625
581.0 1092.955
581.0 927.03
581.0 1039.92
581.0 927.365
581.0 863.69
581.0 845.165
581.0 903.87
581.0 871.21
581.0 896.915
581.0 908.42
581.0 897.15
546.0 1020.67
546.0 954.62
546.0 874.785
581.0 884.66
581.0 905.65
581.0 1013.33
581.0 951.4
581.0 951.215
581.0 1031.775
581.0 972.75
581.0 937.425
581.0 1057.105
581.0 836.63
581.0 856.745
581.0 940.915
581.0 861.245
581.0 919.6
581.0 825.87
581.0 822.205
581.0 1014.14
581.0 887.57
581.0 826.255
503.0 941.68
503.0 871.315
503.0 880.93
503.0 814.525
503.0 827.995
503.0 887.275
503.0 878.35
503.0 838.765
503.0 881.2
503.0 931.96
503.0 921.43
503.0 827.92
503.0 879.99
503.0 834.16
503.0 827.325
503.0 810.42
503.0 807.26
503.0 780.51
503.0 837.505
503.0 892.165
503.0 802.315
503.0 843.1
503.0 848.975
503.0 812.07
503.0 785.99
503.0 842.39
503.0 834.225
503.0 871.305
503.0 808.56
503.0 672.855
503.0 871.705
503.0 852.615
503.0 794.595
503.0 869.67
503.0 715.99
503.0 743.55
503.0 770.93
503.0 767.215
503.0 840.75
503.0 747.76
503.0 839.74
503.0 879.205
503.0 836.85
503.0 880.13
503.0 865.685
503.0 722.895
503.0 728.05
503.0 660.93
503.0 771.465
503.0 758.605
503.0 714.93
503.0 864.935
503.0 780.69
503.0 817.625
503.0 786.57
503.0 675.225
503.0 790.7
503.0 888.2
503.0 841.515
503.0 801.91
503.0 813.74
503.0 829.82
503.0 851.13
503.0 836.82
503.0 986.475
503.0 818.135
503.0 724.97
503.0 808.22
503.0 854.475
503.0 754.32
503.0 767.9
503.0 797.72
503.0 760.045
503.0 896.31
503.0 833.36
503.0 774.8
503.0 814.845
503.0 909.705
503.0 745.34
503.0 742.435
503.0 856.415
503.0 816.31
503.0 709.075
503.0 835.27
503.0 793.17
503.0 809.99
503.0 747.45
503.0 726.285
503.0 733.23
503.0 807.195
503.0 833.15
503.0 861.05
470.0 832.495
470.0 857.085
470.0 906.645
470.0 795.55
470.0 764.0
470.0 886.255
470.0 640.6
470.0 800.06
282.0 780.82
282.0 689.4
282.0 686.635
282.0 747.78
282.0 562.54
282.0 584.585
282.0 553.71
282.0 539.825
282.0 453.085
282.0 422.325
282.0 535.4
282.0 507.755
282.0 454.525
282.0 471.18
