4020.0 11231.855
4020.0 9508.085
4020.0 8360.03
4020.0 7400.835
2850.0 6678.685
2850.0 6193.845
2558.0 5196.335
2581.0 4751.505
2292.0 4257.185
2745.0 4026.595
1890.0 3830.935
1890.0 3672.365
1928.0 3398.635
1527.0 3147.615
1757.0 3143.93
1757.0 3166.49
1153.0 2879.535
1153.0 2861.835
1197.0 2701.695
986.0 2515.13
986.0 2204.78
986.0 1967.86
898.0 1909.64
566.0 1712.585
566.0 1592.145
566.0 1341.41
566.0 1192.38
566.0 1029.82
566.0 1057.28
566.0 1013.29
566.0 876.38
566.0 998.785
455.0 1063.73
455.0 945.185
455.0 878.32
455.0 917.835
455.0 945.175
455.0 683.545
455.0 885.12
455.0 843.365
455.0 877.425
455.0 679.5
455.0 853.795
455.0 856.805
455.0 756.56
455.0 754.515
455.0 898.85
455.0 742.12
455.0 879.44
455.0 774.03
455.0 778.07
455.0 803.69
455.0 743.385
455.0 756.47
455.0 709.03
455.0 765.25
455.0 1006.795
455.0 753.32
455.0 799.345
455.0 765.505
455.0 735.175
455.0 774.98
455.0 734.605
455.0 786.27
455.0 783.88
455.0 788.23
455.0 775.87
455.0 715.84
455.0 949.48
455.0 790.125
455.0 744.21
455.0 750.11
455.0 683.64
455.0 677.085
455.0 814.94
455.0 861.155
455.0 786.175
455.0 763.67
455.0 682.2
455.0 681.66
455.0 765.92
455.0 849.785
455.0 739.935
455.0 745.51
455.0 716.94
455.0 698.225
455.0 767.75
425.0 759.375
425.0 744.215
425.0 854.595
425.0 873.56
425.0 804.485
425.0 754.34
425.0 795.985
425.0 834.96
425.0 767.0
425.0 719.175
425.0 848.31
358.0 846.99
358.0 721.29
358.0 688.645
358.0 751.125
358.0 756.885
328.0 772.265
328.0 674.415
328.0 883.62
328.0 781.59
328.0 659.245
328.0 683.53
328.0 676.285
328.0 713.605
328.0 623.35
328.0 701.135
328.0 476.5
328.0 626.935
328.0 568.385
328.0 645.13
328.0 594.955
328.0 517.25
328.0 621.355
328.0 552.02
328.0 590.36
328.0 612.525
328.0 607.435
328.0 717.46
328.0 618.33
328.0 684.055
328.0 565.15
328.0 570.64
328.0 584.125
328.0 591.51
328.0 617.875
328.0 521.665
328.0 552.955
328.0 515.17
328.0 732.57
328.0 644.38
328.0 642.185
328.0 551.855
328.0 700.695
328.0 605.75
328.0 692.945
328.0 623.48
328.0 627.2
328.0 520.76
328.0 614.69
328.0 657.895
328.0 574.115
328.0 622.805
328.0 721.795
328.0 556.14
328.0 603.035
328.0 514.96
328.0 639.795
328.0 643.675
328.0 667.65
328.0 743.165
328.0 685.41
328.0 578.365
328.0 585.425
328.0 648.21
328.0 513.22
328.0 546.485
328.0 544.045
328.0 621.09
328.0 508.275
328.0 606.495
328.0 585.605
328.0 530.46
328.0 492.405
328.0 615.99
328.0 519.835
328.0 629.965
328.0 585.5
328.0 668.145
328.0 611.895
328.0 595.49
328.0 621.58
328.0 694.41
328.0 580.205
328.0 584.835
328.0 585.925
328.0 499.68
328.0 478.05
328.0 610.9
328.0 548.675
328.0 633.91
328.0 660.155
328.0 642.245
328.0 643.605
328.0 642.685
328.0 657.51
328.0 592.24
328.0 540.59
328.0 638.72
328.0 535.83
328.0 556.035
328.0 726.635
328.0 667.77
328.0 712.79
