7.472321477553364E-4 3.1929724275666114E-4
8.139250826818472E-4 3.9796682735037265E-4
8.379685584788574E-4 4.593191804857321E-4
9.052187203190429E-4 5.319660664920994E-4
9.712825025808335E-4 5.467096713724859E-4
0.0010011412841587528 5.733356686854598E-4
0.0011491776675206559 6.785608315222016E-4
0.0012115777125426194 7.196939228694345E-4
0.0012115777125426194 7.610296257204753E-4
0.0017754295484672547 8.034549646476968E-4
0.0017754295484672547 8.646965997425925E-4
0.0017754295484672547 8.75972347192161E-4
0.0017754295484672547 0.001006178507603837
0.0025936558496937718 0.001209034076520302
0.0025936558496937718 0.0014819536713685702
0.0025936558496937718 0.0016200683273802454
0.0025936558496937718 0.001704690322780489
0.0029985640316609235 0.0018096994165734187
0.0029985640316609235 0.0017421590815838745
0.003597603355420019 0.0018607832094530404
0.003597603355420019 0.0019358938048928032
0.004245860269888545 0.0019235137330722205
0.004245860269888545 0.0019918459516693647
0.004245860269888545 0.00224040537411964
0.004245860269888545 0.0024485157463725797
0.004245860269888545 0.002844902116297776
0.004245860269888545 0.003051560303685296
0.0042851546285951605 0.003379359854508215
0.004872120438123127 0.003624329990706913
0.005727444079815881 0.003540193387726405
0.005727444079815881 0.003851339212349024
0.005727444079815881 0.0038204678791740835
0.005727444079815881 0.00426318677629275
0.005727444079815881 0.004412114781201673
0.005727444079815881 0.004354179057424987
0.005727444079815881 0.00453946519931979
0.0070975357690581204 0.004765760663216694
0.0070975357690581204 0.0049665948413188735
0.007939397860085209 0.005025463539677798
0.007939397860085209 0.005051542974561276
0.007939397860085209 0.005501955591828009
0.007939397860085209 0.005894012786930101
0.007939397860085209 0.006538682155527625
0.007939397860085209 0.006922426726707869
0.007939397860085209 0.006926671598095589
0.007939397860085209 0.006779580683156607
0.007939397860085209 0.0064650402010861495
0.007939397860085209 0.007126879001795796
0.007939397860085209 0.006955480631133291
0.007939397860085209 0.0069539259680345975
0.007939397860085209 0.007182553326628142
0.007939397860085209 0.006973082104568616
0.007939397860085209 0.006668352491525552
0.007939397860085209 0.006762245089494314
0.007939397860085209 0.007344743771508638
0.007939397860085209 0.006819918658260225
0.007939397860085209 0.006882330906535874
0.007939397860085209 0.007228169679215651
0.007939397860085209 0.00708728974815756
0.007939397860085209 0.007187293945823903
0.007939397860085209 0.006948890010468634
0.007939397860085209 0.00735192586965599
0.007939397860085209 0.007073962238482594
0.007939397860085209 0.007298204933669677
0.007939397860085209 0.006993610920418412
0.007939397860085209 0.007190067411714158
0.007939397860085209 0.006898969681744159
0.007939397860085209 0.006703693014321294
0.007939397860085209 0.007176280199606051
0.007939397860085209 0.007113997433354929
0.010177388570608847 0.007267181977200002
0.010177388570608847 0.007188177129519153
0.010177388570608847 0.006760038191954
0.010177388570608847 0.0073369222314211315
0.010177388570608847 0.007093014812955984
0.010177388570608847 0.0069468338960156995
0.010177388570608847 0.007205820599397846
0.010177388570608847 0.00697618789301607
0.010177388570608847 0.007476039992141756
0.010177388570608847 0.006951461358074985
0.010177388570608847 0.007397743176382201
0.010177388570608847 0.00788765308393347
0.010177388570608847 0.00769139353143657
0.010177388570608847 0.008458672506579185
0.010177388570608847 0.009087781418747177
0.010177388570608847 0.009166219946566466
0.010177388570608847 0.009191237382747875
0.010177388570608847 0.009006739001328397
0.010177388570608847 0.009159167498416634
0.010177388570608847 0.008798431886827272
0.010177388570608847 0.009299935449694428
0.010177388570608847 0.00912246089629728
0.010177388570608847 0.009248147289278261
0.010177388570608847 0.009367338830008674
0.010177388570608847 0.009136988107336591
0.010177388570608847 0.009152490329798098
0.010177388570608847 0.0092050801469483
0.010177388570608847 0.009271690544452071
0.010177388570608847 0.008935640782067052
0.010177388570608847 0.009043528066661796
0.010177388570608847 0.008904460681182216
0.010177388570608847 0.009325579710677656
0.010177388570608847 0.008973558136795717
0.010177388570608847 0.009230897390829508
0.010177388570608847 0.008773639936717155
0.010177388570608847 0.009269882625529578
0.010177388570608847 0.008952246771924775
0.010177388570608847 0.0093011789664713
0.010177388570608847 0.009080435148668142
0.010177388570608847 0.009110335564956886
0.010177388570608847 0.009402688602955699
0.010177388570608847 0.009146869184890659
0.010177388570608847 0.009368047275225699
0.010177388570608847 0.008971641546322774
0.010177388570608847 0.009220370857741722
0.010177388570608847 0.009190545435179318
0.010177388570608847 0.009339961177061736
0.010177388570608847 0.008934666554065007
0.010177388570608847 0.0092702910473918
0.010177388570608847 0.009186982946655795
0.010177388570608847 0.009239099447256718
0.010177388570608847 0.008863619467291837
0.010177388570608847 0.009404548730861235
0.010177388570608847 0.00955231183408831
0.010177388570608847 0.009576674442488126
0.010177388570608847 0.00940335022395804
0.010177388570608847 0.009130226743369736
0.010177388570608847 0.009221368705112478
0.010177388570608847 0.009212417279063636
0.010177388570608847 0.009302261764927848
0.010177388570608847 0.009194880222191492
0.010177388570608847 0.009423302487848478
0.010177388570608847 0.00936647504792531
0.010177388570608847 0.009524032612179023
0.010177388570608847 0.009336095025932552
0.010177388570608847 0.009354479068123457
0.010177388570608847 0.009444862905806588
0.010177388570608847 0.009059783300708052
0.010177388570608847 0.009109680315636375
0.010177388570608847 0.009490217123213643
0.010177388570608847 0.00932545913165461
0.010177388570608847 0.009122530508236516
0.010177388570608847 0.009024789779755312
0.010177388570608847 0.009245209874259646
0.010177388570608847 0.009348025393133072
0.010177388570608847 0.009064415405496186
0.010177388570608847 0.009582705796745772
0.010177388570608847 0.00905473769109086
0.010177388570608847 0.009338571511965701
0.010177388570608847 0.00953446992969089
0.010177388570608847 0.00926559740723222
0.010177388570608847 0.009364767399681156
0.010177388570608847 0.0090453513433898
0.010177388570608847 0.00934052841347656
0.010177388570608847 0.009616827673240657
0.010177388570608847 0.009135280405718236
0.010177388570608847 0.009467021150450025
0.010177388570608847 0.009471506886001107
0.010177388570608847 0.009298891573322003
0.010177388570608847 0.009441119108264565
0.010177388570608847 0.009538522364943052
0.010177388570608847 0.009125775918682327
0.010177388570608847 0.009399437522209736
0.010177388570608847 0.009517903142871613
0.010177388570608847 0.009100840848744428
0.010177388570608847 0.009515705890694762
0.010177388570608847 0.009354832895876176
0.010177388570608847 0.009066510399352634
0.010177388570608847 0.00887302692185397
0.010177388570608847 0.009090155903149317
0.010177388570608847 0.009326161273724976
0.010177388570608847 0.009070607859323225
0.010177388570608847 0.009099284389835056
0.010177388570608847 0.009182635451164493
0.010177388570608847 0.008600421222510223
0.010177388570608847 0.00882085336826271
0.010177388570608847 0.009475072624610455
0.010177388570608847 0.009233695889385335
0.010177388570608847 0.00897529083935851
0.010177388570608847 0.00911215244310423
0.010177388570608847 0.008964431670029738
0.010177388570608847 0.00906148277636981
0.010177388570608847 0.009245566690655743
0.010177388570608847 0.009415515950947046
0.010177388570608847 0.009246263791238921
0.010177388570608847 0.009488964427389746
0.010177388570608847 0.009306281676784694
0.010177388570608847 0.009349934617658677
0.010177388570608847 0.009266553306135648
0.010177388570608847 0.00926168219710946
0.010177388570608847 0.00900395034801174
0.010177388570608847 0.00935355275471804
0.010177388570608847 0.009146835459898391
0.010177388570608847 0.009231201555198097
0.010177388570608847 0.009042226924463135
0.010177388570608847 0.009175581275366872
0.010177388570608847 0.009217275887658326
0.010177388570608847 0.008783048501199882
0.010177388570608847 0.00911907876266968
0.010177388570608847 0.009154338371584015
