5.436361985089651E-4 3.0373534793711084E-4
8.556438249921699E-4 3.452816366014604E-4
8.556438249921699E-4 3.7812228915451863E-4
9.678729748165549E-4 4.504904539930396E-4
9.678729748165549E-4 4.875707924963017E-4
0.0010292226881250671 5.449752994181767E-4
0.0012213220275059675 6.282560705737145E-4
0.0027537031227252893 8.424161670250045E-4
0.0027537031227252893 0.0013731905345767711
0.0027537031227252893 0.0018767680668106738
0.003114309530299754 0.0020612418852474198
0.003709475095715734 0.0021695712154082723
0.003709475095715734 0.0022982473119282955
0.0056491665708888845 0.002445485679232166
0.0056491665708888845 0.0026590922265605894
0.0056491665708888845 0.003203654349408559
0.008122181344801353 0.003780003364031511
0.008122181344801353 0.004451443716360622
0.008122181344801353 0.0051535342104449735
0.008122181344801353 0.005917713876585129
0.008122181344801353 0.006450602969177293
0.009876439510231339 0.006915729171707943
0.009876439510231339 0.007327086374864099
0.009876439510231339 0.0074141617656190454
0.009876439510231339 0.006999666496000653
0.009876439510231339 0.007190898083673824
0.009876439510231339 0.007347694794673766
0.009876439510231339 0.007918163449735546
0.009876439510231339 0.007690813896284675
0.009876439510231339 0.008157181401229008
0.009876439510231339 0.008194348930590454
0.009876439510231339 0.008194709185566074
0.009876439510231339 0.008766624330500003
0.009876439510231339 0.008726589166584866
0.009876439510231339 0.009171390783585686
0.009876439510231339 0.00887830635290256
0.009876439510231339 0.008655022277863718
0.009876439510231339 0.00901320999072097
0.009876439510231339 0.008947535387273829
0.009876439510231339 0.00933549148887582
0.009876439510231339 0.008779092792103493
0.009876439510231339 0.008757777865559858
0.009876439510231339 0.009078125984723812
0.009876439510231339 0.009085135258929497
0.009876439510231339 0.009245225417122188
0.009876439510231339 0.008679014473065766
0.009876439510231339 0.009443985781804796
0.009876439510231339 0.008904365879521882
0.009876439510231339 0.008677447625960644
0.009876439510231339 0.008972961516775313
0.009876439510231339 0.008686173733213176
0.009876439510231339 0.008917315497500869
0.009876439510231339 0.008737612126166045
0.009876439510231339 0.00868380781952
0.009876439510231339 0.00896185148370756
0.009876439510231339 0.008793371534604662
0.009876439510231339 0.008813978290828365
0.009876439510231339 0.008678022112927975
0.009876439510231339 0.009293605716748355
0.009876439510231339 0.008855872042443936
0.009876439510231339 0.009022470334744287
0.009876439510231339 0.008943737758773117
0.009876439510231339 0.008869373238319428
0.009876439510231339 0.00874652851185553
0.009876439510231339 0.00873618441833657
0.009876439510231339 0.008670051026755969
0.009876439510231339 0.009211631410323655
0.009876439510231339 0.009108008921434672
0.009876439510231339 0.009090246459208048
0.009876439510231339 0.008983836768520026
0.009876439510231339 0.00901670410018546
0.009876439510231339 0.009141099003580296
0.009876439510231339 0.008859509275258871
0.009876439510231339 0.008861713360744735
0.009876439510231339 0.008815696920774435
0.009876439510231339 0.009184279655270156
0.009876439510231339 0.009089079069005773
0.009876439510231339 0.00896280102879624
0.009876439510231339 0.009116645961480187
0.009876439510231339 0.009044627643467286
0.009876439510231339 0.008817967343187787
0.009876439510231339 0.008940125006460152
0.009876439510231339 0.009091089865858135
0.009876439510231339 0.009450131501111927
0.009876439510231339 0.00908935905817655
0.009876439510231339 0.008888709999025511
0.009876439510231339 0.008695888859788463
0.009876439510231339 0.008723892477426458
0.009876439510231339 0.008818134923161637
0.009876439510231339 0.00919955480637634
0.009876439510231339 0.00871675970709342
0.009876439510231339 0.009031932094556114
0.009876439510231339 0.009014860905284736
0.009876439510231339 0.008778302183861155
0.009876439510231339 0.008969907976720225
0.009876439510231339 0.008796573525601741
0.009876439510231339 0.00927001451257193
0.009876439510231339 0.008909839504066345
0.009876439510231339 0.009016024919379835
0.009876439510231339 0.008604646772547917
0.009876439510231339 0.00856157822155117
0.009876439510231339 0.008789550596065331
0.009876439510231339 0.008971161806844645
0.009876439510231339 0.009119299098757748
0.009876439510231339 0.009126875148661595
0.009876439510231339 0.00908949472128452
0.009876439510231339 0.009086447638390852
0.009876439510231339 0.008750265029958026
0.009876439510231339 0.008959092761338463
0.009876439510231339 0.009086988827734553
0.009876439510231339 0.009230075664552646
0.009876439510231339 0.008423285810740205
0.009876439510231339 0.009043426063430754
0.009876439510231339 0.009054522391874188
0.009876439510231339 0.00889576122625417
0.009876439510231339 0.00890358926889973
0.009876439510231339 0.00890739518705184
0.009876439510231339 0.008992660676566148
0.009876439510231339 0.008990429112905058
0.009876439510231339 0.008696955108588174
0.009876439510231339 0.008948536687876313
0.009876439510231339 0.008882096401104472
0.009876439510231339 0.009122959725175878
0.009876439510231339 0.008884439068212603
0.009876439510231339 0.008943232838748823
0.009876439510231339 0.008772849938621721
0.009876439510231339 0.00896164880752922
0.009876439510231339 0.008928664283976233
0.009876439510231339 0.008828402784354494
0.009876439510231339 0.008767017472782372
0.009876439510231339 0.009257491357521998
0.009876439510231339 0.009036622622999908
0.009876439510231339 0.008539341357198279
0.009876439510231339 0.008992064104444282
0.009876439510231339 0.009278745882325131
0.009876439510231339 0.008781304841204436
0.009876439510231339 0.009473696149401183
0.009876439510231339 0.008779761978706368
0.009876439510231339 0.008629049962246088
0.009876439510231339 0.008820070046852061
0.009876439510231339 0.009127353371061681
0.009876439510231339 0.008905966474574329
0.009876439510231339 0.008866918596257677
0.009876439510231339 0.008934591712097605
0.009876439510231339 0.008923854487173854
0.009876439510231339 0.008811506899955667
0.009876439510231339 0.008757743615738965
0.009876439510231339 0.009221453241065169
0.009876439510231339 0.009070377980904211
0.009876439510231339 0.008800748617903857
0.009876439510231339 0.008284741012350522
0.009876439510231339 0.009316869351432795
0.009876439510231339 0.008860172962147228
0.009876439510231339 0.008671309830373106
0.009876439510231339 0.00884848548074917
0.009889847151615444 0.009007341343342879
0.009889847151615444 0.008917839147610945
0.009889847151615444 0.008828057691651245
0.009889847151615444 0.00900401500502108
0.009889847151615444 0.00881630874515716
0.009889847151615444 0.008551730192286906
0.009889847151615444 0.008896525417489677
0.009889847151615444 0.008338807042653515
0.009889847151615444 0.00864649367196354
0.009889847151615444 0.008684475215461543
0.009889847151615444 0.008354438826072482
0.009889847151615444 0.00820327673177349
0.009889847151615444 0.00808176423891519
0.009889847151615444 0.008874443561196915
0.009889847151615444 0.008246797069772611
0.009889847151615444 0.008752343516468423
0.009889847151615444 0.008745610382442906
0.009889847151615444 0.008658054022932585
0.009889847151615444 0.008545997459409017
0.009889847151615444 0.008624882560897187
0.009889847151615444 0.008433969256838732
0.009889847151615444 0.008980285759735777
0.009889847151615444 0.009363634431465949
0.009889847151615444 0.009203540708577613
0.009889847151615444 0.009017269095237057
0.009889847151615444 0.009307414462358688
0.009889847151615444 0.008904173736048343
0.009889847151615444 0.009176948507500608
0.009889847151615444 0.00887392210068237
0.009889847151615444 0.009024607486866539
0.009889847151615444 0.009068221074287045
0.009889847151615444 0.009005981024738185
0.009889847151615444 0.008597968029794071
0.009889847151615444 0.009116418620241012
0.009889847151615444 0.008807317213054895
0.009889847151615444 0.009112520544277447
0.009889847151615444 0.00897611292645879
0.009889847151615444 0.00870420106405379
0.009889847151615444 0.009013280243961738
0.009889847151615444 0.009224374670643964
0.009889847151615444 0.009179957416854493
0.009889847151615444 0.009163682379283066
0.009889847151615444 0.008690973706615191
0.009889847151615444 0.008645385462509862
0.009889847151615444 0.009346827606385026
