4888.0 11318.825
4344.0 9882.53
4431.0 8516.725
3135.0 6586.53
3135.0 6416.93
2942.0 6091.275
2942.0 5679.715
2942.0 5286.49
2087.0 4918.21
2132.0 4588.895
1949.0 4730.465
1949.0 4598.09
1740.0 4212.29
1740.0 4576.615
1740.0 3989.25
1485.0 3135.7
1485.0 2837.245
1140.0 2444.9
1073.0 2084.17
1073.0 1850.195
1073.0 1684.425
818.0 1486.865
818.0 1512.385
818.0 1392.205
818.0 1340.145
819.0 1336.15
676.0 1128.96
676.0 1171.22
676.0 1062.075
676.0 937.88
676.0 1004.27
676.0 1108.79
676.0 1062.545
676.0 975.51
676.0 951.63
676.0 913.75
676.0 918.175
676.0 797.585
676.0 780.625
676.0 804.485
676.0 821.455
676.0 800.115
676.0 793.645
676.0 847.005
676.0 757.1
676.0 805.04
676.0 810.175
676.0 874.81
676.0 784.47
676.0 834.97
676.0 796.82
676.0 797.655
676.0 834.615
676.0 789.88
676.0 771.62
676.0 773.53
676.0 787.31
676.0 732.165
676.0 798.42
676.0 821.29
676.0 780.075
676.0 855.945
676.0 866.505
676.0 800.49
676.0 803.19
676.0 770.1
676.0 785.365
676.0 833.305
676.0 801.14
676.0 896.345
432.0 839.19
432.0 849.015
432.0 766.01
432.0 733.64
432.0 601.82
432.0 557.77
432.0 498.33
432.0 510.31
432.0 498.925
432.0 472.19
432.0 523.895
432.0 481.785
432.0 516.385
432.0 594.81
432.0 523.3
432.0 461.995
432.0 594.835
432.0 475.215
432.0 549.36
432.0 570.805
432.0 562.725
432.0 510.155
432.0 561.355
432.0 516.275
432.0 541.625
432.0 518.775
432.0 511.34
432.0 536.885
432.0 538.22
432.0 518.77
432.0 543.18
432.0 596.72
432.0 531.85
432.0 486.61
432.0 593.7
432.0 514.105
432.0 503.8
432.0 520.84
432.0 567.89
432.0 533.8
432.0 577.565
432.0 476.1
432.0 500.435
432.0 485.33
432.0 512.315
432.0 505.59
432.0 525.88
432.0 540.43
432.0 498.425
432.0 522.885
432.0 491.065
432.0 472.76
432.0 499.4
432.0 507.655
432.0 571.115
432.0 524.315
432.0 528.615
432.0 530.915
432.0 503.685
432.0 545.835
432.0 518.345
432.0 545.615
432.0 550.95
432.0 517.525
432.0 538.885
432.0 495.31
432.0 574.37
432.0 504.12
432.0 477.595
432.0 512.31
432.0 482.04
432.0 544.335
432.0 558.91
432.0 523.755
432.0 536.35
432.0 556.94
432.0 518.145
432.0 523.51
432.0 561.285
432.0 520.58
432.0 488.315
432.0 507.265
432.0 510.51
432.0 502.72
432.0 490.035
432.0 555.005
432.0 544.66
432.0 495.57
432.0 565.15
432.0 471.09
432.0 484.39
432.0 519.755
432.0 524.175
432.0 500.42
432.0 562.055
432.0 461.255
432.0 513.985
432.0 491.565
432.0 504.485
432.0 558.695
432.0 553.035
432.0 543.485
432.0 513.505
432.0 483.09
432.0 511.325
432.0 605.005
432.0 461.695
432.0 530.2
432.0 542.605
432.0 541.005
432.0 492.445
432.0 494.195
432.0 533.42
432.0 514.765
432.0 499.155
432.0 495.825
432.0 497.6
432.0 586.37
432.0 516.575
432.0 540.44
432.0 489.245
432.0 534.795
432.0 480.69
432.0 533.08
432.0 548.445
432.0 518.295
432.0 482.24
432.0 567.42
432.0 541.295
432.0 539.915
