5479.0 11000.645
4246.0 9821.835
4246.0 8680.54
3283.0 7593.06
3682.0 6733.395
2528.0 6339.845
2093.0 5269.105
2093.0 4645.03
2093.0 4066.175
2347.0 3683.735
1674.0 3216.845
1674.0 2965.935
1192.0 2883.395
1192.0 2761.395
1192.0 2658.805
1424.0 2266.37
1094.0 2367.685
1007.0 2069.99
1007.0 1867.395
1007.0 1833.2
685.0 1667.84
685.0 1596.355
685.0 1621.205
685.0 1545.35
640.0 1509.92
640.0 1459.025
640.0 1385.53
640.0 1338.93
640.0 1260.0
640.0 1088.91
640.0 1183.94
640.0 1064.555
640.0 927.605
640.0 981.045
397.0 914.495
397.0 1096.765
397.0 998.835
397.0 1089.01
397.0 850.68
397.0 794.575
397.0 775.075
397.0 731.86
397.0 668.14
397.0 634.425
397.0 679.77
397.0 682.635
397.0 590.825
397.0 529.0
397.0 584.3
397.0 629.685
397.0 626.92
397.0 740.885
397.0 734.445
397.0 642.46
397.0 604.08
397.0 703.46
397.0 675.045
397.0 700.58
397.0 773.85
397.0 679.705
397.0 711.785
397.0 761.465
397.0 625.31
397.0 654.215
397.0 743.58
397.0 763.25
397.0 652.455
397.0 570.395
397.0 664.245
397.0 745.55
397.0 654.475
397.0 696.81
397.0 671.555
397.0 684.09
397.0 827.095
397.0 751.78
397.0 675.74
397.0 693.585
397.0 645.79
397.0 609.8
397.0 627.865
397.0 641.79
397.0 721.61
346.0 632.19
346.0 664.58
346.0 815.535
346.0 580.055
346.0 633.475
346.0 613.405
346.0 673.14
346.0 668.795
346.0 516.17
346.0 499.26
346.0 596.675
346.0 637.615
346.0 671.6
346.0 558.92
346.0 689.51
346.0 703.7
346.0 621.425
346.0 649.43
346.0 589.85
346.0 696.315
346.0 649.495
346.0 642.65
346.0 577.195
346.0 667.81
346.0 555.385
346.0 544.885
346.0 591.22
346.0 637.875
346.0 553.605
346.0 631.315
346.0 509.835
346.0 577.355
346.0 644.59
346.0 567.14
346.0 652.275
346.0 606.315
346.0 625.93
346.0 720.25
346.0 529.68
346.0 589.885
346.0 604.2
346.0 634.92
346.0 553.205
346.0 585.14
346.0 517.265
346.0 634.375
346.0 667.3
346.0 536.41
346.0 600.54
346.0 678.365
346.0 575.315
346.0 658.76
346.0 711.005
346.0 494.075
346.0 582.935
346.0 652.29
346.0 644.735
342.0 629.055
342.0 673.69
342.0 534.54
342.0 605.11
342.0 551.605
342.0 677.11
342.0 547.39
342.0 605.96
342.0 639.015
342.0 727.745
342.0 589.22
342.0 789.22
342.0 567.51
342.0 654.12
342.0 630.015
342.0 698.83
342.0 676.05
342.0 552.595
342.0 531.17
342.0 621.82
342.0 678.425
342.0 537.265
342.0 695.025
342.0 603.815
342.0 586.375
342.0 570.795
342.0 574.03
342.0 600.855
342.0 595.22
342.0 590.71
342.0 658.425
342.0 654.215
342.0 704.15
342.0 629.1
342.0 644.005
342.0 648.835
342.0 466.3
342.0 493.185
342.0 578.915
342.0 624.555
342.0 590.645
342.0 643.955
342.0 539.84
342.0 546.8
342.0 722.68
342.0 571.73
342.0 552.755
342.0 636.35
342.0 685.475
342.0 622.28
342.0 653.145
342.0 677.135
342.0 472.69
342.0 621.04
342.0 571.2
342.0 653.935
342.0 685.95
342.0 585.205
342.0 523.94
342.0 555.31
