5.654740726460081E-4 3.026986339796096E-4
6.518014822457246E-4 3.3314969235044957E-4
6.518014822457246E-4 3.8099752028585303E-4
6.518014822457246E-4 4.156133888857815E-4
8.672587276595593E-4 4.896662129089482E-4
8.672587276595593E-4 5.796675842954821E-4
0.0011506556353970375 6.406011302341325E-4
0.0014714140513794895 6.41285339776105E-4
0.0014714140513794895 6.793604702071336E-4
0.0014714140513794895 7.035583081095362E-4
0.0014714140513794895 7.749184050491469E-4
0.0018631089547587853 8.42395676336159E-4
0.0018631089547587853 9.208844349606873E-4
0.0028295314863259046 0.0010163203354639045
0.0028295314863259046 0.001128772147788462
0.0028295314863259046 0.0013590264559706227
0.0028295314863259046 0.0015118635181964127
0.003181824609753179 0.001630550235099946
0.003181824609753179 0.001765149873317115
0.003181824609753179 0.0018644355259225857
0.0035387103411127453 0.0020587519885300427
0.0035387103411127453 0.002308096557584669
0.0037955713468979463 0.0022944551797558633
0.0037955713468979463 0.0025238375105531203
0.0037955713468979463 0.002527700736235311
0.00480644572835904 0.0027388977210675482
0.005489149982564233 0.0029584573811189396
0.005489149982564233 0.003149390173746696
0.005489149982564233 0.003282119181171491
0.005489149982564233 0.0036882627189660107
0.005560477497963577 0.0037621530072629965
0.005560477497963577 0.004210646602856611
0.005560477497963577 0.004008925062268581
0.005560477497963577 0.004678561009357888
0.005560477497963577 0.004555270281071771
0.005560477497963577 0.004583812835717919
0.005718301605567853 0.00481728132424298
0.005718301605567853 0.004590713801964008
0.005718301605567853 0.004651687822579341
0.005799075005326841 0.004608750683291538
0.005799075005326841 0.004488887986912262
0.005799075005326841 0.004684456790762526
0.007491997202202406 0.004835785711027581
0.007491997202202406 0.004951371727629901
0.007491997202202406 0.00520835510201154
0.007491997202202406 0.005016234192593609
0.007491997202202406 0.005183264692964108
0.007491997202202406 0.00541406544583653
0.007491997202202406 0.005890253201902922
0.007491997202202406 0.0060661432623174815
0.007491997202202406 0.0065428687395821476
0.007491997202202406 0.006653711844183479
0.007491997202202406 0.006611948431266866
0.007491997202202406 0.006821183453442875
0.007491997202202406 0.0063275463353883055
0.007491997202202406 0.0064969984795991455
0.007491997202202406 0.006578602796436125
0.007491997202202406 0.006879209397126947
0.007491997202202406 0.0066345661671038895
0.010870564186172214 0.0064858561955433705
0.010870564186172214 0.006917362352867263
0.010870564186172214 0.006977625831557251
0.010870564186172214 0.006712543088303968
0.010870564186172214 0.007467502409623512
0.010870564186172214 0.008080915625764629
0.010870564186172214 0.008934751883651197
0.010870564186172214 0.00935443205940642
0.010870564186172214 0.009382781412492687
0.010870564186172214 0.009422740699521601
0.010870564186172214 0.009686570217018093
0.010870564186172214 0.009913817620528231
0.010870564186172214 0.010139694558334286
0.010870564186172214 0.009698403610337036
0.010870564186172214 0.010248895765508486
0.010870564186172214 0.009934185090882394
0.010870564186172214 0.00990217783761543
0.010870564186172214 0.010253937583371224
0.010870564186172214 0.010438090976398839
0.010870564186172214 0.009548921467581732
0.010870564186172214 0.009949042111270042
0.010870564186172214 0.010128589307309737
0.010870564186172214 0.01000155848797397
0.010870564186172214 0.009991669512772248
0.010870564186172214 0.010358229322077955
0.010870564186172214 0.010225074788370004
0.010870564186172214 0.010065304453997613
0.010870564186172214 0.010262471961708413
0.010870564186172214 0.009714463717646121
0.010870564186172214 0.01008591515674621
0.010870564186172214 0.00971823708037591
0.010870564186172214 0.009844102011121968
0.010870564186172214 0.00949315322925791
0.010870564186172214 0.010025478521620359
0.010870564186172214 0.00986743607088941
0.010870564186172214 0.010239535693527247
0.010870564186172214 0.009660140281966673
0.010870564186172214 0.009639907479855743
0.010870564186172214 0.00947095750047816
0.010870564186172214 0.01000913529257905
0.010870564186172214 0.010264622716901229
0.010870564186172214 0.009430691741583914
0.010870564186172214 0.009844328494771874
0.010870564186172214 0.009075948509403858
0.010870564186172214 0.009544214653424768
0.010870564186172214 0.009377959221008921
0.010870564186172214 0.010241226497917755
0.010870564186172214 0.00955550017595391
0.010870564186172214 0.009571100701892437
0.010870564186172214 0.010390859047036367
0.010870564186172214 0.009862929403100193
0.010870564186172214 0.009518780119246329
0.010870564186172214 0.01008207163922147
0.010870564186172214 0.009779710163436222
0.010870564186172214 0.01017106987816114
0.010870564186172214 0.009625929712308566
0.010870564186172214 0.00973728142758367
0.010870564186172214 0.010187968673040447
0.010870564186172214 0.009398551495069298
0.010870564186172214 0.009649672751318769
0.010870564186172214 0.009582693358410284
0.010870564186172214 0.009928231774761972
0.010870564186172214 0.009753132817672545
0.010870564186172214 0.009805857163929765
0.010870564186172214 0.009785348375693517
0.010870564186172214 0.01017738485800152
0.010870564186172214 0.01028333262903116
0.010870564186172214 0.0096915655253563
0.010870564186172214 0.010162495872297086
0.010870564186172214 0.009819417312786273
0.010870564186172214 0.010045558296038143
0.010870564186172214 0.009759007644407099
0.010870564186172214 0.009498054768297303
0.010870564186172214 0.009516734630874211
0.010870564186172214 0.009880078688009832
0.010870564186172214 0.010259160745716952
0.010870564186172214 0.010163648431949468
0.010870564186172214 0.01006086889559838
0.010870564186172214 0.009987369937203732
0.010870564186172214 0.009981882863083241
0.010870564186172214 0.010130511392573639
0.010870564186172214 0.010199199439907625
0.010870564186172214 0.010346606119858963
0.010870564186172214 0.010142552707417105
0.010870564186172214 0.009600859696551377
0.010870564186172214 0.00983081495304601
0.010870564186172214 0.010041215918720791
0.010870564186172214 0.009963115293749717
0.010870564186172214 0.009870240344296203
0.010870564186172214 0.009963264770263866
0.010870564186172214 0.009930589400749755
0.010870564186172214 0.00979868253089136
0.010870564186172214 0.009761767727718852
0.010870564186172214 0.01002580788667803
0.010870564186172214 0.00994039121965325
0.010870564186172214 0.01008721394090346
0.010870564186172214 0.009876312175952213
0.010870564186172214 0.009655290837598182
0.010870564186172214 0.00997292212643858
0.010870564186172214 0.009462235733640391
0.010870564186172214 0.010264646857133925
0.010870564186172214 0.010264015338606223
0.010870564186172214 0.009676875932629293
0.010870564186172214 0.00993398267660106
0.010870564186172214 0.00997074550016417
0.010870564186172214 0.010092286540526447
0.010870564186172214 0.0098724291792113
0.010870564186172214 0.009773475189109385
0.010870564186172214 0.009981211093059316
0.010870564186172214 0.010270488017068985
0.010870564186172214 0.009747581675237406
0.010870564186172214 0.009882138771947624
0.010870564186172214 0.01002650047753396
0.010870564186172214 0.010101614455908695
0.010870564186172214 0.010224456240639597
0.010870564186172214 0.009835853136387141
0.010870564186172214 0.009892512278429192
0.010870564186172214 0.009461373856885223
0.010870564186172214 0.00983990573340693
0.010870564186172214 0.009533348676487896
0.010870564186172214 0.010375312648770542
0.010870564186172214 0.010210625811869102
0.010870564186172214 0.010175651121261526
0.010870564186172214 0.010259201954722645
0.010870564186172214 0.01007244859571776
0.010870564186172214 0.009648720368419506
0.010870564186172214 0.009766260203590546
0.010870564186172214 0.009802220918444883
0.010870564186172214 0.009906750269282685
0.010870564186172214 0.009709411864879284
0.010870564186172214 0.009988748644055247
0.010870564186172214 0.009581474225203598
0.010870564186172214 0.010353631042423143
0.010870564186172214 0.009715672117500556
0.010870564186172214 0.009731970800173049
0.010870564186172214 0.01007965156646178
0.010870564186172214 0.010094627800494003
0.010870564186172214 0.010131247451219613
0.010870564186172214 0.010109342839315945
0.010870564186172214 0.009793061643251008
0.010870564186172214 0.010294640441069099
