6.838968760713389E-4 3.00691573484557E-4
6.838968760713389E-4 3.39799427776276E-4
6.838968760713389E-4 3.8836049713906985E-4
0.0010373951302901725 4.248131960110893E-4
0.0010373951302901725 5.004852800510357E-4
0.001171079730637805 6.134767264589423E-4
0.0015458078107124637 6.523582211497054E-4
0.0015458078107124637 7.637061989683101E-4
0.0017273341399309217 8.483458215296622E-4
0.0021686096005611353 9.591262024194647E-4
0.0021686096005611353 0.001113965665464858
0.0021902723683238797 0.0013239645900962904
0.0026034860179977334 0.0015308556818976156
0.003050870245022295 0.0016395631342877937
0.003080384124576531 0.0017854470010296572
0.003080384124576531 0.0019333218056109777
0.0035226168641536403 0.0019275654005186296
0.0035859163586078133 0.002130769337205214
0.004071774645431717 0.0023124498131385385
0.005887833599382879 0.002403792737043978
0.007678035067566975 0.0028723151247229024
0.007678035067566975 0.003722724380516562
0.007678035067566975 0.005078220558507092
0.007678035067566975 0.006343678851674874
0.007678035067566975 0.00680901067609849
0.007678035067566975 0.006427254934580136
0.007678035067566975 0.006919911330889578
0.007678035067566975 0.006637833476820729
0.007678035067566975 0.00670544331015513
0.007678035067566975 0.006886698550926975
0.007678035067566975 0.006970950760024083
0.007678035067566975 0.00721930525984025
0.007678035067566975 0.006392899804386042
0.007678035067566975 0.006518638802458701
0.007678035067566975 0.006637486736091159
0.007678035067566975 0.0069448093397448596
0.007678035067566975 0.006814450819669823
0.007678035067566975 0.0068917057459148634
0.007678035067566975 0.006793940353743885
0.007678035067566975 0.007123017788417381
0.007678035067566975 0.006645274175167324
0.007678035067566975 0.0067408940901171445
0.007678035067566975 0.0068812326883856125
0.007678035067566975 0.006911056326827539
0.007678035067566975 0.006756108670760344
0.007678035067566975 0.006832092232153744
0.007678035067566975 0.006387290607174843
0.007678035067566975 0.006715072029590574
0.007678035067566975 0.00674261080235501
0.007678035067566975 0.006964111290709539
0.007678035067566975 0.00673046714742963
0.007678035067566975 0.006861570110767191
0.007678035067566975 0.006836265838223046
0.007678035067566975 0.0066934755158877726
0.007678035067566975 0.006937374280308372
0.007678035067566975 0.006697408933860322
0.007678035067566975 0.006883739469745815
0.007678035067566975 0.0067155350836180325
0.007678035067566975 0.00699362782948954
0.007678035067566975 0.006932963254361182
0.007678035067566975 0.006651409690528561
0.007678035067566975 0.006649059639084646
0.007678035067566975 0.006340716462936191
0.007678035067566975 0.006730383753263457
0.007678035067566975 0.006261429646026765
0.007678035067566975 0.006461026662443804
0.007678035067566975 0.0065063542217449226
0.007678035067566975 0.006618966991381442
0.007678035067566975 0.006767030846590637
0.007678035067566975 0.006522947667440293
0.007678035067566975 0.00677638251003366
0.007678035067566975 0.007021265111902276
0.007678035067566975 0.0067574484743164786
0.007678035067566975 0.006839627086849028
0.007678035067566975 0.0066726263920072245
0.007678035067566975 0.0066944955712155895
0.007678035067566975 0.006972859668129949
0.007678035067566975 0.00676259147624719
0.007678035067566975 0.006880306943158721
0.007678035067566975 0.006917344241814018
0.007678035067566975 0.006711419586202986
0.007678035067566975 0.006899627086362997
0.007678035067566975 0.006686715143337066
0.007678035067566975 0.0069300616010948045
0.007678035067566975 0.006739553902587764
0.007678035067566975 0.006736985061631492
0.007678035067566975 0.006922609056407065
0.007678035067566975 0.006642041426630113
0.007678035067566975 0.006820408932751218
0.007678035067566975 0.006950509567381803
0.007678035067566975 0.00658980668735514
0.007678035067566975 0.006620578997036195
0.007678035067566975 0.006706353877592316
0.007678035067566975 0.006713693136452964
0.007678035067566975 0.006843211629665313
0.007678035067566975 0.0068670424873447464
0.007678035067566975 0.007005447413792283
0.007678035067566975 0.006510543113515934
0.007678035067566975 0.006745783800845435
0.007678035067566975 0.0066899006393349395
0.007678035067566975 0.006841896085182166
0.007678035067566975 0.007252691863830187
0.007678035067566975 0.006882996575885054
0.007678035067566975 0.006237511193203625
0.007678035067566975 0.00663159810627621
0.007678035067566975 0.0066964631807234784
0.007678035067566975 0.006255280970635331
0.007678035067566975 0.006581433575576656
0.007678035067566975 0.006748575068042407
0.007678035067566975 0.006787156776263469
0.007678035067566975 0.006895098962796263
0.007678035067566975 0.006879393456131862
0.007678035067566975 0.006638531154250782
0.007678035067566975 0.007062715812500365
0.007678035067566975 0.006789143939009767
0.007678035067566975 0.0069000941036943065
0.007678035067566975 0.006718231147980055
0.007678035067566975 0.006747888101976089
0.007678035067566975 0.00668685397354088
0.007678035067566975 0.006583730562674917
0.007678035067566975 0.006914545501418971
0.007678035067566975 0.006620537049922163
0.007678035067566975 0.006573986869176495
0.007678035067566975 0.0069311269831020175
0.007678035067566975 0.0071263846410449
0.007678035067566975 0.006714987019108582
0.007678035067566975 0.006917768268377335
0.007678035067566975 0.006691691624648024
0.007678035067566975 0.006773796810856991
0.007678035067566975 0.006445619092201051
0.007678035067566975 0.006852471992901395
0.007678035067566975 0.006691782269022294
0.007678035067566975 0.006509284336964504
0.007678035067566975 0.006735377767927628
0.007678035067566975 0.00655123345625458
0.007678035067566975 0.006807888244049618
0.007678035067566975 0.006468281738456194
0.007678035067566975 0.006584525499300268
0.007678035067566975 0.006508079559067642
0.007678035067566975 0.006768368357155986
0.007678035067566975 0.007110548763987106
0.007678035067566975 0.006829048362184132
0.007678035067566975 0.006784897902193839
0.007678035067566975 0.006676432829165418
0.007678035067566975 0.006855851999383315
0.007678035067566975 0.0070562216071123965
0.007678035067566975 0.006683223786169933
0.007678035067566975 0.006638868552521813
0.007678035067566975 0.007066253575579968
0.007678035067566975 0.00688026738058473
0.007678035067566975 0.006828557331609868
0.007678035067566975 0.006779254237324002
0.007678035067566975 0.0069194577586481395
0.007678035067566975 0.006490319640402793
0.007678035067566975 0.006981823688962933
0.007678035067566975 0.006629400793601362
0.007678035067566975 0.006684985280326636
0.007678035067566975 0.006666138961183255
0.007678035067566975 0.006913998621419435
0.007678035067566975 0.006640880276841324
0.007678035067566975 0.0065618910858575566
0.007678035067566975 0.006963021024590308
0.007678035067566975 0.006761701406186269
0.007678035067566975 0.006863732919234609
0.007678035067566975 0.006648574973593959
0.007678035067566975 0.006934054090283859
0.007678035067566975 0.006735495276212283
0.007678035067566975 0.006934670026050488
0.007678035067566975 0.006452096323688368
0.007678035067566975 0.006661579989708431
0.007678035067566975 0.006633305941647453
0.007678035067566975 0.006606425877790221
0.007678035067566975 0.006552791361235936
0.007678035067566975 0.006795398912097925
0.007678035067566975 0.006532434161939337
0.007678035067566975 0.00681459596562297
0.007678035067566975 0.006784697869169651
0.007678035067566975 0.0070223503025025015
0.007678035067566975 0.006678131866055678
0.007678035067566975 0.0065432795392513
0.007678035067566975 0.0066715422505160375
0.007678035067566975 0.006795227706935694
0.007678035067566975 0.0070035098889803735
0.007678035067566975 0.006493456077910437
0.007678035067566975 0.006644747790741621
0.007678035067566975 0.006911176883237643
0.007678035067566975 0.006892288537997442
0.007678035067566975 0.006738527479825449
0.007678035067566975 0.0067099965242368945
0.007678035067566975 0.0068414791366211355
0.007678035067566975 0.006877938000002977
0.007678035067566975 0.006442000994350916
0.007678035067566975 0.006811074098985313
0.007678035067566975 0.006766073567765995
0.007678035067566975 0.006538376266338058
0.007678035067566975 0.00699942020587315
0.007678035067566975 0.006783399923473214
0.007678035067566975 0.0064144585173053804
0.007678035067566975 0.006525303300630593
0.007678035067566975 0.006828270985601636
