3758.0 11317.515
3758.0 9933.565
3758.0 8909.415
3650.0 7524.21
2922.0 6856.63
3004.0 6728.645
2673.0 5863.95
2673.0 5747.335
2305.0 4335.55
2004.0 4211.8
2004.0 3809.53
1436.0 3598.625
1436.0 3471.425
1333.0 3257.875
1333.0 3033.27
1217.0 2902.61
1217.0 3103.29
1217.0 3054.785
1351.0 2853.515
1351.0 2642.425
1078.0 2611.36
1078.0 2489.945
710.0 2133.735
710.0 1700.535
710.0 1721.545
454.0 1494.52
454.0 1284.9
454.0 1191.305
454.0 1091.575
454.0 1032.91
454.0 1015.595
427.0 999.02
427.0 882.035
427.0 867.37
427.0 833.915
427.0 703.33
427.0 799.095
427.0 769.265
427.0 857.315
427.0 687.67
427.0 762.99
427.0 788.545
427.0 625.09
427.0 651.21
427.0 703.875
427.0 648.395
427.0 730.645
427.0 771.955
427.0 660.86
427.0 663.175
427.0 785.73
427.0 773.235
427.0 804.135
427.0 656.18
427.0 781.63
427.0 724.58
427.0 692.19
427.0 726.56
427.0 759.495
427.0 743.62
427.0 695.605
427.0 744.685
427.0 697.86
427.0 731.195
427.0 830.835
427.0 962.725
427.0 775.735
427.0 827.465
427.0 784.91
427.0 753.415
427.0 740.64
427.0 642.955
427.0 759.58
427.0 733.925
427.0 782.74
427.0 725.125
427.0 780.645
427.0 767.275
427.0 838.71
427.0 716.07
427.0 713.285
427.0 706.965
427.0 775.7
427.0 632.005
427.0 767.755
427.0 747.0
427.0 819.875
427.0 669.66
427.0 698.805
427.0 750.005
427.0 698.125
427.0 699.27
427.0 706.765
339.0 729.545
339.0 725.47
339.0 611.665
339.0 841.035
339.0 695.17
339.0 646.83
339.0 590.25
339.0 598.01
339.0 711.655
339.0 672.965
339.0 630.83
339.0 739.755
339.0 555.825
339.0 579.445
339.0 634.55
339.0 764.92
339.0 567.1
339.0 595.33
339.0 558.375
339.0 599.795
339.0 632.885
339.0 652.68
339.0 848.115
339.0 503.21
339.0 647.835
339.0 699.49
339.0 486.535
339.0 613.77
339.0 575.135
339.0 561.78
339.0 633.59
339.0 787.23
339.0 654.25
339.0 576.21
339.0 625.625
339.0 575.885
339.0 654.875
339.0 570.33
339.0 705.455
339.0 567.64
339.0 621.895
339.0 608.595
339.0 567.025
339.0 558.755
339.0 669.575
339.0 585.065
339.0 619.915
339.0 527.135
339.0 505.285
339.0 644.275
339.0 640.725
339.0 692.35
339.0 521.31
339.0 694.545
339.0 637.165
339.0 663.055
339.0 553.425
339.0 627.38
339.0 653.855
339.0 609.955
339.0 566.575
339.0 628.48
339.0 578.845
339.0 547.505
339.0 643.765
339.0 588.055
339.0 533.215
339.0 577.425
339.0 554.935
339.0 623.03
339.0 657.54
339.0 624.38
339.0 664.325
339.0 562.245
339.0 571.845
339.0 632.51
339.0 609.115
339.0 562.355
339.0 695.84
339.0 518.15
339.0 640.025
339.0 528.295
339.0 645.485
339.0 648.64
339.0 575.645
339.0 654.27
339.0 621.49
339.0 660.03
339.0 701.33
339.0 615.635
339.0 568.17
339.0 567.855
339.0 559.46
339.0 553.87
339.0 546.475
339.0 645.655
339.0 612.67
339.0 562.62
339.0 510.69
339.0 642.94
339.0 681.68
339.0 575.665
339.0 622.46
339.0 576.65
339.0 665.685
339.0 625.115
339.0 632.305
