7.859890373497308E-4 3.3458850285970134E-4
7.859890373497308E-4 3.9065767838642623E-4
7.859890373497308E-4 4.5114519835212923E-4
7.859890373497308E-4 4.8019684715837883E-4
8.575625704682545E-4 5.150408980015518E-4
0.001047315208263938 5.897010706145613E-4
0.0013243235279676918 6.350679116724136E-4
0.0013243235279676918 6.514592476700244E-4
0.0015217807554314684 7.567070878505887E-4
0.0020032434284007606 8.678591796795268E-4
0.002170170549723036 9.694973773334828E-4
0.002170170549723036 0.0010844064669270634
0.002170170549723036 0.00114633978269157
0.0024604318299029197 0.0013473383830912592
0.0024604318299029197 0.0014344578965686994
0.0024604318299029197 0.0014913488432786975
0.002803106716686571 0.0016131183842576047
0.002803106716686571 0.001684735512746231
0.0031778377263992903 0.0018092288682457958
0.0031778377263992903 0.001909743038642759
0.003949002782222186 0.0019950186165642735
0.003949002782222186 0.002172924656065931
0.003949002782222186 0.0021913821128251823
0.00509084790760603 0.0023472430723536805
0.00509084790760603 0.0024913283385322475
0.00509084790760603 0.002597542046286937
0.00509084790760603 0.0028503363361555164
0.00509084790760603 0.003014018980329376
0.005844744882956953 0.0032582460570144845
0.005844744882956953 0.0037007728725144506
0.005844744882956953 0.004081185697040919
0.005844744882956953 0.00414252206021913
0.005844744882956953 0.00436839985812024
0.005844744882956953 0.004499185129962008
0.005844744882956953 0.004717520211119343
0.005844744882956953 0.004732648788812135
0.005844744882956953 0.004927935151341429
0.005844744882956953 0.004813992127012319
0.005844744882956953 0.0049158425105261215
0.005844744882956953 0.004828588611129665
0.005844744882956953 0.005050232201722712
0.005844744882956953 0.005137650096143594
0.005844744882956953 0.00495654508509027
0.005844744882956953 0.004991317670985037
0.005844744882956953 0.0050133452723016845
0.005844744882956953 0.005086587125711063
0.006154600452221704 0.005124414973601722
0.006154600452221704 0.005200899877538524
0.006154600452221704 0.0049899629690409
0.006154600452221704 0.004975713091660617
0.006154600452221704 0.005085312084230434
0.006154600452221704 0.00480054400570116
0.006154600452221704 0.005098134635546208
0.006623178232613041 0.005005222744046995
0.006623178232613041 0.005446362025581427
0.006623178232613041 0.0052622957604725575
0.006623178232613041 0.005386661168212751
0.006623178232613041 0.004998931758422794
0.006623178232613041 0.0054646127497795845
0.006623178232613041 0.005573279446124085
0.006623178232613041 0.005932459521610675
0.006673921289511918 0.005441220914862915
0.006673921289511918 0.005548650232581287
0.006673921289511918 0.00561447402238693
0.006673921289511918 0.00552234774891098
0.006673921289511918 0.005614761141978757
0.006673921289511918 0.005653005955528559
0.006673921289511918 0.005309720199703244
0.006673921289511918 0.005618956265696755
0.006673921289511918 0.005180842871467034
0.006673921289511918 0.00566741613763923
0.006673921289511918 0.005586481915716892
0.006673921289511918 0.005485849737986836
0.006673921289511918 0.005905339810457606
0.006673921289511918 0.005644781040403494
0.006673921289511918 0.005758109546840783
0.006673921289511918 0.00552088954463152
0.006673921289511918 0.005967219862297066
0.006673921289511918 0.005825160843194124
0.006673921289511918 0.005915228221783185
0.006673921289511918 0.005745650981455306
0.007228726788529034 0.005906810214833482
0.007228726788529034 0.005626454409917644
0.007228726788529034 0.005857909816397952
0.007228726788529034 0.006086697339004677
0.007228726788529034 0.005807689913813354
0.007228726788529034 0.005929904442472601
0.007228726788529034 0.0054204905285038085
0.007228726788529034 0.005787208057367817
0.007228726788529034 0.005908569076703269
0.007228726788529034 0.00598820877575763
0.007228726788529034 0.006124622434976487
0.007228726788529034 0.006061685803470792
0.007228726788529034 0.00590225425065479
0.007228726788529034 0.006104959734468921
0.007228726788529034 0.006136473326083225
0.007250311921170474 0.006382215366177418
0.007250311921170474 0.006165280236160491
0.007250311921170474 0.006314091827829021
0.007250311921170474 0.006371415356586874
0.007250311921170474 0.0062644054939760595
0.007250311921170474 0.006455971457227078
0.007250311921170474 0.005906494149857583
0.007250311921170474 0.006316839196311556
0.007250311921170474 0.006028109300253547
0.007250311921170474 0.006020437220423299
0.007250311921170474 0.006344984977490213
0.007250311921170474 0.006342000566676383
0.007250311921170474 0.006318989774004044
0.007250311921170474 0.006230438098077758
0.007250311921170474 0.006051653186178201
0.007250311921170474 0.006432969866868368
0.007250311921170474 0.006353319121592712
0.007250311921170474 0.006427401110686369
0.007250311921170474 0.0063921935977657995
0.007250311921170474 0.006093730567753307
0.007250311921170474 0.006219385160061327
0.007250311921170474 0.006217007423462638
0.007250311921170474 0.006366276128244608
0.007250311921170474 0.0064566749526632095
0.007250311921170474 0.006152830130494991
0.007250311921170474 0.006377750542078861
0.007250311921170474 0.0064933081610296685
0.007250311921170474 0.006537146575210721
0.007250311921170474 0.006146453297988905
0.007250311921170474 0.006346466812486772
0.007250311921170474 0.006305132170032948
0.007250311921170474 0.006510317904272463
0.007250311921170474 0.006457188679756088
0.007250311921170474 0.006629464348425106
0.007250311921170474 0.006253439746482039
0.007250311921170474 0.006100894168471739
0.007250311921170474 0.0064484200075889345
0.007250311921170474 0.006612886205199575
0.007250311921170474 0.006252534443014337
0.007250311921170474 0.006258097065146453
0.007250311921170474 0.006484759229812633
0.007250311921170474 0.006513594329054927
0.007250311921170474 0.006039916518252857
0.007250311921170474 0.006297864951649566
0.007250311921170474 0.006536881108118886
0.007250311921170474 0.006599585977457305
0.007250311921170474 0.0061466291105547735
0.007250311921170474 0.006126423721280091
0.007250311921170474 0.006330722209631677
0.007250311921170474 0.006648927444351772
0.007250311921170474 0.006636155716047588
0.007250311921170474 0.00629883985834131
0.007250311921170474 0.006600884258610195
0.007250311921170474 0.006238769230357714
0.007250311921170474 0.006411225885038081
0.007250311921170474 0.006592111705900087
0.007250311921170474 0.0064718818210626585
0.007250311921170474 0.0066322116285049346
0.007250311921170474 0.006427049698004093
0.007250311921170474 0.006475640899578603
0.007250311921170474 0.006579849199234514
0.007250311921170474 0.006222546349727791
0.007250311921170474 0.006590178287168517
0.007250311921170474 0.006395210551049429
0.007250311921170474 0.006299087495305422
0.007250311921170474 0.00620279666739606
0.007250311921170474 0.006157429524354109
0.007250311921170474 0.006318539072326843
0.007250311921170474 0.00611679749430724
0.007250311921170474 0.006748375960311697
0.007250311921170474 0.006056822233374754
0.007250311921170474 0.006499805962859691
0.007250311921170474 0.0064883416799815085
0.007250311921170474 0.006581595935871568
0.007250311921170474 0.006537014171900364
0.007250311921170474 0.006431287381184708
0.007250311921170474 0.006430783677509884
0.007250311921170474 0.006315084988424124
0.007250311921170474 0.006150185828902369
0.007250311921170474 0.006620090452697707
0.007250311921170474 0.006378686097800658
0.007250311921170474 0.006595889194454477
0.007250311921170474 0.006460162085614241
0.007250311921170474 0.006299177837197713
0.007250311921170474 0.006067957793475639
0.007250311921170474 0.006021557155828303
0.007250311921170474 0.006591039655537453
0.007250311921170474 0.006732950644534089
0.007250311921170474 0.006518107756319714
0.007250311921170474 0.0067194997474293175
0.007250311921170474 0.006226289086112998
0.007250311921170474 0.0064264006956072425
0.007250311921170474 0.006661195934312291
0.007250311921170474 0.006622585665399853
0.007250311921170474 0.006345737528994972
0.007250311921170474 0.006041131916285311
0.007250311921170474 0.006390541378098195
0.007250311921170474 0.006384973356874426
0.007250311921170474 0.006018964143327519
0.007250311921170474 0.006535306579346236
0.007250311921170474 0.006691187472165834
0.007354487661803766 0.006318867138816263
0.007354487661803766 0.006650948933221654
0.007354487661803766 0.006371344568204335
