7.97925508634577E-4 2.996921399676548E-4
7.97925508634577E-4 3.517480853721619E-4
7.97925508634577E-4 3.953109309995436E-4
8.817043338295061E-4 4.5680311977092493E-4
0.0010197994337406084 5.142512337936949E-4
0.0010752203345500554 5.446476825935411E-4
0.0011808258387139225 6.254247002739537E-4
0.0011808258387139225 6.49495679484207E-4
0.001400746772188624 8.314511967066012E-4
0.0015519134330909238 8.547853184345447E-4
0.0015519134330909238 9.161507475382852E-4
0.0018662491454239758 0.0010104231135927078
0.0018662491454239758 0.0010459890862129777
0.0020070136101854653 0.0011427868403308824
0.0020070136101854653 0.0011889826188857526
0.0022880785891571855 0.001287039254763841
0.0022880785891571855 0.00121555547733496
0.0022880785891571855 0.0012432468156146248
0.002582545639542582 0.0013607406158268553
0.002582545639542582 0.001442300132665531
0.0027001901810919174 0.001484147252226099
0.0027001901810919174 0.001550863683897794
0.004543066829700705 0.0018606918664106264
0.004543066829700705 0.0022876807625776753
0.004543066829700705 0.0024510546481531243
0.0061574258692720036 0.003057092544177928
0.0061574258692720036 0.0034301041316017757
0.0061574258692720036 0.0037828325578449905
0.0061574258692720036 0.0040158826239991355
0.0061574258692720036 0.004325737998999654
0.0061574258692720036 0.0045520029220113035
0.006989836400599691 0.004663899938027948
0.006989836400599691 0.004996108284420478
0.006989836400599691 0.005129278604416971
0.006989836400599691 0.005223824854805336
0.006989836400599691 0.005509593242558556
0.006989836400599691 0.005323467124292448
0.006989836400599691 0.0055460301603642796
0.006989836400599691 0.005457740920672298
0.006989836400599691 0.005794160637579255
0.006989836400599691 0.005717016513921651
0.006989836400599691 0.005797328657751528
0.006989836400599691 0.006429005234098673
0.006989836400599691 0.006378061541632051
0.006989836400599691 0.006242657533520922
0.006989836400599691 0.0063758267028772644
0.006989836400599691 0.006172291440272422
0.006989836400599691 0.0061255050008505955
0.006989836400599691 0.006321311789392556
0.006989836400599691 0.0063099324290616645
0.006989836400599691 0.006015344342564252
0.006989836400599691 0.005941573620605282
0.006989836400599691 0.005992085715948122
0.006989836400599691 0.006271441962286446
0.006989836400599691 0.006054690286186769
0.006989836400599691 0.006154179087557224
0.006989836400599691 0.006217870654505291
0.006989836400599691 0.00604975020032593
0.006989836400599691 0.0059193546281507995
0.006989836400599691 0.006091293653353493
0.006989836400599691 0.006163119866222748
0.006989836400599691 0.006154304544764221
0.006989836400599691 0.0061837732467743475
0.006989836400599691 0.006020228522663948
0.006989836400599691 0.005798149644502766
0.006989836400599691 0.00549496424658734
0.006989836400599691 0.006110120754998315
0.006989836400599691 0.005953512539051903
0.006989836400599691 0.006049075181336872
0.006989836400599691 0.0059936831204981215
0.006989836400599691 0.005983919461433646
0.006989836400599691 0.006315572170450381
0.006989836400599691 0.006030597560538904
0.006989836400599691 0.0060547374414379514
0.006989836400599691 0.005955624031073037
0.006989836400599691 0.0061272055878539376
0.006989836400599691 0.006064096427949638
0.006989836400599691 0.006063967119631055
0.006989836400599691 0.005816910864756774
0.006989836400599691 0.006178442630059979
0.006989836400599691 0.006121331278866529
0.006989836400599691 0.006211565440190924
0.006989836400599691 0.006146418757280046
0.006989836400599691 0.006349035583598161
0.006989836400599691 0.005988087940672051
0.006989836400599691 0.00606081024549982
0.006989836400599691 0.005877019189332176
0.006989836400599691 0.0062188835347136906
0.006989836400599691 0.006040523511375695
0.006989836400599691 0.006059163512280507
0.006989836400599691 0.0061940320656973516
0.006989836400599691 0.006232047393068161
0.006989836400599691 0.0062504338666538595
0.008397466362767897 0.006196519861492663
0.008397466362767897 0.006106006616987479
0.008397466362767897 0.006523700072372591
0.008397466362767897 0.006089976580789974
0.008397466362767897 0.006629719346182553
0.008397466362767897 0.007048313347630713
0.008397466362767897 0.007387058506682972
0.008397466362767897 0.007424007031334438
0.008397466362767897 0.007075061138098609
0.008397466362767897 0.0071843796741803525
0.008397466362767897 0.007285894065696743
0.008397466362767897 0.006950440918312344
0.008397466362767897 0.007643210475196914
0.008397466362767897 0.007627061504635541
0.008397466362767897 0.007456596885562181
0.008397466362767897 0.007069585230734969
0.008397466362767897 0.007545776917536903
0.008397466362767897 0.007513200787311742
0.008397466362767897 0.007723127692073942
0.008397466362767897 0.007442463087713183
0.008397466362767897 0.007408604451404185
0.008397466362767897 0.007293307036398888
0.008397466362767897 0.006880120416394858
0.008397466362767897 0.007761916654170742
0.008397466362767897 0.007387703498230479
0.008397466362767897 0.007270831105933376
0.008397466362767897 0.007823142000887942
0.008397466362767897 0.007558890394077537
0.008397466362767897 0.007659970854719235
0.008397466362767897 0.007694965876979075
0.008397466362767897 0.007522045486998061
0.008397466362767897 0.0069883305130032216
0.008397466362767897 0.007230959462479793
0.008397466362767897 0.007552045993981873
0.008397466362767897 0.007514119558972205
0.008397466362767897 0.007600022249488516
0.008397466362767897 0.007243604585810942
0.008397466362767897 0.00765555395219658
0.008397466362767897 0.007171099502069417
0.008397466362767897 0.007630628708723849
0.008397466362767897 0.007493911751868242
0.008397466362767897 0.007377598910350672
0.008397466362767897 0.007627903313395026
0.008397466362767897 0.0076280009872763425
0.008397466362767897 0.007267824596333048
0.008397466362767897 0.007513498699488828
0.008397466362767897 0.007438999019791686
0.008397466362767897 0.007804351663212644
0.008397466362767897 0.007758375714019287
0.008397466362767897 0.007440746221094949
0.008397466362767897 0.007330611757539493
0.008397466362767897 0.007244314570342785
0.008397466362767897 0.007829760217973299
0.008397466362767897 0.007318514840564946
0.008397466362767897 0.007400220834677454
0.008397466362767897 0.007319272797995812
0.008397466362767897 0.007656674699754504
0.008397466362767897 0.007301091438615343
0.008397466362767897 0.007449691838454081
0.008397466362767897 0.007529849453692473
0.008397466362767897 0.0076943031718001995
0.008397466362767897 0.007375794353339098
0.008397466362767897 0.00749326415175883
0.008397466362767897 0.007626391614846868
0.008397466362767897 0.007346707225650481
0.008397466362767897 0.007485997848012208
0.008397466362767897 0.007694120329291679
0.008397466362767897 0.007619559540532168
0.008397466362767897 0.007609352953106148
0.008397466362767897 0.0073223691439400695
0.008397466362767897 0.0074798541480586254
0.008397466362767897 0.0073362977546049726
0.008397466362767897 0.007258348883816963
0.008397466362767897 0.007652442000440605
0.008397466362767897 0.00753457266724078
0.008397466362767897 0.007345003345536571
0.008397466362767897 0.0074523555044501266
0.008397466362767897 0.0077455669738086454
0.008397466362767897 0.007327728687918007
0.008397466362767897 0.007689213510665838
0.008397466362767897 0.007300589715788727
0.008397466362767897 0.00775342258288066
0.008397466362767897 0.007225223142757905
0.008397466362767897 0.00717475920430596
0.008397466362767897 0.007618000567965594
0.008397466362767897 0.007290986004859383
0.008397466362767897 0.007448605903500602
0.008397466362767897 0.007193547369516625
0.008397466362767897 0.007173129043271136
0.008397466362767897 0.0074313566147774365
0.008397466362767897 0.00747724884663717
0.008397466362767897 0.007548891438870106
0.008397466362767897 0.007682584596535412
0.008397466362767897 0.007582687011194043
0.008397466362767897 0.007648423022532088
0.008397466362767897 0.007241582822473638
0.008397466362767897 0.0074992877749151445
0.008397466362767897 0.007568250712631623
0.008397466362767897 0.0077035732297680935
0.008397466362767897 0.007370442295034966
0.008397466362767897 0.007317161547539765
0.008397466362767897 0.00755823996120132
0.008397466362767897 0.0073866846266747044
0.008397466362767897 0.007574980973770984
0.008397466362767897 0.007372571037261393
0.008397466362767897 0.007488735458065333
0.008397466362767897 0.007276156806473272
