6.207365435880154E-4 3.1711793421160186E-4
6.390891083403402E-4 3.6815518827090446E-4
9.369223787553913E-4 4.42623448881357E-4
9.369223787553913E-4 4.990878155594186E-4
0.001106712284112 5.494744040623549E-4
0.0012535898411112439 5.797899941650383E-4
0.0013312562218172994 6.687834563045998E-4
0.0013312562218172994 7.68289549663205E-4
0.0015929119210148933 8.842988233117826E-4
0.001967084975579651 9.860698914240511E-4
0.001967084975579651 0.0011927645535031943
0.0025196351751757906 0.0012596588119497328
0.0025196351751757906 0.0012444205615112123
0.0025196351751757906 0.0013442335368435458
0.0025196351751757906 0.0015098860961525783
0.003029867176261246 0.0015847195615317738
0.003029867176261246 0.0016993815137551502
0.003029867176261246 0.001927966079356923
0.0034798382274730225 0.002021468866590537
0.003923429467179115 0.0020325273966116555
0.003923429467179115 0.0022789542332941532
0.004913149791675657 0.0023501512316693794
0.004913149791675657 0.0027657934554822117
0.005135345329733905 0.002879667962506161
0.005135345329733905 0.003332028895612632
0.005749954799144104 0.003561248614424633
0.005749954799144104 0.0037687783937250556
0.005749954799144104 0.004067149228812168
0.005749954799144104 0.00409215594155838
0.005749954799144104 0.004448481024940031
0.005749954799144104 0.004268851902274044
0.005749954799144104 0.0045309595871780685
0.005749954799144104 0.004470493974589666
0.005749954799144104 0.004472756155869782
0.005749954799144104 0.0044047830327068405
0.005749954799144104 0.004692072552952534
0.005749954799144104 0.004581988154294665
0.005749954799144104 0.0048779665624586474
0.005749954799144104 0.004845070614119382
0.005749954799144104 0.004939957702213796
0.005749954799144104 0.00514888758286493
0.005749954799144104 0.004657561346914961
0.005749954799144104 0.0050678342837461535
0.005749954799144104 0.004763158185857567
0.005749954799144104 0.004675147016654531
0.005749954799144104 0.005009032471423846
0.005749954799144104 0.005090853246802572
0.005749954799144104 0.005229407887529233
0.005749954799144104 0.005111828305418806
0.005749954799144104 0.00513471517891128
0.005749954799144104 0.0050292548348747955
0.005749954799144104 0.005114993863449673
0.006544729364710912 0.00501103921851068
0.006544729364710912 0.005010477630124763
0.006544729364710912 0.005058894052160703
0.006544729364710912 0.005248548164470525
0.006544729364710912 0.00533401192734807
0.006544729364710912 0.0056038956021808575
0.006544729364710912 0.005554160630193549
0.006544729364710912 0.0056171205317619224
0.006544729364710912 0.005662139209591001
0.006544729364710912 0.005649167552039366
0.006544729364710912 0.005744539047562248
0.006544729364710912 0.0056127885454697905
0.006544729364710912 0.005856796334087051
0.006544729364710912 0.005829196549549177
0.006544729364710912 0.005663658638496325
0.006544729364710912 0.005667629943799386
0.006544729364710912 0.005481761237010902
0.006544729364710912 0.005719728870143179
0.006544729364710912 0.005460193422921245
0.006544729364710912 0.0055822032012630505
0.006544729364710912 0.005678403361732888
0.006544729364710912 0.005567915850683785
0.006544729364710912 0.005529188560208186
0.006544729364710912 0.005602252858465269
0.006544729364710912 0.005628714612374887
0.006544729364710912 0.005809765103466112
0.006548532754601444 0.005906509129936145
0.006548532754601444 0.00572220599072491
0.006548532754601444 0.005912292811431857
0.006548532754601444 0.005542734750304603
0.006548532754601444 0.005577540916704688
0.006548532754601444 0.005669971431434732
0.006548532754601444 0.005598419560685126
0.006548532754601444 0.005483051505530673
0.006548532754601444 0.005578455245428587
0.006548532754601444 0.005585119452043314
0.006548532754601444 0.005475441520821258
0.006548532754601444 0.005819421359935516
0.006548532754601444 0.005948049013364315
0.006548532754601444 0.005688869520647542
0.006548532754601444 0.005720245770124517
0.006548532754601444 0.0056836332478602345
0.006548532754601444 0.00522641678948125
0.006548532754601444 0.005437737248852941
0.006548532754601444 0.005183882525725235
0.008296097263159049 0.005452215427260928
0.008296097263159049 0.0053086589082449375
0.008296097263159049 0.005202720819401455
0.008296097263159049 0.00549252465911611
0.008296097263159049 0.006044081868443783
0.008296097263159049 0.0059976440498944504
0.008296097263159049 0.006403880869212107
0.008296097263159049 0.007011482137555993
0.008296097263159049 0.006937771435302503
0.008296097263159049 0.007664158337345378
0.008296097263159049 0.007333430597043606
0.008296097263159049 0.007665027595820165
0.008296097263159049 0.007536358994708785
0.008296097263159049 0.007444963332381087
0.008296097263159049 0.007620896635324647
0.008296097263159049 0.007351533334966362
0.008296097263159049 0.007316985244425082
0.008296097263159049 0.007464877603526138
0.008296097263159049 0.007564076021670418
0.008296097263159049 0.007382004822998604
0.008296097263159049 0.00762347799869773
0.008296097263159049 0.007505057499335605
0.008296097263159049 0.007343201180924592
0.008296097263159049 0.007764418017935371
0.008296097263159049 0.007640632119906473
0.008296097263159049 0.007564959757869154
0.008296097263159049 0.007530031149151399
0.008296097263159049 0.007498482780587668
0.008296097263159049 0.007249666333737092
0.008296097263159049 0.007412937976597134
0.008296097263159049 0.007655655814192255
0.008296097263159049 0.007022544744913005
0.008296097263159049 0.007183483683389563
0.008296097263159049 0.007677000409750866
0.008296097263159049 0.007408017935056183
0.008296097263159049 0.007126721172916074
0.008296097263159049 0.007232576962292345
0.008296097263159049 0.007155705271925701
0.008296097263159049 0.007374770749243781
0.008296097263159049 0.007116860111973466
0.008296097263159049 0.0072109421747526495
0.008296097263159049 0.007731776536634757
0.008296097263159049 0.007253160308835259
0.008296097263159049 0.007382495644197917
0.008296097263159049 0.007332933035254956
0.008296097263159049 0.007166679968037142
0.008296097263159049 0.007389942277600269
0.008296097263159049 0.007118270179289168
0.008296097263159049 0.007226334945939717
0.008296097263159049 0.007016045827481038
0.008296097263159049 0.007568861553560169
0.008296097263159049 0.007431139273188832
0.008296097263159049 0.007072283864942326
0.008296097263159049 0.007428383543719157
0.008296097263159049 0.007261846619010321
0.008296097263159049 0.00744109637114931
0.008296097263159049 0.007515104605916636
0.008296097263159049 0.007430124584458116
0.008296097263159049 0.007528950957341244
0.008296097263159049 0.007274843288212057
0.008296097263159049 0.007561889019255276
0.008296097263159049 0.00731229918324515
0.008296097263159049 0.007246737855319147
0.008296097263159049 0.006902658231235706
0.008296097263159049 0.007267501659419645
0.008296097263159049 0.0072172733941395836
0.008296097263159049 0.0073649967444432245
0.008296097263159049 0.007233353363191254
0.008296097263159049 0.007461422028196631
0.008296097263159049 0.007651142345016222
0.008296097263159049 0.007464801413890626
0.008296097263159049 0.007288660522768992
0.008296097263159049 0.007564533514196922
0.008296097263159049 0.007371106469029102
0.008296097263159049 0.007556076259473144
0.008296097263159049 0.007113813156183253
0.008296097263159049 0.007467447771492216
0.008296097263159049 0.007394481439021453
0.008296097263159049 0.00714083307612081
0.008296097263159049 0.007071585408947801
0.008296097263159049 0.00743919727198679
0.008296097263159049 0.007466536995089094
0.008296097263159049 0.007112818661276062
0.008296097263159049 0.007337994869262146
0.008296097263159049 0.007135882861494627
0.008296097263159049 0.007379517307152083
0.008296097263159049 0.007327730999393035
0.008296097263159049 0.007466415334691403
0.008296097263159049 0.007549621854087715
0.008296097263159049 0.007159574278454326
0.008296097263159049 0.007574209678657616
0.008296097263159049 0.007220563916365309
0.008296097263159049 0.007494259382736273
0.008296097263159049 0.007516690573989889
0.008296097263159049 0.007704326913085671
0.008296097263159049 0.007602653869878038
0.008296097263159049 0.007065611383980975
0.008296097263159049 0.007696475786980363
0.008296097263159049 0.007795264148629405
0.008296097263159049 0.007368770891338144
0.008296097263159049 0.007208506019545725
0.008296097263159049 0.007390701505466851
0.008296097263159049 0.007569532325423492
