5576.0 11330.76
5576.0 10082.485
4509.0 9374.165
3414.0 8874.165
3414.0 7890.31
2088.0 6667.04
2088.0 5429.05
1473.0 3398.92
1461.0 2946.85
1290.0 2518.97
907.0 2419.525
907.0 2297.145
907.0 2219.065
907.0 2161.115
657.0 1897.68
657.0 1788.695
657.0 1506.24
657.0 1452.115
645.0 1197.31
368.0 1111.485
368.0 1048.055
368.0 1041.005
368.0 887.455
368.0 946.2
368.0 891.445
368.0 618.965
368.0 620.21
368.0 606.77
368.0 709.04
368.0 775.765
368.0 686.235
368.0 705.91
368.0 617.065
368.0 632.43
368.0 728.31
368.0 605.335
368.0 592.0
368.0 654.99
368.0 640.065
368.0 556.965
368.0 621.93
368.0 674.37
368.0 577.11
368.0 642.245
368.0 747.415
368.0 717.495
368.0 675.645
368.0 565.315
368.0 639.955
368.0 722.4
368.0 666.12
368.0 678.23
368.0 630.515
368.0 558.08
368.0 629.565
368.0 638.3
368.0 702.205
368.0 609.165
368.0 754.865
368.0 602.115
368.0 604.88
368.0 543.14
368.0 656.77
368.0 649.775
368.0 631.01
368.0 733.285
368.0 753.395
368.0 753.135
368.0 621.15
368.0 802.795
368.0 887.4
368.0 700.195
368.0 822.7
368.0 764.375
368.0 799.345
368.0 601.59
368.0 595.195
368.0 613.855
368.0 535.285
368.0 679.6
368.0 640.765
368.0 598.275
368.0 722.085
368.0 609.49
368.0 650.88
368.0 586.845
368.0 667.535
368.0 596.86
368.0 580.22
368.0 578.51
368.0 523.835
368.0 711.81
368.0 597.385
368.0 653.47
368.0 641.615
368.0 768.16
368.0 668.925
368.0 636.58
368.0 672.27
368.0 674.195
368.0 637.55
368.0 599.08
368.0 628.72
368.0 587.72
368.0 635.985
368.0 740.28
368.0 607.13
368.0 689.97
368.0 563.25
368.0 678.815
368.0 546.715
368.0 641.78
368.0 623.12
368.0 621.85
368.0 645.51
368.0 581.175
368.0 693.075
368.0 621.44
368.0 641.465
368.0 649.655
368.0 527.835
368.0 701.33
368.0 634.485
368.0 603.66
368.0 539.805
368.0 620.91
368.0 505.98
368.0 777.85
368.0 518.01
368.0 716.095
368.0 643.705
368.0 653.82
368.0 648.81
368.0 710.165
368.0 654.985
368.0 608.465
368.0 627.29
320.0 557.06
320.0 519.285
320.0 736.3
320.0 618.65
320.0 636.905
320.0 538.9
320.0 600.665
320.0 725.67
320.0 637.415
320.0 539.025
320.0 539.325
320.0 627.25
320.0 785.05
320.0 631.61
320.0 666.1
320.0 592.66
320.0 550.44
320.0 552.18
320.0 543.45
320.0 527.805
320.0 467.85
320.0 565.155
320.0 578.81
320.0 605.395
320.0 633.24
320.0 454.95
320.0 493.97
320.0 522.355
320.0 538.62
320.0 525.96
320.0 467.175
320.0 634.01
320.0 604.0
320.0 664.5
320.0 546.06
320.0 547.46
320.0 596.73
320.0 610.63
320.0 596.415
320.0 476.155
320.0 507.445
320.0 572.86
320.0 608.565
320.0 652.34
320.0 619.07
320.0 592.295
320.0 630.37
320.0 491.93
320.0 642.555
320.0 568.25
320.0 563.655
320.0 601.305
320.0 550.87
320.0 605.48
320.0 589.475
320.0 567.17
320.0 631.665
320.0 584.95
320.0 623.545
320.0 591.235
320.0 540.16
320.0 459.175
320.0 513.75
