3879.0 11441.64
4988.0 10116.23
3767.0 8703.125
2810.0 7560.34
2193.0 6806.005
2193.0 5854.905
2395.0 5055.995
2395.0 4880.685
1007.0 4482.295
1007.0 4090.085
1007.0 3571.42
1007.0 2760.08
1007.0 2102.66
795.0 1730.895
777.0 1673.46
777.0 1639.01
777.0 1623.07
777.0 1608.935
881.0 1597.83
698.0 1501.985
698.0 1577.935
615.0 1493.335
615.0 1325.825
615.0 1323.75
615.0 1252.455
615.0 1197.035
615.0 1137.535
615.0 1203.42
615.0 997.165
615.0 976.975
615.0 940.7
615.0 872.035
615.0 918.195
615.0 961.835
615.0 968.395
615.0 945.38
615.0 960.98
615.0 933.585
590.0 893.165
590.0 936.955
590.0 964.185
590.0 870.08
590.0 943.92
590.0 1022.025
590.0 958.815
590.0 869.355
590.0 1060.94
590.0 945.28
590.0 840.185
590.0 811.805
590.0 880.6
590.0 856.5
590.0 969.035
590.0 896.44
590.0 827.435
590.0 956.41
590.0 958.86
590.0 768.04
590.0 980.22
590.0 941.58
590.0 1013.495
590.0 893.895
590.0 958.83
590.0 899.145
590.0 815.33
590.0 881.87
590.0 839.795
590.0 837.065
590.0 908.55
590.0 973.555
590.0 912.135
590.0 961.595
590.0 901.76
590.0 937.145
590.0 831.415
590.0 993.95
590.0 951.325
590.0 899.685
590.0 996.92
590.0 782.885
590.0 965.315
590.0 946.7
590.0 792.885
590.0 990.985
590.0 859.245
590.0 846.05
590.0 850.135
590.0 924.825
590.0 928.06
590.0 887.25
590.0 993.175
590.0 980.13
590.0 936.125
590.0 851.825
590.0 873.085
590.0 942.21
590.0 887.93
590.0 848.88
590.0 933.815
590.0 924.67
590.0 961.335
590.0 799.155
590.0 967.31
590.0 981.73
590.0 894.015
590.0 902.235
590.0 861.895
590.0 926.14
590.0 914.365
590.0 988.775
590.0 877.47
590.0 850.315
590.0 849.46
590.0 864.77
590.0 870.67
590.0 949.44
590.0 875.175
590.0 958.055
590.0 872.985
590.0 795.61
590.0 973.375
590.0 918.39
590.0 972.475
590.0 806.585
590.0 844.03
590.0 836.94
590.0 995.605
590.0 1009.785
590.0 887.42
590.0 956.485
590.0 988.425
590.0 940.75
590.0 1047.15
590.0 964.0
590.0 903.785
590.0 767.385
590.0 998.785
590.0 884.27
590.0 980.275
590.0 897.6
590.0 906.485
590.0 1014.68
590.0 1002.25
590.0 961.33
590.0 1050.41
590.0 833.845
590.0 924.94
530.0 873.495
530.0 940.755
530.0 832.07
530.0 919.65
530.0 912.54
530.0 1000.495
530.0 971.465
530.0 1048.52
530.0 951.21
530.0 894.045
530.0 773.755
530.0 872.21
530.0 858.315
530.0 758.56
530.0 901.345
530.0 837.135
530.0 867.965
530.0 822.33
530.0 778.95
530.0 836.03
530.0 805.175
530.0 780.445
279.0 915.225
279.0 944.575
279.0 849.93
279.0 767.78
279.0 655.85
279.0 659.94
279.0 526.885
279.0 559.82
279.0 571.045
279.0 552.86
279.0 495.06
279.0 600.665
279.0 420.765
279.0 475.585
279.0 389.765
279.0 556.08
279.0 611.395
279.0 495.25
279.0 460.435
279.0 609.325
279.0 519.9
279.0 515.56
279.0 569.875
279.0 507.705
279.0 584.195
279.0 553.15
279.0 478.865
279.0 471.39
279.0 546.785
279.0 477.03
279.0 529.57
