6.20460105263498E-4 2.9562205082339865E-4
6.20460105263498E-4 3.4064166610248337E-4
6.20460105263498E-4 3.698415837075154E-4
6.623645398686624E-4 3.937637625350867E-4
7.304908307772092E-4 4.081065553686145E-4
7.304908307772092E-4 4.277476179277914E-4
7.304908307772092E-4 4.6191596750584716E-4
0.0010780569982250397 4.968397702848719E-4
0.0010780569982250397 5.163710723869551E-4
0.0010780569982250397 5.503864261625046E-4
0.0012651744726983455 6.251794049797146E-4
0.0012651744726983455 6.784856196800365E-4
0.0012651744726983455 7.369552200263614E-4
0.0013618858895019371 7.708053974563241E-4
0.0013618858895019371 7.752011418150882E-4
0.001713454505809797 8.892118138483243E-4
0.0018520755766728895 9.402087473173165E-4
0.0018520755766728895 0.001010630517059682
0.0018520755766728895 0.0011230336045073908
0.002648721899795883 0.0011867333573041387
0.002648721899795883 0.0012790611119320252
0.002648721899795883 0.0013571571607037007
0.002648721899795883 0.0014692338037628708
0.002648721899795883 0.0016190235874038103
0.0034388612988007325 0.0016345566770583197
0.004350687277970353 0.0019874900233578215
0.004350687277970353 0.002099087621704178
0.004350687277970353 0.002378540880355373
0.004350687277970353 0.002913249930021543
0.004350687277970353 0.003208334243226707
0.004350687277970353 0.0036206937387341653
0.004350687277970353 0.003563344107643736
0.004350687277970353 0.003629077631195533
0.004350687277970353 0.0037118473911751616
0.004350687277970353 0.0037048509054891177
0.004350687277970353 0.0036746967467893737
0.004350687277970353 0.0036990316006839706
0.004350687277970353 0.0037997098146990414
0.004350687277970353 0.0036331832520909795
0.004350687277970353 0.003590589468938708
0.004350687277970353 0.0035361161168804473
0.004350687277970353 0.0036448395408305674
0.004350687277970353 0.0036739102535133356
0.004350687277970353 0.00356643330100334
0.004350687277970353 0.0036581686529749786
0.004350687277970353 0.003601633760658878
0.004350687277970353 0.0035349000386304093
0.004350687277970353 0.0037428081433216924
0.0045036009426556575 0.003790740768596269
0.0045036009426556575 0.0036970072379622944
0.0045036009426556575 0.0033379687331627998
0.0045036009426556575 0.0037384721782173047
0.0045036009426556575 0.0035005510174249688
0.0045036009426556575 0.003571067430136429
0.0045036009426556575 0.003399326939937949
0.0045036009426556575 0.003637109774639063
0.004843134018905811 0.00348089914755296
0.004843134018905811 0.003457740777064578
0.004843134018905811 0.0035271669137257387
0.004843134018905811 0.003753522452888057
0.0048761862003827375 0.0036846973940224126
0.005056800661604333 0.003830179093579035
0.005056800661604333 0.003843653772490763
0.005056800661604333 0.0036557451089608067
0.005094458053391846 0.003832761858646679
0.005239761031359691 0.004102322548026825
0.005239761031359691 0.003974770549794818
0.005239761031359691 0.00405397785223889
0.00528169014084507 0.004390733929186493
0.00528169014084507 0.004497787761898405
0.00528169014084507 0.0041136433424719164
0.00528169014084507 0.004317609407213809
0.00528169014084507 0.004536389435350746
0.00528169014084507 0.004353373021613561
0.00528169014084507 0.00434921956352545
0.00528169014084507 0.004448661164588071
0.00528169014084507 0.004440739249277637
0.00528169014084507 0.004417755678816162
0.006281513884334608 0.00473575472750271
0.006281513884334608 0.004374511209708997
0.006281513884334608 0.0046598919787912306
0.006281513884334608 0.004691171016530868
0.006281513884334608 0.004699969944187969
0.006281513884334608 0.004927200862003398
0.006281513884334608 0.004886768341698984
0.006281513884334608 0.0052351529354232726
0.006281513884334608 0.005288445454475344
0.013051622645966205 0.005434813278252543
0.013051622645966205 0.006177151309207335
0.013073912383796283 0.008804099925401866
0.013073912383796283 0.011238967969099255
0.013073912383796283 0.011390657061640165
0.013073912383796283 0.012245703945062369
0.013073912383796283 0.011924553314507636
0.013073912383796283 0.011607025584451557
0.013073912383796283 0.011578382873230661
0.013073912383796283 0.011334152240472673
0.013073912383796283 0.01062762435538397
0.013073912383796283 0.010782281217132546
0.013073912383796283 0.011421780905881054
0.013073912383796283 0.010657156770268565
0.013073912383796283 0.011090358316589896
0.013073912383796283 0.010503542102141524
0.013073912383796283 0.011784259677526972
0.013073912383796283 0.011164420975578983
0.013073912383796283 0.010974325051355626
0.013073912383796283 0.011936765296420593
0.013073912383796283 0.011894778725771018
0.013073912383796283 0.012559635127443923
0.013073912383796283 0.012085949062683206
0.013073912383796283 0.012030998451045686
0.013073912383796283 0.01147155007247062
0.013073912383796283 0.012133496100654444
0.013073912383796283 0.012428454267186986
0.013073912383796283 0.011859126342737098
0.013073912383796283 0.012203123538028044
0.013073912383796283 0.012269611667649186
0.013073912383796283 0.012386097291324408
0.013073912383796283 0.01202725837999329
0.013073912383796283 0.012436447839398415
0.013073912383796283 0.012169095752254172
0.013073912383796283 0.012381696827344389
0.013073912383796283 0.012326296806906565
0.013073912383796283 0.012305637808884315
0.013073912383796283 0.012366089101669607
0.013073912383796283 0.011850390473897415
0.013073912383796283 0.011987427892280422
0.013073912383796283 0.011553873204192752
0.013073912383796283 0.011851965498251498
0.013073912383796283 0.01232430279850517
0.013073912383796283 0.012435991460228269
0.013073912383796283 0.012273941803296863
0.013073912383796283 0.012208293823528843
0.013073912383796283 0.012213220611393613
0.013073912383796283 0.012365631756537787
0.013073912383796283 0.011995335177472232
0.013073912383796283 0.012373485554809594
0.013073912383796283 0.01234524469101978
0.013073912383796283 0.012555982212229684
0.013073912383796283 0.012606379570975754
0.013073912383796283 0.012154650044916055
0.013073912383796283 0.011736053362221513
0.013073912383796283 0.012312133411180672
0.013073912383796283 0.011824755218257748
0.013073912383796283 0.01221634365328251
0.013073912383796283 0.011690322914561664
0.013073912383796283 0.011699120237853492
0.013073912383796283 0.011974092534578698
0.013073912383796283 0.01214756500205561
0.013073912383796283 0.012443176253463362
0.013073912383796283 0.012108351090965223
0.013073912383796283 0.01210113249562505
0.013073912383796283 0.012330513175161326
0.013073912383796283 0.012100272888885781
0.013073912383796283 0.01232978193850282
0.013073912383796283 0.011676345019261151
0.013073912383796283 0.011961880071551502
0.013073912383796283 0.012219579751035475
0.013073912383796283 0.0119414453241609
0.013073912383796283 0.012209222865396172
0.013073912383796283 0.01175575389363172
0.013073912383796283 0.012433612370889437
0.013073912383796283 0.011626627645963849
0.013073912383796283 0.012021896628510236
0.013073912383796283 0.01209685760263828
0.013073912383796283 0.01187241392974693
0.013073912383796283 0.01226103224988001
0.013073912383796283 0.012445009344671722
0.013073912383796283 0.011805281716899986
0.013073912383796283 0.012290781358689268
0.013073912383796283 0.012328927114915266
0.013073912383796283 0.01173551801835799
0.013073912383796283 0.012111162880951019
0.013073912383796283 0.011791640796096563
0.013073912383796283 0.011890121549777914
0.013073912383796283 0.012512197744882452
0.013073912383796283 0.012204378441816256
0.013073912383796283 0.012032110196192285
0.013073912383796283 0.012329795495223455
0.013073912383796283 0.01214732393938488
0.013073912383796283 0.01232454869813019
0.013073912383796283 0.012016395916500288
0.013073912383796283 0.012219765346673787
0.013073912383796283 0.011947910413193541
0.013073912383796283 0.012157212443414727
0.013073912383796283 0.011864804804781947
0.013073912383796283 0.011857835152357901
0.013073912383796283 0.012100778436384789
0.013073912383796283 0.011872096004780721
0.013073912383796283 0.01196838897047315
0.013073912383796283 0.012384662709327934
0.013073912383796283 0.011989439088259668
0.013073912383796283 0.011767583734867325
0.013073912383796283 0.01257662919479215
0.013073912383796283 0.012108010825943618
0.013073912383796283 0.012483716486829806
0.013073912383796283 0.012218786999898526
0.013073912383796283 0.012124903800485302
0.013073912383796283 0.012369646986151948
0.013073912383796283 0.012209108150859939
