6.216959552386898E-4 3.159325849775819E-4
8.017903118990284E-4 3.5299752668211185E-4
8.017903118990284E-4 4.0895705694260926E-4
9.407416814828927E-4 4.7709210201694196E-4
9.591082015162999E-4 5.40708102586459E-4
0.0011407559894797566 5.965055897308629E-4
0.001394357378543669 7.182737976963745E-4
0.0015383417931757613 8.031393219054402E-4
0.0015383417931757613 9.225148702225596E-4
0.001600385390754006 0.0010146092422625367
0.0020043376261098785 0.0011465253072909635
0.0020043376261098785 0.001207293671377412
0.0024803097436654742 0.0012390964397751445
0.0024803097436654742 0.0012879016889588155
0.0024803097436654742 0.0013884679960855727
0.0027143286514885235 0.0016318046963484547
0.002742319709810934 0.0016412583704587347
0.0034376103365295766 0.0019391992211646
0.0034376103365295766 0.0020756247737657415
0.0034376103365295766 0.002158994301521741
0.0041188512189196955 0.0023584830079390546
0.0041188512189196955 0.002415402361048494
0.0041188512189196955 0.002508849209381303
0.0041188512189196955 0.002677574836160172
0.00512761332737515 0.0027366274038544327
0.00512761332737515 0.002873685632077014
0.00512761332737515 0.0029644362345251766
0.00512761332737515 0.0031743092222532255
0.00512761332737515 0.0034674942857770225
0.00512761332737515 0.0037999513190339024
0.00512761332737515 0.0037582109419429317
0.00512761332737515 0.004069491567303917
0.00512761332737515 0.004489293312895043
0.00512761332737515 0.004419751285622807
0.00743997828719905 0.004541664252038274
0.00743997828719905 0.004280952259727154
0.00743997828719905 0.004375806254714436
0.00743997828719905 0.0044408181906921505
0.00743997828719905 0.0051961624230730495
0.00743997828719905 0.005695756391601011
0.00743997828719905 0.0061025778493100456
0.00743997828719905 0.00639734866583759
0.00743997828719905 0.006536928730155397
0.00743997828719905 0.006646903876420124
0.00743997828719905 0.0065414269127393836
0.00743997828719905 0.0065533022018790885
0.00743997828719905 0.006731461785306486
0.00743997828719905 0.006985677441541121
0.00743997828719905 0.006777137223466481
0.00743997828719905 0.006653251036318911
0.00743997828719905 0.006668984637373688
0.00743997828719905 0.006336964314180235
0.00743997828719905 0.006444048272952041
0.00743997828719905 0.006698972297205533
0.00743997828719905 0.006715219821062249
0.00743997828719905 0.00650453470346667
0.00743997828719905 0.006582159688434305
0.00743997828719905 0.006604078427192869
0.00743997828719905 0.0063320202695663404
0.00743997828719905 0.006548188711533348
0.00743997828719905 0.006395912385453412
0.00743997828719905 0.0062986178218848885
0.00743997828719905 0.006701505508328887
0.00743997828719905 0.006592425200338612
0.00743997828719905 0.00655007678161495
0.00743997828719905 0.006363350339059512
0.00743997828719905 0.006631885659740478
0.00743997828719905 0.006892491778042238
0.00743997828719905 0.0066523133259073055
0.00743997828719905 0.0064516773377130895
0.00743997828719905 0.006611372043117406
0.00743997828719905 0.00644279362881051
0.00743997828719905 0.006531827602847192
0.00743997828719905 0.006457414781443623
0.00743997828719905 0.006106501553256866
0.00743997828719905 0.006367366010543632
0.00743997828719905 0.006612932792893522
0.00743997828719905 0.006494087525438188
0.00743997828719905 0.006717573977756961
0.00743997828719905 0.006701665216253526
0.00743997828719905 0.006691681711848595
0.00743997828719905 0.006690475434430424
0.00743997828719905 0.0064296992344197775
0.008401548716202212 0.006661689138829879
0.008401548716202212 0.006615229409534612
0.008401548716202212 0.006326995439904501
0.008401548716202212 0.0069124620096104325
0.008401548716202212 0.006958165030276019
0.008401548716202212 0.007076392014428224
0.008401548716202212 0.006904063235269962
0.008401548716202212 0.007244678476007385
0.008401548716202212 0.007568744122878065
0.008401548716202212 0.0077266521520950385
0.008401548716202212 0.007366245402096628
0.008401548716202212 0.007360884180150925
0.008401548716202212 0.007265433422560281
0.008401548716202212 0.007421047248694541
0.008401548716202212 0.007231342404260638
0.008401548716202212 0.007155531845105897
0.008401548716202212 0.00744369793929137
0.008401548716202212 0.007451423881727657
0.008401548716202212 0.007500975643999619
0.008401548716202212 0.0072296772737046565
0.008401548716202212 0.007284192801064433
0.008401548716202212 0.007447581176346638
0.008401548716202212 0.007435536577810483
0.008401548716202212 0.007252536300875835
0.008401548716202212 0.007666418593469266
0.008401548716202212 0.007741347462881453
0.008401548716202212 0.007574774081698879
0.008401548716202212 0.007290900531645825
0.008401548716202212 0.007685346816772278
0.008401548716202212 0.007407465314877909
0.008401548716202212 0.007762681029533019
0.008401548716202212 0.007689168415366926
0.008401548716202212 0.007349384054104263
0.008401548716202212 0.0076192491437326445
0.008401548716202212 0.0073835904574334095
0.008401548716202212 0.00745278658897734
0.008401548716202212 0.007345736473154203
0.008401548716202212 0.0072097251076389465
0.008401548716202212 0.007771372163621476
0.008401548716202212 0.007559741466742797
0.008401548716202212 0.007343062835518329
0.008401548716202212 0.007579737973943258
0.008401548716202212 0.0076489354214487205
0.008401548716202212 0.007585345945515333
0.008401548716202212 0.0077041259436371
0.008401548716202212 0.007418703323819147
0.008401548716202212 0.007356164124907045
0.008401548716202212 0.00773720246334663
0.008401548716202212 0.007589987099735212
0.008401548716202212 0.007341617649327306
0.008401548716202212 0.0075081585651371905
0.008401548716202212 0.0073680431478741785
0.008401548716202212 0.007090452950618422
0.008401548716202212 0.007779026613228953
0.008401548716202212 0.0076305021812987685
0.008401548716202212 0.00730003994805312
0.008401548716202212 0.007286898801334861
0.008447252968251176 0.007298470112876127
0.008447252968251176 0.0071476563879696135
0.008447252968251176 0.007745738532690876
0.008447252968251176 0.007507649873051726
0.008447252968251176 0.007594909504913828
0.008447252968251176 0.007207796298372499
0.008447252968251176 0.007643844504188269
0.008447252968251176 0.007513013917743828
0.008447252968251176 0.007349400719878636
0.008447252968251176 0.007097735249963223
0.008447252968251176 0.007568499813160479
0.008447252968251176 0.007020788045499874
0.008447252968251176 0.007636847279817236
0.008447252968251176 0.007494925381388442
0.008447252968251176 0.0074407057200850035
0.008447252968251176 0.007229122984240151
0.008447252968251176 0.007277763349256827
0.008447252968251176 0.0076913360468419765
0.008447252968251176 0.007677026393965549
0.008447252968251176 0.0074584216200378785
0.008447252968251176 0.007275038314424201
0.008447252968251176 0.007819707274437884
0.008447252968251176 0.0072838971870290104
0.008447252968251176 0.007582915315534954
0.008447252968251176 0.007638905769983761
0.008447252968251176 0.007636282235733859
0.008447252968251176 0.0076662085515256
0.008447252968251176 0.007489196352870078
0.008447252968251176 0.007504585068906424
0.008447252968251176 0.007577731486042971
0.008447252968251176 0.0073374421202206455
0.008447252968251176 0.007427825182816138
0.008447252968251176 0.007165394174508673
0.008447252968251176 0.0075868119387920456
0.008447252968251176 0.0073282924133958515
0.008447252968251176 0.007260925219677311
0.008447252968251176 0.007981705594880581
0.008447252968251176 0.007900559060398432
0.008447252968251176 0.007716968247516743
0.008447252968251176 0.007434814943042103
0.008447252968251176 0.007635736801644205
0.008447252968251176 0.007468873307214935
0.008447252968251176 0.007791862551285191
0.008447252968251176 0.007685494085929906
0.008447252968251176 0.007190598806426498
0.008447252968251176 0.007675036704365714
0.008447252968251176 0.007671491042481442
0.008447252968251176 0.007470636474467923
0.008447252968251176 0.007390859067504467
0.008447252968251176 0.007452827274245237
0.008447252968251176 0.007313049729149981
0.008447252968251176 0.007227995550810678
0.008447252968251176 0.007916206509834807
0.008447252968251176 0.007374503969043605
0.008447252968251176 0.007578552957646378
0.008447252968251176 0.007372008205541708
0.008447252968251176 0.007207502965218664
0.008447252968251176 0.007540384488584134
0.008447252968251176 0.007878662880532376
0.008447252968251176 0.007652251264929764
