6.344202297574484E-4 3.051100361960794E-4
6.997605362670031E-4 3.636366808036371E-4
6.997605362670031E-4 4.054535079330704E-4
7.816954817383818E-4 4.1769109228243493E-4
7.816954817383818E-4 4.5768213487759515E-4
8.070664315795157E-4 4.998517970236745E-4
8.700343327542E-4 5.210823549117732E-4
0.0010182202495500222 5.818907779975332E-4
0.001471338308392789 6.149442336311909E-4
0.001471338308392789 6.279819745085771E-4
0.001471338308392789 7.372778431991673E-4
0.002103928567597579 8.186738581907531E-4
0.002103928567597579 8.721186727862573E-4
0.002103928567597579 9.657831817652286E-4
0.002103928567597579 0.001080808740312054
0.002103928567597579 0.0012356662827317296
0.002103928567597579 0.0013385267170154835
0.002158719226710214 0.0014154227163530723
0.0026690475964457824 0.0015286844782971304
0.0029318188269395443 0.001547374783180403
0.0029318188269395443 0.0016071859765289162
0.0031044657919250297 0.001665943443043748
0.003586905583295164 0.0017361647933245824
0.003586905583295164 0.0018924545889225956
0.003586905583295164 0.0019853309649588207
0.003586905583295164 0.0020498902028600113
0.003586905583295164 0.002037686854407894
0.003586905583295164 0.002215310954447911
0.0036932819731057285 0.002409089225992525
0.004050261483196324 0.002429852615581946
0.004505815127512489 0.002578771579524059
0.004505815127512489 0.0025725930535471227
0.005840866418949972 0.0026841502980359993
0.005840866418949972 0.0028579987086160457
0.005840866418949972 0.003111834065899896
0.005840866418949972 0.003283471432299272
0.005840866418949972 0.003417091072363489
0.005840866418949972 0.0035896094466718207
0.005840866418949972 0.0038626028065489606
0.005840866418949972 0.003992003980992164
0.005840866418949972 0.003925399584501766
0.005840866418949972 0.0038506042326118084
0.005840866418949972 0.003885444370464004
0.005840866418949972 0.004127701473662487
0.005840866418949972 0.004810719473771959
0.005840866418949972 0.004864785156010746
0.006419407387663694 0.0049119084427822505
0.006419407387663694 0.005106894016321395
0.006419407387663694 0.0046461666702856345
0.006419407387663694 0.004899128834189037
0.006419407387663694 0.004768261555540376
0.006419407387663694 0.004511021265101422
0.006419407387663694 0.004990982750289883
0.006419407387663694 0.0050004448789718004
0.006419407387663694 0.00508142403000245
0.006419407387663694 0.005181554091196697
0.006419407387663694 0.005151363983578204
0.006419407387663694 0.005006657155394548
0.006722740769337413 0.005271367923274222
0.006722740769337413 0.005151786365089645
0.006722740769337413 0.005539676919371277
0.006722740769337413 0.00552958805766594
0.006722740769337413 0.005444281878685671
0.006722740769337413 0.005420240891760682
0.006722740769337413 0.005501647311455884
0.006722740769337413 0.005876346051127163
0.006722740769337413 0.0053839316055661265
0.006722740769337413 0.005834153030060606
0.006722740769337413 0.0058048771313769535
0.006722740769337413 0.00598657747723425
0.006722740769337413 0.006084007553459225
0.006722740769337413 0.005689852052454006
0.006722740769337413 0.005861285858120452
0.006722740769337413 0.005705297977896528
0.006722740769337413 0.0056837358782819815
0.006722740769337413 0.005735157004694037
0.006722740769337413 0.005922360490794264
0.006722740769337413 0.005478182111094337
0.006722740769337413 0.005905131385084445
0.006722740769337413 0.005863765889609947
0.007069418473288765 0.005637818590565735
0.007069418473288765 0.005742775331347997
0.007069418473288765 0.005592605650683667
0.007069418473288765 0.00583864458369916
0.007069418473288765 0.005999227277895725
0.007069418473288765 0.006052141637177544
0.007069418473288765 0.0061108430473402675
0.007069418473288765 0.005740593220473627
0.007069418473288765 0.005788674094967967
0.007069418473288765 0.006167946734274803
0.007069418473288765 0.006334543232441887
0.007069418473288765 0.005909141993400752
0.007069418473288765 0.005945853315253472
0.0070864779721581984 0.006153196720784693
0.0070864779721581984 0.006149733437739935
0.0070864779721581984 0.006476978156037496
0.0070864779721581984 0.005703887613136942
0.0070864779721581984 0.006227446790208586
0.0070864779721581984 0.006500820102137606
0.0070864779721581984 0.0062554316368884635
0.0070864779721581984 0.005989829053123069
0.0070864779721581984 0.006219376396545125
0.0070864779721581984 0.00643409075424858
0.0070864779721581984 0.0061839454864585875
0.0070864779721581984 0.0063926432522355804
0.0070864779721581984 0.006001374066942095
0.0070864779721581984 0.006179115231388206
0.0070864779721581984 0.006208502711846864
0.0070864779721581984 0.006172975424819184
0.0070864779721581984 0.006516824544464879
0.0070864779721581984 0.006311621085958923
0.0070864779721581984 0.006336104925434374
0.0070864779721581984 0.006345174400256476
0.0070864779721581984 0.00642165130773678
0.0070864779721581984 0.005998781501380399
0.0070864779721581984 0.006038753785689447
0.0070864779721581984 0.006545724996748582
0.0070864779721581984 0.006228824756500333
0.0070864779721581984 0.006338696259066978
0.0070864779721581984 0.0063005787451809615
0.0070864779721581984 0.006250396631009379
0.0070864779721581984 0.006416954996227516
0.0070864779721581984 0.006437257605454399
0.0070864779721581984 0.006352816334738035
0.0070864779721581984 0.006554004401207379
0.0070864779721581984 0.006202540798285515
0.0070864779721581984 0.006111173769432051
0.007504363179515882 0.00607497264556912
0.007504363179515882 0.0062138525754070716
0.007504363179515882 0.006003087064254533
0.007504363179515882 0.006383420463255847
0.007504363179515882 0.006327945124411137
0.007504363179515882 0.006192524221928054
0.007504363179515882 0.006183859046922899
0.007504363179515882 0.005876797190160761
0.007504363179515882 0.006178866298178621
0.007504363179515882 0.006222934529097784
0.007504363179515882 0.00650301150275717
0.007504363179515882 0.006435803410527888
0.007504363179515882 0.006507070824672442
0.007504363179515882 0.006455868716506032
0.007504363179515882 0.00611350552832652
0.007504363179515882 0.006694052035247106
0.007504363179515882 0.006820968521573923
0.007504363179515882 0.00704913972853484
0.007504363179515882 0.006572860356993665
0.007504363179515882 0.007087427222996283
0.007504363179515882 0.006709464059573943
0.007504363179515882 0.006885582594008669
0.007504363179515882 0.006926358983837628
0.007504363179515882 0.00681177839416097
0.007504363179515882 0.006526313555892154
0.007504363179515882 0.006671100357319988
0.007504363179515882 0.006809907824594413
0.007504363179515882 0.006601895309351847
0.007504363179515882 0.00664363603497216
0.007504363179515882 0.006618338697645481
0.007504363179515882 0.006591942802269604
0.007504363179515882 0.006557171329329622
0.007504363179515882 0.006282028543200897
0.007504363179515882 0.006663868321808903
0.007504363179515882 0.006554019182817536
0.007504363179515882 0.006474553006961117
0.007504363179515882 0.0068227515264144755
0.007504363179515882 0.006503574350760703
0.007504363179515882 0.006685898545453542
0.007504363179515882 0.006665168689373407
0.007504363179515882 0.006548720237898637
0.007504363179515882 0.0065059862023580835
0.007504363179515882 0.0066280978629965305
0.007504363179515882 0.0063613599054226444
0.007504363179515882 0.006400220339319631
0.007504363179515882 0.006498149951307178
0.007504363179515882 0.006382984216018862
0.007504363179515882 0.006552108312528749
0.007504363179515882 0.006836895152365312
0.007504363179515882 0.006407546795182697
0.007504363179515882 0.006899501915908157
0.007504363179515882 0.006880204209588281
0.007504363179515882 0.006948648566947646
0.007504363179515882 0.006890161654238127
0.007504363179515882 0.006572849760094989
0.007504363179515882 0.006658001901741443
0.007504363179515882 0.006330379804329616
0.007504363179515882 0.0068152740180769085
0.007504363179515882 0.006572244663444741
0.007504363179515882 0.006431903793490371
0.007504363179515882 0.006664322847938065
0.007504363179515882 0.006782848120723114
0.007504363179515882 0.006651959140531541
0.007504363179515882 0.006184764461414833
0.007504363179515882 0.006403472670373126
0.007504363179515882 0.006881652620998273
0.007504363179515882 0.006766603772779898
0.007504363179515882 0.006550187824171678
0.007504363179515882 0.006430716181916509
0.007504363179515882 0.006725111137184382
0.007504363179515882 0.00674343042986416
0.007504363179515882 0.006684621078551803
0.007504363179515882 0.006745001378699098
