5.128570498948915E-4 2.971633934308727E-4
6.140449412656663E-4 3.3786126555984105E-4
7.618273799891732E-4 3.664799517149037E-4
0.0012215479881310532 4.3018543995447777E-4
0.0012215479881310532 5.944146177210799E-4
0.001422027744259465 8.656439051309936E-4
0.0023466320659072705 0.0010114011274903194
0.0023466320659072705 0.0011335957715716816
0.0023466320659072705 0.0012761467536031193
0.0024317955239648225 0.0013730080857097947
0.0024317955239648225 0.0014064897535521715
0.0028255954133320823 0.001656748687165324
0.003200605014205699 0.0018406395813801999
0.003200605014205699 0.0019387482593377081
0.003346484832842315 0.0020710902589401716
0.004550953279306978 0.0021473436617188324
0.004550953279306978 0.002439933285957627
0.004550953279306978 0.0027170597794219592
0.004550953279306978 0.0026094002232177967
0.004550953279306978 0.0029980825618765817
0.006499416523018169 0.0030039012175676403
0.006499416523018169 0.0034999491752660443
0.006499416523018169 0.0039256600652524285
0.006499416523018169 0.004101378609136418
0.006499416523018169 0.004769470203530352
0.006499416523018169 0.00473679817560553
0.006499416523018169 0.005596289612831348
0.006499416523018169 0.005715686287701086
0.006499416523018169 0.0054197524730224345
0.006499416523018169 0.00561723866425332
0.006499416523018169 0.005505944700892367
0.006499416523018169 0.005772782977564738
0.006499416523018169 0.005675135056029373
0.006499416523018169 0.005471517673458567
0.006499416523018169 0.0055747112897516745
0.006499416523018169 0.00521805075830587
0.006499416523018169 0.00573369064100029
0.006499416523018169 0.005800600282250034
0.006499416523018169 0.005611097825663758
0.006499416523018169 0.005744762541430193
0.006499416523018169 0.005716882182158749
0.006499416523018169 0.005935110940868793
0.006499416523018169 0.0057709085427629005
0.006499416523018169 0.005511975348183666
0.006499416523018169 0.005880696756862479
0.006499416523018169 0.005745729779877026
0.006499416523018169 0.005481984862055132
0.006499416523018169 0.005751956115401464
0.006499416523018169 0.005899914164220512
0.006499416523018169 0.005993634524102442
0.006499416523018169 0.005763534825028287
0.006499416523018169 0.00551346950545768
0.006499416523018169 0.005796039298649974
0.006499416523018169 0.005643765601881462
0.006499416523018169 0.005765802472672032
0.006499416523018169 0.005612737647809122
0.006499416523018169 0.005812114846251362
0.006499416523018169 0.005855424611597964
0.006499416523018169 0.0056737009617786474
0.006499416523018169 0.005642844524943372
0.006499416523018169 0.0058930588437614536
0.006499416523018169 0.005803760842042204
0.006499416523018169 0.005362668904699813
0.006499416523018169 0.005750715693859002
0.006499416523018169 0.005306085470345615
0.006499416523018169 0.005777159877624849
0.006499416523018169 0.005553319781397708
0.006499416523018169 0.005748194884719854
0.006499416523018169 0.005661344525372769
0.006499416523018169 0.005673015181830701
0.006499416523018169 0.0056307496082197515
0.006499416523018169 0.005246073058100236
0.006499416523018169 0.005548725276967239
0.006499416523018169 0.005874794427603156
0.006499416523018169 0.00578155914069046
0.006499416523018169 0.005570289613295398
0.006499416523018169 0.005722044037480481
0.006499416523018169 0.005737529523659908
0.006499416523018169 0.0056448376765176455
0.006499416523018169 0.005581962618005195
0.006499416523018169 0.005672197620887838
0.006499416523018169 0.005700604246106224
0.006499416523018169 0.005884188090738028
0.006499416523018169 0.005665999934062464
0.006499416523018169 0.0056841028746959345
0.006499416523018169 0.005440164406165403
0.006499416523018169 0.005746264918243836
0.006499416523018169 0.0053037356267613975
0.006499416523018169 0.00555436871914744
0.006499416523018169 0.005512911721206314
0.006499416523018169 0.005732089199167762
0.006499416523018169 0.005486602057228879
0.006499416523018169 0.005501646723250035
0.006499416523018169 0.005439215816981836
0.006499416523018169 0.005612622452280701
0.006499416523018169 0.0055757581048059635
0.006541927829071071 0.005772389048374174
0.006541927829071071 0.005574664919128533
0.006541927829071071 0.005712569217693855
0.006541927829071071 0.005535355339272674
0.006541927829071071 0.0057340489260065235
0.006541927829071071 0.005630869234776845
0.006541927829071071 0.005653692772753536
0.006541927829071071 0.005958763492206398
0.006541927829071071 0.005820903371655268
0.006541927829071071 0.005537028113002223
0.006541927829071071 0.005502804882379222
0.006541927829071071 0.005974472751378575
0.006541927829071071 0.005613827783905917
0.006541927829071071 0.005863593001548414
0.006541927829071071 0.005302647310937613
0.006541927829071071 0.005827091109845857
0.006541927829071071 0.005836132170141493
0.006541927829071071 0.005861366689842083
0.006541927829071071 0.005635123360475103
0.006541927829071071 0.005705140925573931
0.006541927829071071 0.00552044235398912
0.006541927829071071 0.005759114623083178
0.006541927829071071 0.005977760430271491
0.006541927829071071 0.005848677995702797
0.006541927829071071 0.005708715606156565
0.006541927829071071 0.00577416041659472
0.006541927829071071 0.0056714069122685085
0.006541927829071071 0.005400670778882594
0.006541927829071071 0.005646094777454298
0.006541927829071071 0.005819711661355793
0.006541927829071071 0.005487945899699822
0.006541927829071071 0.005843500923201177
0.006541927829071071 0.005694422652056653
0.006541927829071071 0.005645190623609274
0.006541927829071071 0.005653957936472693
0.006541927829071071 0.0057694050390781505
0.006541927829071071 0.0056317461154309
0.006541927829071071 0.005726830941281289
0.006541927829071071 0.005820076200369905
0.006541927829071071 0.0053965455380472396
0.006541927829071071 0.005602919800379127
0.006541927829071071 0.005471060474740564
0.006541927829071071 0.005770608267618315
0.006541927829071071 0.005768027976123703
0.006541927829071071 0.005766603627762854
0.006541927829071071 0.005800881551130247
0.006541927829071071 0.005768849895648898
0.006686076205992242 0.005529784752201302
0.006686076205992242 0.0053613406137866595
0.006686076205992242 0.005471862818691097
0.006686076205992242 0.005595648809599976
0.006686076205992242 0.005519425619263238
0.006686076205992242 0.0057912143270639
0.006686076205992242 0.005523066720816319
0.006686076205992242 0.00584108607865252
0.006686076205992242 0.005515318756715059
0.006686076205992242 0.005672775174267402
0.006686076205992242 0.005233188914799387
0.006686076205992242 0.005853240849667036
0.006686076205992242 0.00585729771199223
0.006686076205992242 0.006160163591692758
0.006686076205992242 0.005584339203935088
0.006686076205992242 0.005914320562816579
0.006686076205992242 0.005803168549743993
0.006686076205992242 0.006169759024497842
0.006686076205992242 0.005580755318075177
0.006686076205992242 0.005644204755772997
0.006686076205992242 0.005800799904736638
0.006686076205992242 0.005521875723232762
0.006686076205992242 0.005726700017567784
0.006686076205992242 0.005864973238097323
0.006686076205992242 0.005721486755164309
0.006686076205992242 0.00578855021439526
0.006686076205992242 0.005817907515847237
0.006686076205992242 0.005887752739537436
0.006686076205992242 0.005805303258845992
0.006686076205992242 0.005501436625920748
0.006686076205992242 0.005657054350996301
0.006686076205992242 0.006022910984985907
0.006686076205992242 0.005773040003716486
0.006686076205992242 0.005726687916515056
0.006686076205992242 0.005828875525203954
0.006686076205992242 0.0057890774438119
0.006686076205992242 0.006014171367493052
0.006686076205992242 0.005865103991472182
0.006686076205992242 0.00570505674218731
0.006686076205992242 0.005819214015202942
0.006686076205992242 0.005635903272024356
0.006686076205992242 0.005802309726104336
0.006686076205992242 0.005626265709369915
0.006686076205992242 0.005929833165885756
0.006686076205992242 0.005537865166334052
0.006686076205992242 0.005819315259396068
0.006686076205992242 0.005903091414448115
0.006686076205992242 0.006176341841858414
0.006686076205992242 0.005853262583244505
0.006686076205992242 0.005943870246310182
0.006686076205992242 0.005995235218087587
0.006686076205992242 0.005819137790284339
0.006686076205992242 0.005669273832926281
0.006686076205992242 0.005953928570498479
0.006686076205992242 0.005825092752948704
0.006686076205992242 0.005578468466666046
0.006686076205992242 0.005695009670150794
