4867.0 10961.425
4867.0 10494.585
4867.0 9436.665
4246.0 8841.81
2214.0 8256.57
2214.0 7023.32
2311.0 5966.55
1511.0 4871.395
1322.0 3792.39
1613.0 2801.0
927.0 2386.1
927.0 2459.5
866.0 2264.865
866.0 2123.885
866.0 2062.915
866.0 1786.595
868.0 1631.96
868.0 1507.135
868.0 1314.895
868.0 1272.96
868.0 1485.46
868.0 1328.01
866.0 1378.315
751.0 1401.565
751.0 1357.99
751.0 1189.735
751.0 1230.875
751.0 1407.37
751.0 1331.615
751.0 1218.335
751.0 1212.31
665.0 1299.95
665.0 1361.765
665.0 1290.58
347.0 1149.115
347.0 1053.98
347.0 902.77
347.0 795.505
347.0 669.475
347.0 602.78
347.0 622.695
347.0 591.53
347.0 692.29
347.0 517.53
347.0 598.175
347.0 627.425
347.0 614.475
347.0 725.245
347.0 610.095
343.0 511.905
343.0 574.775
343.0 474.96
343.0 562.755
343.0 554.16
343.0 592.75
343.0 522.415
343.0 555.385
343.0 550.78
343.0 529.775
343.0 448.87
343.0 541.545
343.0 597.46
343.0 583.05
343.0 613.595
343.0 659.5
343.0 510.975
343.0 537.57
343.0 513.575
343.0 551.375
343.0 566.005
343.0 485.72
343.0 628.48
343.0 622.565
343.0 475.56
343.0 555.54
343.0 575.385
343.0 542.88
343.0 498.19
343.0 508.03
343.0 663.655
343.0 542.28
343.0 580.96
343.0 515.29
343.0 513.045
343.0 586.725
343.0 514.91
343.0 551.42
343.0 585.885
343.0 589.015
343.0 593.375
343.0 516.66
343.0 551.28
343.0 635.415
343.0 526.525
343.0 694.785
343.0 589.225
343.0 531.9
343.0 544.255
343.0 568.12
343.0 579.015
343.0 558.97
343.0 536.23
343.0 669.735
343.0 482.73
343.0 446.215
343.0 507.27
343.0 600.23
343.0 570.565
343.0 564.92
343.0 542.405
343.0 596.24
343.0 566.06
343.0 593.615
343.0 611.89
343.0 562.515
343.0 541.66
343.0 664.745
343.0 474.54
343.0 579.28
343.0 560.05
343.0 561.15
343.0 550.955
343.0 524.545
343.0 649.655
343.0 542.07
343.0 682.895
343.0 586.3
343.0 472.815
343.0 536.995
343.0 578.74
343.0 511.73
343.0 614.595
343.0 589.73
343.0 475.11
343.0 595.63
343.0 505.385
343.0 486.275
343.0 550.755
343.0 667.415
343.0 638.61
343.0 579.89
343.0 528.06
343.0 576.46
343.0 532.04
343.0 594.065
343.0 602.005
343.0 580.31
343.0 567.255
343.0 520.085
343.0 538.325
343.0 474.67
343.0 516.28
343.0 545.775
343.0 545.17
343.0 585.795
343.0 601.35
343.0 538.44
343.0 635.805
343.0 690.555
343.0 532.85
343.0 477.12
343.0 501.675
343.0 603.72
343.0 616.445
343.0 594.65
343.0 468.705
343.0 525.19
343.0 482.5
343.0 599.115
343.0 554.935
343.0 568.69
343.0 669.025
343.0 629.27
343.0 527.22
343.0 551.75
343.0 599.935
343.0 532.05
343.0 545.83
343.0 574.755
343.0 585.715
343.0 570.72
343.0 532.0
343.0 695.285
343.0 585.255
343.0 595.695
343.0 541.61
343.0 405.025
343.0 508.64
343.0 615.965
343.0 491.39
343.0 662.615
343.0 525.09
343.0 583.035
343.0 538.575
343.0 570.855
343.0 593.86
343.0 690.06
343.0 551.315
343.0 579.355
343.0 507.275
