5.670658463612185E-4 2.966343268869615E-4
5.808185382318777E-4 3.4010193334017564E-4
7.33040036264356E-4 3.762152113569554E-4
8.349272077554572E-4 3.9680502099615107E-4
8.536411214459269E-4 4.4817200015144493E-4
8.536411214459269E-4 5.100544339355664E-4
9.788823865623084E-4 5.39414616268986E-4
0.0012221105995029523 6.456359549148862E-4
0.0014544231011732695 7.659000871670526E-4
0.0014748360656170183 8.094276105586474E-4
0.001664285462652187 9.048348441419134E-4
0.001664285462652187 0.0010061965281051605
0.002166169440761437 0.0010813041568246092
0.002166169440761437 0.0011599303376348142
0.002204161024272526 0.0013125474932639187
0.0022653312554055515 0.0014491101618409425
0.0034068435910710195 0.0015581111889004864
0.0034068435910710195 0.0016949305513871563
0.0034068435910710195 0.0018547290414616903
0.0034068435910710195 0.0020931449145454944
0.005041269269076426 0.0023200337178005733
0.005041269269076426 0.002627360119480131
0.005041269269076426 0.00271591674706977
0.006149452138966432 0.003029010251188709
0.006149452138966432 0.0035240187779747405
0.006149452138966432 0.003745052320761126
0.006544480193563151 0.004662581088075073
0.006544480193563151 0.00487646304087343
0.006544480193563151 0.005010213379537638
0.006544480193563151 0.005424866399195101
0.006544480193563151 0.005338887641277893
0.006544480193563151 0.0055385359691476855
0.006544480193563151 0.005449756686456868
0.006544480193563151 0.005476441674016124
0.006544480193563151 0.005462347852211983
0.006544480193563151 0.005788308213236158
0.006544480193563151 0.005475854533330156
0.006544480193563151 0.0057338645673106646
0.006544480193563151 0.006031840218061056
0.006544480193563151 0.0057310950992286525
0.006544480193563151 0.0058509427700652915
0.006544480193563151 0.0055976524625786835
0.006544480193563151 0.005672538988381207
0.006544480193563151 0.0055969842403780215
0.006544480193563151 0.006044661542849428
0.006544480193563151 0.005704912144521247
0.006544480193563151 0.0058024597001174565
0.006544480193563151 0.005714971860415629
0.006544480193563151 0.005981616791067902
0.006544480193563151 0.005648809306328543
0.006544480193563151 0.0057871449658716
0.006544480193563151 0.005658886630344486
0.006544480193563151 0.005875462695567233
0.006544480193563151 0.005934819883011897
0.006544480193563151 0.005920826637114049
0.006544480193563151 0.005915799921428779
0.006544480193563151 0.005491054384762901
0.006544480193563151 0.005753796207825126
0.006544480193563151 0.005838549854391595
0.006544480193563151 0.005509505076564681
0.006544480193563151 0.0057236802069571035
0.006544480193563151 0.005679066880061142
0.006544480193563151 0.0056284334064258664
0.006544480193563151 0.005508612730535498
0.006544480193563151 0.005780846576207058
0.006544480193563151 0.005480962211889779
0.006544480193563151 0.005728375512320292
0.006544480193563151 0.005439114975074816
0.006544480193563151 0.005440150608645683
0.006544480193563151 0.005615527316458855
0.006544480193563151 0.005684307082255282
0.006544480193563151 0.00579345211258385
0.006544480193563151 0.005801537692817827
0.006544480193563151 0.005536839980902822
0.006544480193563151 0.00560971107332227
0.006544480193563151 0.005822900048568479
0.006544480193563151 0.005845722959241296
0.006544480193563151 0.005513623655499511
0.006544480193563151 0.005690578545136367
0.006544480193563151 0.005265265440617977
0.006544480193563151 0.005614134833167523
0.006544480193563151 0.005646959601456331
0.006544480193563151 0.005808393697561398
0.006544480193563151 0.005806637249025566
0.006544480193563151 0.005868860850371257
0.006544480193563151 0.005625159411083373
0.006544480193563151 0.0054552346562521
0.006544480193563151 0.006097527372212573
0.006544480193563151 0.005862964891168554
0.006544480193563151 0.005951003339012499
0.006544480193563151 0.0058546120464014785
0.006544480193563151 0.005751874251023479
0.006544480193563151 0.005664649300720894
0.006544480193563151 0.0059094794694734155
0.006544480193563151 0.00588873284798902
0.006544480193563151 0.005767956303813108
0.006544480193563151 0.005719993234450577
0.006544480193563151 0.005919706650754616
0.006544480193563151 0.005825146965537479
0.006544480193563151 0.005553954233380807
0.006544480193563151 0.0056539264799212886
0.006544480193563151 0.005719533077580211
0.006544480193563151 0.005952648124912307
0.006544480193563151 0.005792209754158317
0.006544480193563151 0.005636023121187058
0.006544480193563151 0.005523966170505335
0.006544480193563151 0.0059715013632128215
0.006544480193563151 0.005755749028410739
0.006544480193563151 0.005607614842855951
0.006544480193563151 0.005750422205604059
0.006544480193563151 0.00591297150965192
0.006544480193563151 0.005590101124311585
0.006544480193563151 0.005805949289418985
0.006544480193563151 0.005789106907978149
0.006544480193563151 0.005454047895403829
0.006544480193563151 0.005559799683401523
0.006544480193563151 0.005550428971585339
0.006544480193563151 0.005610870753964896
0.006544480193563151 0.00585339561684119
0.006544480193563151 0.005913877539688989
0.006544480193563151 0.005636835066476351
0.006544480193563151 0.0059782373896122435
0.006544480193563151 0.005686433410712478
0.006544480193563151 0.005776585763073896
0.006544480193563151 0.005381882996066801
0.006544480193563151 0.005413172508501092
0.006544480193563151 0.005367562844858569
0.006544480193563151 0.005850989458757922
0.006544480193563151 0.005487007286242366
0.006544480193563151 0.005908138984874232
0.006544480193563151 0.005770123421148894
0.006544480193563151 0.005645622518674181
0.006544480193563151 0.005635773619912682
0.006544480193563151 0.005780150060141442
0.006544480193563151 0.005807893053357739
0.006544480193563151 0.005794027009991963
0.006544480193563151 0.005533489745198591
0.006544480193563151 0.005696894601255259
0.006544480193563151 0.005795443309927127
0.006544480193563151 0.0059767007412440685
0.006544480193563151 0.005784756481148184
0.006544480193563151 0.006008058894762734
0.006544480193563151 0.005500966691303954
0.006544480193563151 0.005741334884000956
0.006544480193563151 0.005781038883753841
0.006544480193563151 0.005419811672687799
0.006544480193563151 0.005599284671763599
0.006544480193563151 0.005682324920698054
0.006781778420909652 0.005753339619070475
0.006781778420909652 0.005790252627856013
0.006781778420909652 0.005865635948014881
0.006781778420909652 0.005583861482379773
0.006781778420909652 0.005640356162913915
0.006781778420909652 0.0059473361648623045
0.006781778420909652 0.0057595108255533815
0.006781778420909652 0.006083308030688798
0.006781778420909652 0.00596538245204132
0.006781778420909652 0.006112715863719845
0.006781778420909652 0.006049461993915373
0.006781778420909652 0.00597486009783378
0.006781778420909652 0.0063055136253286235
0.006781778420909652 0.005781663868652231
0.006781778420909652 0.005773605416230603
0.006781778420909652 0.006052176866628512
0.006781778420909652 0.005685383845205168
0.006781778420909652 0.0061619961504873425
0.006781778420909652 0.005827072752979936
0.006781778420909652 0.005802136943182689
0.006781778420909652 0.006183822434488686
0.006781778420909652 0.005696386754418503
0.006781778420909652 0.006057162936789061
0.006781778420909652 0.005940794781915577
0.006781778420909652 0.005848302242748157
0.006781778420909652 0.005892288087079487
0.006781778420909652 0.005917660745130402
0.006781778420909652 0.005819995685744111
0.006781778420909652 0.006156020716609812
0.006781778420909652 0.00576946956022705
0.006781778420909652 0.00555120511446841
0.006781778420909652 0.0059926705904750285
0.006781778420909652 0.006022228681461005
0.006781778420909652 0.00570931827075698
0.006781778420909652 0.0061448311013847755
0.006781778420909652 0.005879335179340109
0.006781778420909652 0.006116473098051215
0.006781778420909652 0.00621343246622068
0.006781778420909652 0.005654659668649714
0.006781778420909652 0.005520966594961783
0.006781778420909652 0.005726142130226295
0.006781778420909652 0.0059839587266938945
0.006781778420909652 0.005971257695798588
0.006781778420909652 0.006224383626045372
0.006781778420909652 0.005851382646394636
0.006781778420909652 0.006276623279859872
0.006781778420909652 0.005967728119838719
0.006781778420909652 0.006228227750988385
0.006781778420909652 0.00587002077529194
0.006781778420909652 0.005970396155124826
0.006781778420909652 0.006098843982721368
0.006781778420909652 0.005948012508121832
