5.730810739858067E-4 3.223485861190318E-4
7.117165118751356E-4 3.6347333914238785E-4
7.117165118751356E-4 3.915042937127466E-4
7.153116896044962E-4 4.225111650260308E-4
8.773143525202242E-4 4.659204855565893E-4
8.773143525202242E-4 5.020219520616565E-4
8.773143525202242E-4 5.451049392900428E-4
9.737330687863263E-4 5.867413155835109E-4
0.0010038062886491945 6.182972954589955E-4
0.001246385099330747 7.186990584367071E-4
0.0012556889938633447 7.510870530745059E-4
0.001589810608717109 7.825627653608758E-4
0.001589810608717109 8.4612516068002E-4
0.001614770374189145 9.46157718772367E-4
0.001614770374189145 9.433914940167147E-4
0.0016157101325037543 9.976266904082511E-4
0.0016325312813052658 0.0010211117894043742
0.0020049758411724438 0.001058059038122398
0.0020741026318282663 0.0012522704902521887
0.0023832863702554167 0.0013308135829226129
0.0023832863702554167 0.0014423436169147333
0.0024164852375754757 0.0014560569673568247
0.002421213663664798 0.0015903091203949588
0.0025205741352214927 0.0017289366029842313
0.0032574960473634807 0.00178295720389851
0.0032574960473634807 0.001819936776543289
0.0032574960473634807 0.0019732209325817956
0.0038065242724827156 0.00203287696120082
0.003819242768112644 0.0021873399026757835
0.003819242768112644 0.002215952767602414
0.003819242768112644 0.0021973351204877182
0.003819242768112644 0.002355630996074935
0.0044181519471939955 0.0025759841528930788
0.0044181519471939955 0.002576330692603751
0.0044181519471939955 0.0027298209081574694
0.0044181519471939955 0.002922711119946426
0.0044181519471939955 0.002909250816527839
0.0044181519471939955 0.00304632127898323
0.0044181519471939955 0.0031214597353891368
0.0044181519471939955 0.003428677466429883
0.0044181519471939955 0.003309740272203583
0.0044181519471939955 0.0035959272569377155
0.0044181519471939955 0.003684625031898048
0.0044181519471939955 0.0037578749947802985
0.0044181519471939955 0.003759606816038258
0.0044181519471939955 0.003719778403496481
0.0044181519471939955 0.0036059301965541387
0.0044181519471939955 0.0035607008184909343
0.0044181519471939955 0.0036604624259295167
0.0044181519471939955 0.0037012020763670167
0.004538531168597787 0.0038373104821212718
0.004538531168597787 0.003629018055463025
0.004538531168597787 0.003685700633045505
0.004538531168597787 0.003480387516860918
0.004538531168597787 0.003435631571943077
0.00546724784035294 0.0036919589456550477
0.00546724784035294 0.003468312884467144
0.00546724784035294 0.0032505866016743546
0.00546724784035294 0.0033524656549990344
0.00546724784035294 0.003533444456051753
0.00546724784035294 0.003470101022319211
0.007748653358015065 0.003763161889280678
0.007748653358015065 0.0037135749417414824
0.007748653358015065 0.0041194929795078375
0.007748653358015065 0.004840499183502859
0.007748653358015065 0.00524689066958
0.007748653358015065 0.006111754611075803
0.007748653358015065 0.006731424642564868
0.007748653358015065 0.00690428151383566
0.007748653358015065 0.0067422987299006545
0.007748653358015065 0.007053833968941197
0.007748653358015065 0.0066999763191978
0.007748653358015065 0.006910420166138
0.007748653358015065 0.006869217919569381
0.007748653358015065 0.007186584101733186
0.007748653358015065 0.006825498114916925
0.007748653358015065 0.007137631607861738
0.007748653358015065 0.006968456341856611
0.007748653358015065 0.006516000207746969
0.007748653358015065 0.007008754288243834
0.007748653358015065 0.006683817050930545
0.007748653358015065 0.0071130191891483185
0.007748653358015065 0.0070881060199169356
0.007748653358015065 0.0067678272754232585
0.007748653358015065 0.0070189780854535855
0.007748653358015065 0.00645254900320204
0.007748653358015065 0.006594603856834885
0.007748653358015065 0.006615571656511894
0.007748653358015065 0.0065239877028386165
0.007748653358015065 0.007080176243757652
0.007748653358015065 0.006608958101808171
0.007748653358015065 0.006859971691508552
0.007748653358015065 0.0069317167512528526
0.00823597936950515 0.007001639716092866
0.00823597936950515 0.006993703053409439
0.00823597936950515 0.006698659117467131
0.00823597936950515 0.006905122223503183
0.00823597936950515 0.006812759607337394
0.00823597936950515 0.007189580294800299
0.00823597936950515 0.006947156556555602
0.00823597936950515 0.006703855948046887
0.00823597936950515 0.007194393457907254
0.00823597936950515 0.007165539287323561
0.00823597936950515 0.007185201995190064
0.00823597936950515 0.007547378983291898
0.00823597936950515 0.00758851634628486
0.00823597936950515 0.00745639305395012
0.00823597936950515 0.007249759690143856
0.00846357474989136 0.007242028501469195
0.00846357474989136 0.007383628216754236
0.00846357474989136 0.007510041331967408
0.00846357474989136 0.0072580007087363375
0.00846357474989136 0.0075157988455927935
0.00846357474989136 0.007390129962992923
0.00846357474989136 0.007227426823883851
0.00846357474989136 0.007256254648908567
0.00846357474989136 0.007601416318015138
0.00846357474989136 0.007484546295261032
0.00846357474989136 0.007548632457831509
0.00846357474989136 0.0075069992863360056
0.00846357474989136 0.007393790047742786
0.00846357474989136 0.007665616242194962
0.00846357474989136 0.007531700794744768
0.00846357474989136 0.007543190545214251
0.00846357474989136 0.007473136776210325
0.00846357474989136 0.0073951497343143794
0.00846357474989136 0.007486939343991599
0.00846357474989136 0.0075145985092493215
0.00846357474989136 0.007705675895807801
0.00846357474989136 0.007773765328030843
0.00846357474989136 0.007575130116463178
0.00846357474989136 0.007226757469786063
0.00846357474989136 0.007586228653884816
0.00846357474989136 0.007643198834510185
0.00846357474989136 0.0077974600144492656
0.00846357474989136 0.007631985133994853
0.00846357474989136 0.008095769307835902
0.00846357474989136 0.007417767680995245
0.00846357474989136 0.0076969116569103905
0.00846357474989136 0.007696273651168523
0.00846357474989136 0.0074470176361488664
0.00846357474989136 0.007660253760540623
0.00846357474989136 0.007537501462144693
0.00846357474989136 0.00740699185531678
0.00846357474989136 0.007526487793402708
0.00846357474989136 0.007535667339849275
0.00846357474989136 0.007815186168534025
0.00846357474989136 0.007367345414100801
0.00846357474989136 0.007549397249066416
0.00846357474989136 0.007626209580851223
0.00846357474989136 0.007361916221887876
0.00846357474989136 0.007770851946148053
0.00846357474989136 0.007848418840101961
0.00846357474989136 0.007535338319421956
0.00846357474989136 0.0075875395772990566
0.00846357474989136 0.007442183725291113
0.00846357474989136 0.007564794357956062
0.00846357474989136 0.00687227811101492
0.00846357474989136 0.007417955432961246
0.00846357474989136 0.007611297581110182
0.00846357474989136 0.007306508669905416
0.00846357474989136 0.007646743041883483
0.00846357474989136 0.007703852312855684
0.00846357474989136 0.007328613793519576
0.00846357474989136 0.007624759324912229
0.00846357474989136 0.007668305407939804
0.00846357474989136 0.007696374227897056
0.00846357474989136 0.007519329219322247
0.00846357474989136 0.0075402722707912625
0.00846357474989136 0.0076922592464708055
0.00846357474989136 0.007444345468651894
0.00846357474989136 0.007891356288704927
0.00846357474989136 0.007779167149804209
0.00846357474989136 0.00766004617810567
0.00846357474989136 0.007616920189251669
0.00846357474989136 0.007796773647081822
0.00846357474989136 0.007692024531183826
0.00846357474989136 0.007516960609938939
0.00846357474989136 0.007403190738112363
0.00846357474989136 0.007536950006035285
0.00846357474989136 0.007447788026252754
0.00846357474989136 0.007438092626039724
0.00846357474989136 0.007593829319091012
0.00846357474989136 0.007744451890676917
0.00846357474989136 0.007404873009125294
0.00846357474989136 0.007518874962038108
0.00846357474989136 0.0076328174019644635
0.00846357474989136 0.007379107103258123
0.00846357474989136 0.007519395664955333
0.00846357474989136 0.007442932727676044
0.00846357474989136 0.0074838865138093106
0.00846357474989136 0.0074326769330038
0.00846357474989136 0.00774219619354795
0.00846357474989136 0.007611771133415228
0.00846357474989136 0.007368041266855671
0.00846357474989136 0.007333328639781849
0.00846357474989136 0.0078897961549176
0.00846357474989136 0.00763402347399944
0.00846357474989136 0.00746422921280642
0.00846357474989136 0.0075796770219459944
