8.515769265708564E-4 3.23745657709246E-4
9.758727075896282E-4 3.853182059018223E-4
9.758727075896282E-4 4.5051406799442325E-4
0.0011043109213238315 5.562421877345509E-4
0.0012913137296571865 6.578441795298915E-4
0.0012913137296571865 7.491228157697283E-4
0.0012913137296571865 8.182261605834719E-4
0.0015292502359649544 8.936294840164128E-4
0.001567967474832595 9.031920851011102E-4
0.001567967474832595 9.348099808085062E-4
0.001939319484884968 0.0010427471823004047
0.001939319484884968 0.0011063205027032881
0.001997568884382077 0.0011139549105073498
0.0023774179326819665 0.0011708993220643348
0.0024425513530736344 0.0012581589419446504
0.0024425513530736344 0.0012780003590712886
0.002595680206527428 0.0013745849785271721
0.002595680206527428 0.0014825978131027164
0.002595680206527428 0.0015263876617774336
0.0027024877580809803 0.0015088889217283778
0.0027024877580809803 0.0015435739454636385
0.0027024877580809803 0.0018109064656479108
0.002976861475375496 0.0019241862466345596
0.004424807638434732 0.0020408056939056445
0.004424807638434732 0.0021582571374765343
0.004424807638434732 0.0022439946620322116
0.004485903886194544 0.0025836784228258037
0.004485903886194544 0.0027266949824138777
0.005468283130250447 0.0028303480329287777
0.005468283130250447 0.0030940556023826187
0.005468283130250447 0.0032400608048090674
0.005468283130250447 0.0035929029375888714
0.005468283130250447 0.0037684104316218336
0.005468283130250447 0.003935148275834155
0.005468283130250447 0.00421832027096266
0.005468283130250447 0.0042796862706597286
0.005468283130250447 0.004679764228723191
0.005468283130250447 0.00430852449390704
0.005468283130250447 0.004674681561672592
0.005468283130250447 0.004305947927416055
0.005468283130250447 0.004746565018505327
0.005468283130250447 0.0048897984334049915
0.005468283130250447 0.004616448448715529
0.005468283130250447 0.004555846461445844
0.005468283130250447 0.004739500845410432
0.005468283130250447 0.004723564871233089
0.005468283130250447 0.004581666898292499
0.005468283130250447 0.004915674215913568
0.005468283130250447 0.004818572526386064
0.005468283130250447 0.004677332983250342
0.005468283130250447 0.004710338566158
0.005468283130250447 0.0047764275914833594
0.005468283130250447 0.004661119074002299
0.005468283130250447 0.004671420755806907
0.005468283130250447 0.004515151691259035
0.005468283130250447 0.004732321101003622
0.009502525103625805 0.004928042537235169
0.009502525103625805 0.004930315452918356
0.009502525103625805 0.005529881253387703
0.009502525103625805 0.007573470611960969
0.009502525103625805 0.00818501400179893
0.009502525103625805 0.008024119688046557
0.009502525103625805 0.008910894228352067
0.009502525103625805 0.008864760383864783
0.009502525103625805 0.008724570005235351
0.009502525103625805 0.00863149015701777
0.009502525103625805 0.008635269458157284
0.009502525103625805 0.008276514300583144
0.009502525103625805 0.00866255355483498
0.009502525103625805 0.008811081078758014
0.009502525103625805 0.008639602840138637
0.009502525103625805 0.008707444249360074
0.009502525103625805 0.008451148549421729
0.009502525103625805 0.008500880345738728
0.009502525103625805 0.008481334546178478
0.009502525103625805 0.00817645944750625
0.009502525103625805 0.008729929629018814
0.009502525103625805 0.008364053922068541
0.009502525103625805 0.008336037800700618
0.009502525103625805 0.00873390584424076
0.009502525103625805 0.008662509707861494
0.009502525103625805 0.009064609174769233
0.009502525103625805 0.008855280705104884
0.009502525103625805 0.008540747963836566
0.009502525103625805 0.008899276528103097
0.009502525103625805 0.008413563575144436
0.009502525103625805 0.008099893240075685
0.009502525103625805 0.008347505821305308
0.009502525103625805 0.008112510789602534
0.009502525103625805 0.008756673042334972
0.009502525103625805 0.008521020794131383
0.009502525103625805 0.008735788475432616
0.009502525103625805 0.008656136314347907
0.009502525103625805 0.008335476174605285
0.009502525103625805 0.00847061050653769
0.009502525103625805 0.008796951299812618
0.009502525103625805 0.00828602316811705
0.009502525103625805 0.008818692383109365
0.009502525103625805 0.008990588723442992
0.009502525103625805 0.008577109476328643
0.009502525103625805 0.008641302602592282
0.009502525103625805 0.008721861864023895
0.009502525103625805 0.008771090481219195
0.009502525103625805 0.008726505873724337
0.009502525103625805 0.008364564414630113
0.009502525103625805 0.0087048540597275
0.009502525103625805 0.008811996726882966
0.009502525103625805 0.008678179642533443
0.009502525103625805 0.008521059092491767
0.009502525103625805 0.00844686636899585
0.009502525103625805 0.008299097399630027
0.009502525103625805 0.008470363852642177
0.009502525103625805 0.008656603142240038
0.009502525103625805 0.00820013037882372
0.009502525103625805 0.00858365743178854
0.009502525103625805 0.008217082195990629
0.009502525103625805 0.008428588803738164
0.009502525103625805 0.008528981521211614
0.009502525103625805 0.008904688344813571
0.009502525103625805 0.00901905858280849
0.009502525103625805 0.008503572162328525
0.009502525103625805 0.008926652137030902
0.009502525103625805 0.008389113472166638
0.009502525103625805 0.008509541400593137
0.009502525103625805 0.008499121795588604
0.009502525103625805 0.008357955399006406
0.009502525103625805 0.008788033923411704
0.009502525103625805 0.008561003939675316
0.009502525103625805 0.008715777606651405
0.009502525103625805 0.008893841337030348
0.009502525103625805 0.008885036232116578
0.009502525103625805 0.008542130900952622
0.009502525103625805 0.008586496687470795
0.009502525103625805 0.008502552667827868
0.009502525103625805 0.008486507961502467
0.009502525103625805 0.008667295843604235
0.009502525103625805 0.008528523204393512
0.009502525103625805 0.008766172830481464
0.009502525103625805 0.008549741985574037
0.009502525103625805 0.008595127799391205
0.009502525103625805 0.008391200957021188
0.009502525103625805 0.008768996489159119
0.009502525103625805 0.008900912830994846
0.009502525103625805 0.008793782946523153
0.009502525103625805 0.008440197275194709
0.009502525103625805 0.008827210824380094
0.009502525103625805 0.008752946166590775
0.009502525103625805 0.008487668277742092
0.009502525103625805 0.008492162296745686
0.009502525103625805 0.008685349582970407
0.009502525103625805 0.008415212268769259
0.009502525103625805 0.008547350222704576
0.009502525103625805 0.008263671892916817
0.009502525103625805 0.008660741971108466
0.009502525103625805 0.008473250287430246
0.009502525103625805 0.008726582147854618
0.009502525103625805 0.009020421792351154
0.009502525103625805 0.008826954034918184
0.009502525103625805 0.008644092072784377
0.009502525103625805 0.0088926046149685
0.009502525103625805 0.008110150006394536
0.009502525103625805 0.008840986753181556
0.009502525103625805 0.008820556412244473
0.009502525103625805 0.008647581346945338
0.009502525103625805 0.008827096577160142
0.009502525103625805 0.008472288106624776
0.009502525103625805 0.008472360858671715
0.009502525103625805 0.008730288405647456
0.009502525103625805 0.00787885466243471
0.009502525103625805 0.00857470473599884
0.009502525103625805 0.00825049454718689
0.009502525103625805 0.008359571481231128
0.009502525103625805 0.00857111544783022
0.009502525103625805 0.008241538740859332
0.009502525103625805 0.008557309649424763
0.009502525103625805 0.00858241149045764
0.009502525103625805 0.00851487702778798
0.009502525103625805 0.008618160589342937
0.009502525103625805 0.008460858942458899
0.009502525103625805 0.008497795176888843
0.009502525103625805 0.008280312427578328
0.009502525103625805 0.008586881318545628
0.009502525103625805 0.008071310115496685
0.009502525103625805 0.00855559050118702
0.009502525103625805 0.007968088940811982
0.009502525103625805 0.00842127711728635
0.009502525103625805 0.008783663857865592
0.009502525103625805 0.008800317607741269
0.009502525103625805 0.008321683028710813
0.009502525103625805 0.008000733944560212
0.009502525103625805 0.008512701196183638
0.009502525103625805 0.008128278931297517
0.009502525103625805 0.008574541213932729
0.009502525103625805 0.008712366676310274
0.009502525103625805 0.008754900912479876
0.009502525103625805 0.008549914273118011
0.009502525103625805 0.008623452518289451
0.009502525103625805 0.008658124296480527
0.009502525103625805 0.008755359140698521
0.009502525103625805 0.008506217958495252
