5932.0 11052.815
5965.0 10047.735
4552.0 9188.945
4552.0 8558.84
3155.0 8227.04
2665.0 7514.495
2665.0 7353.415
2607.0 6686.97
2607.0 6100.7
2101.0 4769.695
1564.0 3794.14
1529.0 3431.35
1529.0 2870.015
1529.0 2934.355
1140.0 2785.85
1172.0 2592.78
1172.0 2411.74
911.0 2154.62
911.0 2135.18
911.0 2099.44
911.0 1920.195
702.0 2048.295
702.0 1793.395
573.0 1711.64
573.0 1496.895
517.0 1293.61
517.0 1267.19
517.0 1167.87
517.0 1076.905
517.0 1025.435
517.0 844.83
517.0 1022.67
517.0 812.22
517.0 798.125
517.0 799.585
517.0 748.795
517.0 698.77
517.0 843.14
517.0 923.72
517.0 842.965
517.0 787.58
517.0 876.34
517.0 794.62
517.0 877.995
517.0 754.855
517.0 867.175
517.0 793.545
517.0 873.36
517.0 877.29
517.0 892.035
517.0 974.235
517.0 827.415
517.0 886.1
517.0 866.475
517.0 893.745
517.0 888.15
517.0 825.465
517.0 865.01
517.0 756.02
517.0 806.515
517.0 828.195
517.0 838.415
517.0 900.025
517.0 748.375
517.0 910.39
517.0 830.545
517.0 940.675
517.0 839.405
517.0 857.335
517.0 846.73
517.0 737.39
517.0 870.16
517.0 688.775
517.0 795.565
517.0 901.32
517.0 829.26
517.0 835.32
517.0 849.36
517.0 758.44
517.0 763.795
517.0 835.345
517.0 742.895
517.0 750.525
517.0 846.67
517.0 853.445
517.0 914.44
517.0 900.885
517.0 858.6
517.0 893.635
517.0 1015.62
517.0 867.195
517.0 816.575
517.0 909.645
517.0 904.145
517.0 915.53
517.0 724.565
517.0 793.095
517.0 744.85
517.0 712.26
517.0 820.15
517.0 817.82
517.0 825.0
517.0 773.42
517.0 849.66
517.0 774.665
517.0 787.87
517.0 701.49
517.0 822.03
368.0 713.695
368.0 702.26
368.0 739.21
368.0 615.95
368.0 740.485
368.0 717.125
368.0 731.475
368.0 707.795
368.0 727.245
368.0 762.365
368.0 684.28
368.0 720.155
368.0 782.715
368.0 651.715
368.0 656.49
368.0 508.76
368.0 609.31
368.0 706.915
368.0 551.925
368.0 676.755
368.0 648.255
368.0 675.18
368.0 619.335
368.0 603.32
368.0 718.12
368.0 734.015
368.0 659.89
368.0 693.48
339.0 695.145
339.0 655.925
339.0 598.375
339.0 651.535
339.0 630.66
339.0 574.65
339.0 608.435
339.0 550.515
339.0 601.53
339.0 597.56
339.0 509.545
339.0 594.895
339.0 670.02
339.0 568.1
339.0 597.325
339.0 628.075
339.0 553.16
339.0 637.925
339.0 570.235
339.0 703.985
339.0 784.735
339.0 592.945
339.0 603.085
339.0 585.975
339.0 634.95
339.0 521.285
339.0 578.005
339.0 634.265
339.0 607.485
339.0 563.82
339.0 707.4
339.0 682.195
339.0 706.97
339.0 498.2
339.0 497.2
339.0 711.085
339.0 650.04
339.0 582.56
339.0 604.79
339.0 492.225
339.0 540.52
339.0 527.225
339.0 558.41
339.0 697.045
339.0 553.885
339.0 708.99
339.0 605.79
339.0 592.295
339.0 758.075
339.0 707.005
339.0 667.43
339.0 595.365
339.0 601.81
339.0 535.355
339.0 593.685
339.0 538.875
339.0 605.525
339.0 556.925
339.0 709.915
339.0 542.595
339.0 556.93
339.0 698.16
339.0 559.085
339.0 594.17
