5.426256466148532E-4 3.132592212129442E-4
6.59028035391705E-4 3.617871436444605E-4
6.871362769917456E-4 4.0989745283536035E-4
7.986166453111878E-4 4.5718934813256714E-4
7.986166453111878E-4 4.915999400239559E-4
9.596267117900727E-4 5.510237554068647E-4
9.596267117900727E-4 5.709163593458739E-4
0.001185983846641042 6.206495360979881E-4
0.0012345039292088144 7.13464827813646E-4
0.001296618603685875 8.086170763117848E-4
0.001296618603685875 8.620725149305674E-4
0.001304519471699226 9.227458974109233E-4
0.0013870015368514146 9.856661321451657E-4
0.0015509114593295784 0.0010203783355592145
0.001588577996701581 0.001053122490742634
0.001588577996701581 0.001144613220362904
0.0016834110353010012 0.0011757526472930809
0.0022947881566566263 0.0012533721792854682
0.002855775520558374 0.0013219571001195911
0.002855775520558374 0.0014366265388132346
0.002855775520558374 0.0014660408766152655
0.002855775520558374 0.0016784331385659792
0.003171814489508462 0.0019280141033056893
0.003171814489508462 0.0020928115430447706
0.003773271486845999 0.002389397204521305
0.003773271486845999 0.00252048027897667
0.003773271486845999 0.0024609232225793758
0.003773271486845999 0.00274581847430316
0.003773271486845999 0.0029744217779651416
0.003773271486845999 0.0029529962082121856
0.003773271486845999 0.0031467319973417333
0.003773271486845999 0.0032424144016122546
0.003773271486845999 0.0033795816522884437
0.003773271486845999 0.003443753033483396
0.004221075426695027 0.003540795752292606
0.004221075426695027 0.0034926325055522466
0.004221075426695027 0.003507031367949096
0.004221075426695027 0.0036203123839835343
0.004221075426695027 0.0034635670545750557
0.004341856831262026 0.003604865913225863
0.004341856831262026 0.0036997118954436455
0.004341856831262026 0.003690696362260716
0.004709338222005693 0.003896427392225699
0.004709338222005693 0.0038143424141907434
0.004709338222005693 0.003895930873895547
0.004709338222005693 0.003804902671971363
0.005681634764234991 0.004052182543575814
0.005681634764234991 0.004203265919369648
0.005681634764234991 0.004046408806225751
0.005681634764234991 0.004035094659474981
0.005681634764234991 0.004098629858200277
0.005681634764234991 0.004441850230585045
0.005681634764234991 0.004739513406155024
0.005681634764234991 0.004889549065015029
0.005681634764234991 0.004779589312944147
0.005681634764234991 0.004826142367541275
0.005681634764234991 0.005196354648295386
0.005681634764234991 0.005290431303496259
0.006094112890231863 0.005437140553810073
0.006094112890231863 0.00542978939995019
0.006094112890231863 0.005305277902743636
0.006094112890231863 0.005407022275935886
0.006094112890231863 0.0055363819565032914
0.006094112890231863 0.005580574382839062
0.006094112890231863 0.005500649016694284
0.006094112890231863 0.005586280602899658
0.006094112890231863 0.005389769286554508
0.006094112890231863 0.005526422047521453
0.006094112890231863 0.005815485825372386
0.006094112890231863 0.00548592761094274
0.006094112890231863 0.005793422934817129
0.006094112890231863 0.005675984643087551
0.006094112890231863 0.005756491652004781
0.006094112890231863 0.0057165679555446925
0.006094112890231863 0.0058384459045368094
0.006094112890231863 0.005662853742190266
0.006094112890231863 0.005719349836055381
0.006094112890231863 0.005655811467919202
0.006094112890231863 0.005859646413590098
0.006094112890231863 0.005711895379352384
0.006094112890231863 0.005785255702503964
0.006094112890231863 0.0057544831986348745
0.006094112890231863 0.005986592838581325
0.006094112890231863 0.005760317642644567
0.006094112890231863 0.005805209961595254
0.006094112890231863 0.005813861536502236
0.006094112890231863 0.005870469202912102
0.006094112890231863 0.005905136257475745
0.006094112890231863 0.005755723254403575
0.006094112890231863 0.005747186200029685
0.006094112890231863 0.0057716252921992
0.006094112890231863 0.005737546816871005
0.006094112890231863 0.005607983063203692
0.006094112890231863 0.005724860059788954
0.006094112890231863 0.0058465636108349485
0.006094112890231863 0.00589804684303492
0.006094112890231863 0.005817767357703704
0.006094112890231863 0.005642953860049555
0.006094112890231863 0.0059853531952611325
0.006094112890231863 0.005874274453056926
0.006094112890231863 0.005781374462299002
0.006094112890231863 0.005760025299594243
0.006094112890231863 0.00589273093991237
0.006094112890231863 0.00569933998362895
0.006094112890231863 0.005893283321637407
0.006094112890231863 0.005704959064996296
0.010504160471483231 0.0057891720678830486
0.010504160471483231 0.005941545682076968
0.010504160471483231 0.006292562318152022
0.010504160471483231 0.007607408870313309
0.010504160471483231 0.009215742998446427
0.010504160471483231 0.010062059983322536
0.010504160471483231 0.010104103391906307
0.010504160471483231 0.0102788346358174
0.010504160471483231 0.010325619840427751
0.010504160471483231 0.010143064600841903
0.010504160471483231 0.010192424134827216
0.010504160471483231 0.010184573083364325
0.010504160471483231 0.01033372544171573
0.010504160471483231 0.010204504186231877
0.010504160471483231 0.010319972081153499
0.010504160471483231 0.010104409659142983
0.010504160471483231 0.010412829921489923
0.010504160471483231 0.010279594872719582
0.010504160471483231 0.01004945301015891
0.010504160471483231 0.009934919365123293
0.010504160471483231 0.010108576718138917
0.010504160471483231 0.010362271994776238
0.010504160471483231 0.00994994355921492
0.010504160471483231 0.010233766206540651
0.010504160471483231 0.010130121577117672
0.010504160471483231 0.009869775625450047
0.010504160471483231 0.010186190888993212
0.010504160471483231 0.010100834357533972
0.010504160471483231 0.01027541890409205
0.010504160471483231 0.009996359773876034
0.010504160471483231 0.010094922303018877
0.010504160471483231 0.010409734479167692
0.010504160471483231 0.010139457042120206
0.010504160471483231 0.010277406856806552
0.010504160471483231 0.010274367725283687
0.010504160471483231 0.010205831366527536
0.010504160471483231 0.01027716406790789
0.010504160471483231 0.010245591528615938
0.010504160471483231 0.010190107013346501
0.010504160471483231 0.010191461912862137
0.010504160471483231 0.009772312540271276
0.010504160471483231 0.010046073264186517
0.010504160471483231 0.010058890600348645
0.010504160471483231 0.010121110099610794
0.010504160471483231 0.010060551057736438
0.010504160471483231 0.010237979653142208
0.010504160471483231 0.010368666523487679
0.010504160471483231 0.010173581156238605
0.010504160471483231 0.010281688493385534
0.010504160471483231 0.010181757905510534
0.010504160471483231 0.010145935249595126
0.010504160471483231 0.010092036380461925
0.010504160471483231 0.010376347412207675
0.010504160471483231 0.010273898785798324
0.010504160471483231 0.010114374994149855
0.010504160471483231 0.01005873444484855
0.010504160471483231 0.010319112758908596
0.010504160471483231 0.01028601986864279
0.010504160471483231 0.010059108836118841
0.010504160471483231 0.010331222508069147
0.010504160471483231 0.010184085114000384
0.010504160471483231 0.00995831816806542
0.010504160471483231 0.01028076714264242
0.010504160471483231 0.010194977255344732
0.010504160471483231 0.009914727464112571
0.010504160471483231 0.01005382706249144
0.010504160471483231 0.010090876294410318
0.010504160471483231 0.010227637255907482
0.010504160471483231 0.010146558903693204
0.010504160471483231 0.010185482994483295
0.010504160471483231 0.010323691825739533
0.010504160471483231 0.01023059999556694
0.010504160471483231 0.010294824999360757
0.010504160471483231 0.009890388150363161
0.010504160471483231 0.010211573103430538
0.010504160471483231 0.010183384600903038
0.010504160471483231 0.010118597319029105
0.010504160471483231 0.010146973608883957
0.010504160471483231 0.009940350730587195
0.010504160471483231 0.010361078491726032
0.010504160471483231 0.010107546655541618
0.010504160471483231 0.010085042225426081
0.010504160471483231 0.010254431443726343
0.010504160471483231 0.010115068085390285
0.010504160471483231 0.010221342654759592
0.010504160471483231 0.010191908677767949
0.010504160471483231 0.010002817123778198
0.010504160471483231 0.010231890284730727
0.010504160471483231 0.01006456431120275
0.010504160471483231 0.010186735958123938
0.010504160471483231 0.010227712171763086
0.010504160471483231 0.010005259281331447
0.010504160471483231 0.010081192235228138
0.010504160471483231 0.010247118888076258
