5346.0 11079.74
4970.0 10269.145
4970.0 9003.695
4970.0 8322.55
3440.0 7126.55
3440.0 5908.12
2888.0 5247.88
1866.0 5439.535
1866.0 5099.48
1866.0 5002.29
1866.0 4676.075
1487.0 4425.33
1487.0 4051.95
1156.0 3670.895
1156.0 3473.695
1156.0 2754.97
1156.0 2424.275
1156.0 2228.51
1156.0 2108.775
1156.0 1955.265
913.0 1905.075
913.0 1718.965
972.0 1740.82
972.0 1568.255
972.0 1608.695
811.0 1483.48
673.0 1430.43
673.0 1396.99
673.0 1405.75
673.0 1243.125
664.0 1244.445
664.0 1098.315
664.0 1189.57
664.0 961.355
664.0 1017.645
664.0 992.08
639.0 942.905
639.0 1038.31
639.0 985.865
630.0 1041.965
630.0 1133.185
630.0 1031.98
472.0 967.38
472.0 927.765
472.0 878.305
472.0 1011.935
472.0 948.035
472.0 908.25
472.0 807.195
472.0 802.9
472.0 726.92
472.0 728.285
472.0 726.21
472.0 676.74
472.0 839.385
472.0 782.92
472.0 697.905
472.0 641.805
472.0 754.215
350.0 789.695
350.0 644.255
350.0 638.675
350.0 795.84
350.0 689.84
350.0 733.4
350.0 599.66
350.0 594.76
350.0 628.945
350.0 649.515
350.0 617.22
350.0 552.285
350.0 494.62
350.0 589.69
350.0 499.27
350.0 536.74
350.0 549.21
350.0 493.4
350.0 453.495
350.0 630.03
350.0 536.495
350.0 500.975
350.0 568.44
350.0 542.405
350.0 457.005
350.0 485.345
350.0 530.865
350.0 470.58
350.0 576.545
350.0 505.08
350.0 579.455
350.0 585.415
350.0 657.73
350.0 540.72
350.0 578.915
350.0 460.465
350.0 609.265
350.0 630.99
350.0 656.725
350.0 503.875
350.0 488.655
350.0 634.87
350.0 574.245
350.0 713.04
350.0 607.33
350.0 713.18
350.0 475.94
350.0 666.77
350.0 621.685
350.0 441.77
350.0 559.935
350.0 640.795
350.0 496.43
350.0 578.115
350.0 493.3
350.0 592.285
350.0 573.18
350.0 487.83
350.0 646.33
350.0 623.59
350.0 655.0
350.0 574.86
350.0 574.435
350.0 574.605
350.0 596.415
350.0 485.55
350.0 460.215
350.0 591.02
350.0 502.75
350.0 566.14
350.0 512.18
350.0 585.145
350.0 665.285
350.0 645.305
350.0 528.195
350.0 492.24
350.0 514.7
350.0 546.9
350.0 534.435
350.0 531.96
350.0 504.03
350.0 515.43
350.0 470.22
350.0 479.31
350.0 621.65
350.0 561.315
350.0 527.465
350.0 538.195
350.0 539.21
350.0 577.875
350.0 575.535
350.0 563.215
350.0 584.065
350.0 521.18
350.0 544.02
350.0 506.21
350.0 591.92
350.0 617.58
350.0 545.75
350.0 648.685
350.0 493.335
350.0 472.765
350.0 587.385
350.0 558.81
350.0 551.64
350.0 503.7
350.0 588.795
350.0 616.275
350.0 555.07
350.0 465.62
350.0 592.665
350.0 554.66
350.0 541.45
350.0 534.165
350.0 477.96
350.0 581.04
350.0 523.21
350.0 654.48
350.0 544.665
350.0 635.285
350.0 455.485
350.0 509.725
350.0 495.365
350.0 481.92
350.0 531.09
350.0 609.71
350.0 557.63
350.0 553.74
350.0 544.915
350.0 586.245
350.0 527.535
350.0 619.66
350.0 443.565
350.0 561.18
350.0 582.77
350.0 509.265
350.0 493.145
350.0 491.06
350.0 524.135
350.0 597.51
350.0 491.005
