5.562067520679086E-4 2.9650766926536914E-4
6.692987654790235E-4 3.3891583875070823E-4
8.559016168527301E-4 3.743329927045065E-4
8.559016168527301E-4 4.4673560352602443E-4
8.559016168527301E-4 4.998860818636613E-4
9.20163408866752E-4 5.647705523701726E-4
9.90622789016459E-4 5.988086593883621E-4
0.0011852163144577719 7.245986378287014E-4
0.0012502715728515462 8.06575601219781E-4
0.0016443489037367318 8.595709279021177E-4
0.0017377314689085927 9.509573729981187E-4
0.0021558623417495394 0.0010898510128405452
0.0021558623417495394 0.0012895169026395635
0.0021558623417495394 0.0014085053369288292
0.002329222031588925 0.0015040649061920654
0.002329222031588925 0.0015215810542004615
0.002329222031588925 0.001635224266083879
0.002329222031588925 0.0017301974584988942
0.002473813107998953 0.0018834291987485454
0.003082949739291106 0.0019355057865049605
0.003082949739291106 0.0019445994669633647
0.003082949739291106 0.002056137238380805
0.0034035575937360588 0.0021458468224787104
0.0034035575937360588 0.0023953358202908987
0.0034035575937360588 0.0025488614853790316
0.0034035575937360588 0.002689340701376169
0.0034035575937360588 0.0027025505178632447
0.0034035575937360588 0.0028876916852281598
0.00359579394271545 0.002719153056493314
0.00359579394271545 0.0027062825248246603
0.00359579394271545 0.0028034378731800784
0.00359579394271545 0.002582323103241851
0.00359579394271545 0.0026808115363320816
0.00359579394271545 0.0027399238601955073
0.00359579394271545 0.0027785663916606966
0.004470119888882097 0.0028699749249147884
0.004470119888882097 0.00291949495128084
0.004470119888882097 0.002940306026323719
0.004470119888882097 0.002962016212633366
0.004470119888882097 0.002961899675271118
0.004470119888882097 0.0031388978566272703
0.004470119888882097 0.003228612219800546
0.004470119888882097 0.003256870135273999
0.004470119888882097 0.0033107702462196304
0.004470119888882097 0.0034591036667007587
0.004470119888882097 0.003643628468610495
0.004866476152060079 0.0041776362872847535
0.004866476152060079 0.004178849542862759
0.004866476152060079 0.004305432837476969
0.004866476152060079 0.004276201700122747
0.00584343642334009 0.004359175707987393
0.00584343642334009 0.004141175775170797
0.00584343642334009 0.004379740250479054
0.00584343642334009 0.004374824788872432
0.00584343642334009 0.0044276094510663075
0.00584343642334009 0.004360360671483744
0.00584343642334009 0.004385740332207995
0.00584343642334009 0.0043681495590485045
0.00584343642334009 0.004586391723270345
0.00584343642334009 0.004547000015059053
0.00584343642334009 0.004671252640745529
0.00584343642334009 0.004870556029311921
0.00584343642334009 0.004688560017510942
0.006138988488258704 0.0050712260814180544
0.006138988488258704 0.005151841978478875
0.006138988488258704 0.0053613974917674475
0.006138988488258704 0.005744711281806616
0.006138988488258704 0.005788163257332186
0.006138988488258704 0.005813722566409618
0.006138988488258704 0.005769935967212842
0.006138988488258704 0.005769031940420534
0.006138988488258704 0.005849065712532431
0.006138988488258704 0.005752672521166398
0.006138988488258704 0.005823728253624495
0.006138988488258704 0.005710179471495868
0.006138988488258704 0.005859846174031558
0.006138988488258704 0.005769180697760782
0.006138988488258704 0.005974319163596772
0.006138988488258704 0.005754828793948432
0.006138988488258704 0.0057394225150030585
0.006138988488258704 0.005924157671255481
0.006138988488258704 0.0058694442116672884
0.006138988488258704 0.005937887822059138
0.006138988488258704 0.005847631762541933
0.006138988488258704 0.005745841433884451
0.006138988488258704 0.005652455325815017
0.006424233258196736 0.005734968634802573
0.006424233258196736 0.0059343281475105515
0.006424233258196736 0.005864109823640901
0.006424233258196736 0.005901472417084208
0.006424233258196736 0.005914838527701102
0.006424233258196736 0.005884427478515999
0.006424233258196736 0.005618710186341793
0.006424233258196736 0.006029264818334411
0.006424233258196736 0.005798061482491195
0.006424233258196736 0.005993298492857913
0.006424233258196736 0.00602122416301337
0.006424233258196736 0.005892855846222824
0.006424233258196736 0.005994402954412654
0.006424233258196736 0.006204137854014938
0.006424233258196736 0.006095521987271035
0.006424233258196736 0.006143488055907831
0.006424233258196736 0.006062556254153275
0.006424233258196736 0.006349878032063362
0.006424233258196736 0.006105967091961201
0.006424233258196736 0.006117375324390055
0.006424233258196736 0.0062329506290551406
0.006424233258196736 0.0061893642522107654
0.006424233258196736 0.00609689645709731
0.006424233258196736 0.006295060266415225
0.006424233258196736 0.0062346998534938405
0.006424233258196736 0.006263244128609125
0.006424233258196736 0.006084894988035419
0.006424233258196736 0.0061809765018878545
0.006424233258196736 0.006101790986374062
0.006424233258196736 0.006084255140986213
0.006424233258196736 0.006108614570270925
0.006424233258196736 0.00618787377963275
0.006424233258196736 0.0060210852653051795
0.006424233258196736 0.0062035082348176306
0.006424233258196736 0.006245171579303691
0.006424233258196736 0.006204872671651088
0.006424233258196736 0.006340484313708431
0.006424233258196736 0.005989953995645519
0.006424233258196736 0.006088443834333434
0.006424233258196736 0.006110450518321515
0.006424233258196736 0.006291018026364697
0.006424233258196736 0.0060708958983316675
0.006424233258196736 0.006060819589534081
0.006424233258196736 0.005936122601551376
0.006424233258196736 0.006048573687886336
0.006424233258196736 0.006287421447003859
0.006424233258196736 0.006014704009960623
0.006424233258196736 0.0058609086856139395
0.006424233258196736 0.006083668781988979
0.006424233258196736 0.006008877521970498
0.006424233258196736 0.006140624319571104
0.006424233258196736 0.006122413129728688
0.006424233258196736 0.0060837494299003005
0.006424233258196736 0.0060838768706618675
0.006424233258196736 0.006025893944964104
0.006424233258196736 0.006118851256983253
0.006424233258196736 0.0061944954245819524
0.006424233258196736 0.006307777746421554
0.006424233258196736 0.006243370383837774
0.006424233258196736 0.006044070666959801
0.006424233258196736 0.006076579641068991
0.006424233258196736 0.005990959413187346
0.006424233258196736 0.006239816337444649
0.006424233258196736 0.006125788291839637
0.006424233258196736 0.005888437272800307
0.006424233258196736 0.006257772149848069
0.006424233258196736 0.006157391441684455
0.006424233258196736 0.006177828635163032
0.006424233258196736 0.006202357107253108
0.006424233258196736 0.006154378705158243
0.006424233258196736 0.006223141313755788
0.006424233258196736 0.006123523858989226
0.006424233258196736 0.006045055988102406
0.006424233258196736 0.0062346018456262975
0.006424233258196736 0.006142067078316946
0.006424233258196736 0.006180347735684783
0.006424233258196736 0.0062037416231057055
0.006424233258196736 0.006068041827276296
0.006424233258196736 0.006220993456822926
0.006424233258196736 0.006228382720460053
0.006424233258196736 0.006092405806574552
0.006424233258196736 0.0061683220233411835
0.006424233258196736 0.006207887267181
0.00743577206795778 0.006156223114295173
0.00743577206795778 0.0060960074081568795
0.00743577206795778 0.006022682969978701
0.00743577206795778 0.006146383406845762
0.00743577206795778 0.006134036228203879
0.00743577206795778 0.005981753276123185
0.00743577206795778 0.006062818844535759
0.00743577206795778 0.00590597806653285
0.00743577206795778 0.005981757121823001
0.00743577206795778 0.006047605755859467
0.00743577206795778 0.006251808616337779
0.00743577206795778 0.006426461456851074
0.00743577206795778 0.006510309671616834
0.00743577206795778 0.0067290622856627956
0.00743577206795778 0.006960148679829066
0.00743577206795778 0.00695335829680243
0.00743577206795778 0.006655714123486981
0.00743577206795778 0.006769010651515976
0.00743577206795778 0.007152257873967119
0.00743577206795778 0.007008060341582721
0.00743577206795778 0.0070649521344287505
0.00743577206795778 0.007139519912056638
0.00743577206795778 0.007102253433086491
0.00743577206795778 0.007123010730943185
0.00743577206795778 0.007152487404075404
0.00743577206795778 0.007327129526945629
0.00743577206795778 0.007190434648323903
0.00743577206795778 0.0071502103918515214
0.00743577206795778 0.006998569909518771
0.00743577206795778 0.007194558266975767
0.00743577206795778 0.007123391871456712
