5063.0 11207.715
5063.0 9578.32
4379.0 9528.79
3900.0 8514.265
2815.0 6960.17
2815.0 6180.285
1661.0 5060.95
1661.0 4614.525
1661.0 3986.245
1461.0 3950.32
1730.0 3464.07
1538.0 3503.8
1538.0 3531.375
1293.0 3199.995
1293.0 2867.03
936.0 2951.6
758.0 2470.57
758.0 2378.785
758.0 2199.125
758.0 1946.545
758.0 1698.055
742.0 1398.35
742.0 1113.21
742.0 1188.23
742.0 1119.49
742.0 1320.615
742.0 1293.365
742.0 1221.085
742.0 1235.625
742.0 1180.31
742.0 1332.705
742.0 1205.845
746.0 1114.74
746.0 1114.005
746.0 1195.955
746.0 1095.92
746.0 1171.645
746.0 1110.945
746.0 1197.78
746.0 1298.35
746.0 1418.995
473.0 1264.24
473.0 1204.58
473.0 1259.665
473.0 1095.65
473.0 1130.285
473.0 1114.405
473.0 918.83
473.0 874.555
473.0 951.315
473.0 823.385
473.0 858.67
473.0 949.19
473.0 736.17
473.0 759.345
395.0 676.85
395.0 780.605
395.0 990.185
395.0 891.84
395.0 850.43
395.0 906.1
395.0 867.92
395.0 839.61
395.0 824.775
395.0 723.605
395.0 831.115
395.0 686.21
395.0 708.24
395.0 663.02
395.0 616.85
395.0 627.235
395.0 672.69
395.0 723.875
371.0 529.075
371.0 640.91
371.0 646.42
371.0 780.835
371.0 690.07
371.0 738.735
371.0 896.97
371.0 676.66
371.0 828.795
371.0 902.225
371.0 751.13
371.0 538.26
371.0 581.39
371.0 660.06
371.0 807.125
371.0 622.685
371.0 715.205
371.0 827.595
371.0 757.14
371.0 664.28
371.0 773.375
371.0 827.655
371.0 768.685
371.0 795.845
371.0 515.32
371.0 671.055
371.0 556.82
371.0 701.035
371.0 742.755
371.0 590.68
371.0 725.2
371.0 741.87
371.0 747.5
371.0 715.435
371.0 685.58
371.0 778.925
371.0 783.675
371.0 775.795
371.0 583.19
371.0 657.25
371.0 555.54
371.0 810.835
371.0 733.085
371.0 671.635
371.0 656.695
371.0 557.755
371.0 675.185
371.0 633.785
371.0 738.995
371.0 606.495
371.0 670.345
371.0 750.985
371.0 827.195
371.0 682.665
371.0 777.13
371.0 755.235
371.0 636.34
371.0 734.21
371.0 720.51
371.0 655.15
371.0 728.52
371.0 731.4
371.0 770.165
371.0 693.5
371.0 723.105
371.0 529.02
371.0 633.98
371.0 699.15
371.0 709.94
371.0 734.635
371.0 681.31
371.0 878.815
371.0 839.36
371.0 644.245
371.0 772.64
371.0 660.745
371.0 714.805
371.0 644.62
371.0 689.365
371.0 726.03
371.0 730.13
371.0 790.065
371.0 750.395
371.0 704.535
371.0 613.43
371.0 729.095
371.0 729.415
371.0 618.505
371.0 675.26
371.0 818.37
371.0 663.79
371.0 658.985
371.0 606.68
371.0 708.81
371.0 770.42
371.0 697.355
371.0 679.8
371.0 674.015
371.0 650.875
371.0 600.95
371.0 810.475
371.0 655.19
371.0 749.875
371.0 721.56
371.0 654.33
371.0 698.195
371.0 598.615
371.0 635.93
371.0 681.525
371.0 638.2
371.0 797.16
371.0 683.74
371.0 644.48
371.0 752.415
371.0 644.6
371.0 627.6
371.0 749.995
371.0 666.09
371.0 727.26
371.0 673.68
371.0 720.59
371.0 698.305
371.0 665.17
327.0 701.8
327.0 752.3
327.0 637.555
327.0 671.36
