6944.0 10853.125
4606.0 9342.28
4606.0 8356.71
3871.0 7691.805
3871.0 7159.4
3507.0 6686.31
2939.0 6852.815
1518.0 5950.45
1976.0 5219.04
1518.0 4739.45
1292.0 3818.935
1292.0 2973.515
1217.0 2488.345
1120.0 2393.95
1120.0 2179.555
1120.0 2221.02
917.0 2156.73
720.0 1988.055
559.0 1928.56
559.0 1815.19
559.0 1566.795
559.0 1463.415
559.0 1326.92
559.0 1108.15
559.0 993.45
559.0 966.38
544.0 859.98
544.0 1046.755
544.0 989.26
544.0 1071.475
544.0 1180.155
544.0 1068.715
544.0 1187.17
544.0 1136.455
544.0 1183.48
544.0 767.535
544.0 830.345
544.0 891.35
392.0 900.06
392.0 966.8
392.0 898.95
392.0 834.3
392.0 1056.3
392.0 933.52
392.0 899.615
392.0 735.855
392.0 763.19
392.0 850.275
392.0 751.64
392.0 747.175
392.0 583.05
392.0 709.575
392.0 653.695
392.0 686.145
392.0 658.01
392.0 651.24
392.0 576.55
392.0 633.005
392.0 677.015
392.0 752.38
392.0 666.045
392.0 642.015
392.0 732.65
392.0 761.13
392.0 710.965
392.0 615.295
392.0 721.505
392.0 634.09
392.0 736.585
392.0 684.12
392.0 574.79
392.0 616.32
392.0 691.515
347.0 618.51
347.0 719.855
347.0 698.585
347.0 831.48
347.0 702.45
347.0 796.165
347.0 642.68
347.0 719.065
347.0 761.705
343.0 600.265
343.0 649.005
343.0 736.245
343.0 668.27
343.0 580.9
343.0 480.425
343.0 631.285
343.0 529.725
343.0 515.86
343.0 620.425
343.0 587.585
343.0 557.17
343.0 608.795
343.0 647.855
343.0 583.165
343.0 609.18
343.0 628.445
343.0 645.7
343.0 574.215
343.0 565.965
343.0 581.28
343.0 633.745
343.0 694.51
343.0 532.37
343.0 615.37
343.0 636.505
343.0 591.295
343.0 637.535
343.0 602.51
343.0 551.67
343.0 611.685
343.0 634.81
343.0 556.075
343.0 565.59
343.0 517.89
343.0 588.43
343.0 638.665
343.0 585.29
343.0 668.355
343.0 590.0
343.0 676.565
343.0 594.055
343.0 662.99
343.0 672.25
343.0 645.475
343.0 649.33
343.0 581.91
343.0 504.78
343.0 585.29
343.0 518.125
343.0 519.885
343.0 644.665
343.0 610.715
343.0 597.0
343.0 575.85
343.0 557.465
343.0 687.31
343.0 641.725
343.0 540.77
343.0 617.26
343.0 597.33
343.0 597.53
343.0 684.97
343.0 583.23
343.0 627.295
343.0 621.225
343.0 556.295
343.0 681.015
343.0 634.48
343.0 577.42
343.0 548.12
343.0 559.375
343.0 547.15
343.0 617.685
343.0 549.395
343.0 621.03
343.0 555.275
343.0 575.59
343.0 634.365
343.0 701.23
343.0 686.8
343.0 634.045
343.0 628.175
343.0 645.3
343.0 625.615
343.0 522.205
343.0 572.125
343.0 528.76
343.0 634.025
343.0 587.8
343.0 635.05
343.0 569.2
343.0 532.485
343.0 678.125
343.0 547.93
343.0 693.6
343.0 535.15
343.0 628.345
343.0 601.855
343.0 497.71
343.0 579.55
343.0 617.32
343.0 611.145
343.0 549.27
343.0 664.14
343.0 811.405
343.0 572.1
343.0 642.8
343.0 593.78
343.0 566.04
343.0 575.46
343.0 530.45
343.0 618.255
343.0 556.845
343.0 497.695
343.0 663.17
343.0 654.47
343.0 580.385
