5288.0 11135.22
5288.0 9946.665
3979.0 8723.51
3979.0 8123.22
3650.0 7726.49
3356.0 7346.15
3698.0 6236.04
3698.0 6020.5
3035.0 5904.54
2509.0 5517.04
2445.0 5408.695
2445.0 4860.535
1720.0 4077.28
1357.0 3481.7
1357.0 3049.34
1357.0 2909.675
1357.0 2504.075
1357.0 2279.715
877.0 2161.57
877.0 2063.9
861.0 1995.27
861.0 1673.69
861.0 1546.675
861.0 1336.11
861.0 1372.745
861.0 1571.27
861.0 1434.19
861.0 1391.325
636.0 1488.7
635.0 1472.56
635.0 1282.59
626.0 1305.1
626.0 1296.725
626.0 1143.365
626.0 1323.475
626.0 1176.835
626.0 1045.51
626.0 1015.085
626.0 979.315
626.0 1168.14
626.0 1273.715
626.0 1096.03
626.0 1148.55
455.0 1094.645
455.0 1073.815
455.0 1092.205
455.0 1045.875
455.0 1178.305
455.0 958.47
455.0 828.52
455.0 733.63
455.0 977.165
455.0 788.355
455.0 807.485
455.0 826.345
455.0 711.11
455.0 766.0
455.0 715.425
455.0 771.32
455.0 688.47
455.0 868.605
455.0 798.085
455.0 780.57
455.0 806.34
455.0 791.85
455.0 726.835
455.0 749.11
455.0 776.755
455.0 802.55
455.0 757.125
455.0 636.92
455.0 778.09
455.0 780.8
455.0 762.98
455.0 858.305
455.0 742.985
455.0 794.07
455.0 687.9
455.0 743.59
455.0 714.95
455.0 931.97
455.0 709.96
455.0 803.805
455.0 773.235
455.0 736.475
455.0 754.31
455.0 711.825
455.0 638.44
455.0 698.695
455.0 820.195
455.0 740.72
455.0 724.65
455.0 730.275
455.0 705.155
455.0 707.38
455.0 788.715
455.0 834.815
455.0 764.525
455.0 678.005
455.0 771.275
455.0 762.955
455.0 725.555
455.0 712.345
455.0 906.31
455.0 839.125
455.0 728.84
455.0 869.705
455.0 847.405
455.0 719.635
455.0 777.505
455.0 764.165
455.0 714.96
455.0 801.79
455.0 750.07
455.0 908.44
455.0 708.785
455.0 765.795
455.0 733.33
455.0 728.715
455.0 723.655
455.0 646.525
455.0 847.705
455.0 771.48
455.0 772.145
455.0 651.785
455.0 656.115
455.0 874.525
455.0 641.825
455.0 642.935
455.0 843.71
455.0 717.45
455.0 822.415
455.0 880.875
455.0 759.13
455.0 734.99
455.0 762.955
455.0 776.27
455.0 744.94
455.0 758.965
455.0 780.385
455.0 674.645
455.0 717.36
455.0 780.12
455.0 729.6
455.0 815.45
455.0 783.405
455.0 654.1
455.0 669.9
455.0 798.19
455.0 809.51
455.0 817.645
455.0 704.615
455.0 706.33
455.0 723.82
455.0 884.55
455.0 777.775
455.0 802.415
455.0 758.355
455.0 741.935
455.0 822.715
455.0 705.655
455.0 735.325
455.0 722.06
455.0 737.01
455.0 740.1
455.0 709.715
455.0 808.97
455.0 766.84
455.0 843.905
455.0 798.42
455.0 825.325
455.0 677.435
455.0 740.785
455.0 691.04
455.0 734.805
455.0 655.255
455.0 776.915
455.0 882.86
455.0 803.065
455.0 800.445
455.0 747.685
455.0 664.605
455.0 749.635
455.0 785.005
455.0 863.98
455.0 721.45
455.0 691.64
455.0 796.19
455.0 673.52
455.0 739.295
455.0 740.375
455.0 797.86
455.0 687.39
455.0 754.335
455.0 795.95
455.0 677.685
455.0 786.615
455.0 802.4
455.0 787.01
455.0 787.555
