5672.0 10589.25
5672.0 10140.775
3281.0 9947.725
3281.0 8553.51
3281.0 8147.275
3281.0 7676.26
3018.0 7186.49
3018.0 7314.645
3018.0 6491.625
3018.0 5576.31
2286.0 4650.105
1571.0 4136.475
1571.0 3763.075
1571.0 3108.21
1240.0 2835.08
1240.0 2663.025
1240.0 2766.53
1207.0 2623.945
1099.0 2505.785
770.0 2274.75
770.0 2206.955
770.0 2080.43
770.0 1891.405
770.0 1889.95
660.0 1723.0
660.0 1623.265
635.0 1333.48
635.0 1352.725
635.0 1138.005
635.0 1124.48
635.0 1068.49
635.0 1126.29
635.0 1138.255
635.0 1105.14
635.0 1024.88
635.0 1009.085
635.0 910.42
500.0 956.665
500.0 871.3
500.0 984.22
500.0 831.52
500.0 995.435
500.0 1002.405
500.0 837.055
500.0 941.995
500.0 767.51
500.0 770.215
500.0 970.545
500.0 853.88
500.0 871.2
500.0 690.535
500.0 800.75
500.0 805.095
500.0 856.335
500.0 750.105
500.0 780.055
500.0 792.18
500.0 776.775
500.0 692.28
500.0 802.915
500.0 793.56
500.0 754.255
500.0 782.885
500.0 792.26
500.0 865.825
500.0 781.155
500.0 733.5
500.0 648.135
500.0 840.445
500.0 851.295
500.0 778.76
500.0 1038.395
500.0 723.155
500.0 879.505
500.0 761.26
500.0 732.55
500.0 823.945
500.0 810.26
500.0 821.525
500.0 738.555
500.0 820.89
500.0 786.7
500.0 792.55
500.0 751.93
500.0 739.58
500.0 773.89
500.0 898.305
500.0 787.995
500.0 760.47
500.0 783.33
500.0 778.78
500.0 597.465
500.0 730.875
500.0 678.655
500.0 666.415
500.0 778.43
500.0 752.85
500.0 726.48
500.0 759.83
500.0 854.315
500.0 827.705
500.0 785.14
500.0 815.73
500.0 761.055
500.0 775.56
500.0 741.2
500.0 778.69
500.0 828.6
500.0 803.54
500.0 760.635
500.0 673.585
500.0 773.53
500.0 763.045
500.0 777.78
500.0 739.33
500.0 765.86
500.0 814.65
500.0 760.9
500.0 708.375
500.0 815.96
500.0 757.445
500.0 887.02
500.0 693.865
500.0 709.725
500.0 821.1
500.0 679.145
500.0 835.16
500.0 751.53
500.0 679.115
500.0 659.175
500.0 759.69
500.0 740.03
500.0 772.72
500.0 886.075
500.0 766.37
500.0 818.055
500.0 868.37
500.0 819.56
500.0 696.125
500.0 810.05
500.0 737.04
500.0 762.075
500.0 768.09
500.0 739.245
500.0 789.205
500.0 716.21
500.0 823.59
500.0 773.06
500.0 860.26
500.0 888.395
500.0 778.22
500.0 652.125
500.0 754.05
500.0 830.12
500.0 761.91
500.0 779.03
500.0 607.39
500.0 752.81
500.0 796.52
500.0 686.54
500.0 789.525
500.0 843.02
500.0 740.645
366.0 843.315
366.0 716.34
366.0 733.69
366.0 735.125
366.0 788.94
366.0 877.97
366.0 591.13
366.0 761.11
366.0 682.51
366.0 629.72
366.0 611.055
366.0 585.35
366.0 583.075
366.0 562.325
366.0 551.575
366.0 586.035
366.0 569.795
366.0 641.375
366.0 517.455
366.0 693.85
366.0 520.565
366.0 584.62
366.0 522.28
366.0 536.885
366.0 598.985
366.0 557.485
366.0 679.14
366.0 547.22
366.0 575.595
366.0 555.545
366.0 551.32
366.0 636.86
366.0 682.575
366.0 669.365
366.0 574.17
366.0 566.93
366.0 502.46
