6.492772522319196E-4 3.0599019552482866E-4
7.370036177158541E-4 3.549274988160935E-4
7.813268880954104E-4 4.2025164302065355E-4
0.001036935465640461 5.411318326332503E-4
0.001036935465640461 5.576377543960123E-4
0.001049049294511884 5.977351618298709E-4
0.001049049294511884 6.306528495034382E-4
0.001049049294511884 6.793490961390746E-4
0.00136874019461562 7.195238192157465E-4
0.001411914015134493 7.745242378185882E-4
0.0016936555767687656 7.914440259808186E-4
0.0016936555767687656 8.246012164081501E-4
0.0019028838236811922 9.17501891470229E-4
0.0019028838236811922 9.193535217556765E-4
0.0019028838236811922 0.0010599079051492398
0.0023358337831151134 0.0012377879860010386
0.0023358337831151134 0.0013665694814241384
0.002556574099077418 0.0015451121325113814
0.003037710300844063 0.0018027023921387741
0.003037710300844063 0.0019547775122385324
0.003039115941968385 0.00216434656808762
0.00352083575594627 0.0023496018051359703
0.00352083575594627 0.0023806435077937046
0.00352083575594627 0.0025379303027070173
0.00352083575594627 0.002643344082658348
0.004085336070765231 0.0027330066162300137
0.004734712619241064 0.003040202356500408
0.004734712619241064 0.003029950714249078
0.004734712619241064 0.003274835821391694
0.004734712619241064 0.003461841864938491
0.004920003298371317 0.0034672013545775328
0.004920003298371317 0.0034391171635612863
0.004920003298371317 0.0035788484652046326
0.004920003298371317 0.0039381177012464555
0.004920003298371317 0.004151671044412306
0.004920003298371317 0.004229341759312531
0.004920003298371317 0.004328224571630936
0.004920003298371317 0.004547825007557831
0.004920003298371317 0.004592840687860517
0.004920003298371317 0.0046069348836454615
0.004920003298371317 0.004525384685072523
0.004920003298371317 0.00459016619974199
0.004920003298371317 0.004671847281076052
0.004920003298371317 0.004504519115129077
0.004920003298371317 0.004732759789531859
0.004920003298371317 0.004684429822278401
0.004920003298371317 0.004618534542738069
0.004920003298371317 0.0045407139234088815
0.004920003298371317 0.004665702451298681
0.004920003298371317 0.004528354094176987
0.004920003298371317 0.004654333506695098
0.004920003298371317 0.004637230421862647
0.004920003298371317 0.0045917282486448
0.004920003298371317 0.0047034651358480685
0.004920003298371317 0.004714387950614921
0.004920003298371317 0.004720677361042198
0.004920003298371317 0.004671271479521564
0.004920003298371317 0.004763587318856134
0.004920003298371317 0.00468081245933597
0.004920003298371317 0.004594656291095125
0.004920003298371317 0.004668583233265852
0.004920003298371317 0.004500777835908222
0.004920003298371317 0.004523540513003267
0.004920003298371317 0.004667726038393399
0.004920003298371317 0.0046672849428329
0.004920003298371317 0.004723535989236181
0.004920003298371317 0.004653106036364214
0.004920003298371317 0.00456347263255443
0.004920003298371317 0.0046371274823199995
0.004920003298371317 0.00445306351749333
0.00792188454262741 0.004539481855650122
0.00792188454262741 0.004662816216976085
0.00792188454262741 0.004945693205024615
0.00792188454262741 0.005557214544288877
0.00792188454262741 0.006667366112140557
0.00792188454262741 0.00729714877309044
0.00792188454262741 0.0076501059120019695
0.00792188454262741 0.007618148612298017
0.00792188454262741 0.007725695901243024
0.00792188454262741 0.007791949160394919
0.00792188454262741 0.007603552925069663
0.00792188454262741 0.007724391663889858
0.00792188454262741 0.007647693474859733
0.00792188454262741 0.007268736222072993
0.00792188454262741 0.007607219505534272
0.00792188454262741 0.007823679593165668
0.00792188454262741 0.007427894958028822
0.00792188454262741 0.007768536108811219
0.00792188454262741 0.007509354533454587
0.00792188454262741 0.007439387186520889
0.00792188454262741 0.007465433173035116
0.00792188454262741 0.007618503594832392
0.00792188454262741 0.0074248164690629325
0.00792188454262741 0.007623646850995348
0.00792188454262741 0.00752315394703798
0.00792188454262741 0.007662924123226553
0.00792188454262741 0.00769178037429229
0.00792188454262741 0.007597379861276376
0.00792188454262741 0.007622725864017086
0.00792188454262741 0.0076058412304326915
0.00792188454262741 0.007601634713016997
0.00792188454262741 0.0073400508115317765
0.00792188454262741 0.007497445573735543
0.00792188454262741 0.007713079921877335
0.00792188454262741 0.007352433431595038
0.00792188454262741 0.0075661570947864985
0.00792188454262741 0.00767734251412387
0.00792188454262741 0.007685824696536163
0.00792188454262741 0.0074758188996303055
0.00792188454262741 0.007574450901042563
0.00792188454262741 0.007467222117107214
0.00792188454262741 0.007760755640165394
0.00792188454262741 0.007723690097139738
0.00792188454262741 0.0077056303837542564
0.00792188454262741 0.007666435354429691
0.00792188454262741 0.007669470821801709
0.00792188454262741 0.00762796193211612
0.00792188454262741 0.0075089392903733695
0.00792188454262741 0.0077286391517369666
0.00792188454262741 0.00758739324826389
0.00792188454262741 0.007705919972823539
0.00792188454262741 0.007739946218152243
0.00792188454262741 0.0076736859287775076
0.00792188454262741 0.007588150004975117
0.00792188454262741 0.007525413414987807
0.00792188454262741 0.007507926762171221
0.00792188454262741 0.007551165968294761
0.00792188454262741 0.007609361554849329
0.00792188454262741 0.007659470661173166
0.00792188454262741 0.007594582962278846
0.00792188454262741 0.0076166008289767105
0.00792188454262741 0.007516164071927871
0.00792188454262741 0.007487288810724133
0.00792188454262741 0.007592394223612017
0.00792188454262741 0.0075403925502505464
0.00792188454262741 0.007638130767432027
0.00792188454262741 0.007428210012355423
0.00792188454262741 0.007623492359159985
0.00792188454262741 0.00773676749861345
0.00792188454262741 0.007660324094923039
0.00792188454262741 0.007756592787012776
0.00792188454262741 0.007540023573032466
0.00792188454262741 0.007483746566476184
0.00792188454262741 0.007628469389491196
0.00792188454262741 0.007567824190591278
0.00792188454262741 0.007507896407013277
0.00792188454262741 0.0075722574164273256
0.00792188454262741 0.007564027029790876
0.00792188454262741 0.0075103361249223176
0.00792188454262741 0.007688794261946205
0.00792188454262741 0.00767951489594839
0.00792188454262741 0.00761846019540377
0.00792188454262741 0.007588339694580281
0.00792188454262741 0.00767537789499967
0.00792188454262741 0.007734049349728112
0.00792188454262741 0.0075307171809476
0.00792188454262741 0.007564757325369646
0.00792188454262741 0.007675770857715868
0.00792188454262741 0.0074905360564400825
0.00792188454262741 0.007740759928348063
0.00792188454262741 0.007744509561255394
0.00792188454262741 0.007628749289544467
0.00792188454262741 0.007586497667858105
0.00792188454262741 0.007675526383353749
0.00792188454262741 0.007483491893843568
0.00792188454262741 0.007773147652891543
0.00792188454262741 0.007597107014726748
0.00792188454262741 0.007684717892026967
0.00792188454262741 0.007696267531553162
0.00792188454262741 0.007529789465508575
0.00792188454262741 0.007384570324155768
0.00792188454262741 0.007547075554099356
0.00792188454262741 0.007693227508320275
0.00792188454262741 0.0077316890660846
0.00792188454262741 0.007635113247565626
0.00792188454262741 0.00741085847968834
0.00792188454262741 0.007811887400543989
0.00792188454262741 0.0075523155618809025
0.00792188454262741 0.007536105973382058
0.00792188454262741 0.0075250034409838065
0.00792188454262741 0.007697751573357125
0.00792188454262741 0.007723132767256146
0.00792188454262741 0.007548362995047592
0.00792188454262741 0.007687674307602897
0.00792188454262741 0.007695130981902012
0.00792188454262741 0.007653359980035309
0.00792188454262741 0.0076482671326385705
0.00792188454262741 0.007436684400423433
0.00792188454262741 0.007659128679368672
0.00792188454262741 0.007543910574063954
0.00792188454262741 0.007706159857652645
0.00792188454262741 0.007523429738034699
0.00792188454262741 0.007789451158178847
0.00792188454262741 0.007626100499009981
0.00792188454262741 0.007558686740527307
0.00792188454262741 0.007538575294007698
0.00792188454262741 0.007687072409210013
0.00792188454262741 0.007439672666403383
0.00792188454262741 0.007618297408299021
0.00792188454262741 0.00759089566696269
