5804.0 11600.285
5804.0 10232.175
4109.0 9450.285
4006.0 8325.06
4006.0 7121.875
2542.0 6522.68
2542.0 6140.485
2542.0 5893.995
2542.0 5603.95
1936.0 5134.75
1936.0 5085.0
1936.0 4608.745
2281.0 4114.44
1725.0 3493.15
1725.0 2805.925
1296.0 2442.66
1228.0 2332.325
920.0 2204.645
920.0 2056.39
920.0 2007.835
920.0 1984.83
920.0 1962.965
805.0 1815.325
805.0 1470.08
575.0 1377.565
575.0 1441.76
575.0 1425.505
575.0 1326.965
575.0 998.675
575.0 901.43
575.0 780.67
575.0 831.26
575.0 700.84
575.0 709.48
575.0 755.17
575.0 709.135
575.0 726.215
575.0 705.87
575.0 746.735
575.0 739.69
575.0 656.545
575.0 687.165
575.0 698.325
575.0 689.11
575.0 733.17
575.0 707.345
575.0 657.875
575.0 675.54
575.0 712.195
575.0 712.005
575.0 764.38
575.0 667.89
575.0 734.78
575.0 726.21
575.0 767.305
575.0 745.785
575.0 733.685
575.0 820.44
575.0 776.2
575.0 735.25
575.0 732.59
575.0 689.345
575.0 717.18
575.0 725.46
575.0 798.035
575.0 780.405
575.0 753.47
575.0 729.83
575.0 735.22
575.0 696.675
575.0 717.64
575.0 750.085
575.0 655.825
575.0 779.61
575.0 743.68
575.0 734.895
575.0 668.515
575.0 687.45
575.0 756.76
575.0 774.91
575.0 733.84
575.0 706.495
575.0 782.065
575.0 762.83
575.0 660.255
575.0 776.56
575.0 750.54
575.0 704.535
575.0 725.04
575.0 663.83
575.0 731.045
575.0 715.99
575.0 734.435
575.0 749.815
575.0 688.0
575.0 681.3
575.0 777.405
575.0 728.73
575.0 730.02
575.0 683.44
575.0 740.21
575.0 722.05
575.0 657.27
575.0 727.695
575.0 768.495
575.0 712.35
575.0 715.635
575.0 755.755
575.0 699.79
575.0 697.785
499.0 725.53
499.0 720.425
499.0 663.735
499.0 665.46
499.0 735.18
499.0 705.66
499.0 694.23
499.0 691.53
499.0 727.755
499.0 627.17
499.0 638.945
499.0 641.885
499.0 682.185
499.0 663.72
499.0 616.18
499.0 627.77
499.0 666.735
499.0 727.925
499.0 727.34
499.0 607.405
499.0 661.215
499.0 622.135
499.0 610.225
499.0 708.685
499.0 590.185
499.0 645.245
499.0 638.225
499.0 686.59
499.0 687.97
487.0 636.61
487.0 640.255
487.0 604.945
487.0 632.7
487.0 636.18
487.0 582.26
487.0 627.32
487.0 616.535
487.0 576.49
487.0 625.535
416.0 584.4
416.0 616.41
416.0 574.55
416.0 540.655
416.0 659.695
416.0 645.13
416.0 596.765
416.0 622.49
416.0 486.72
416.0 510.26
416.0 547.68
416.0 624.765
416.0 479.84
416.0 509.505
416.0 476.22
416.0 517.515
416.0 608.35
416.0 559.23
416.0 579.91
416.0 601.97
416.0 580.24
416.0 510.92
416.0 512.78
416.0 521.565
416.0 562.42
416.0 555.85
416.0 539.845
416.0 521.39
416.0 508.105
416.0 521.095
416.0 561.225
416.0 541.625
416.0 591.96
416.0 580.485
416.0 534.22
416.0 535.865
416.0 546.5
416.0 559.09
416.0 501.995
416.0 501.96
416.0 558.295
416.0 480.205
416.0 477.285
416.0 539.655
416.0 559.375
416.0 577.0
416.0 540.745
416.0 520.24
416.0 496.78
416.0 470.155
416.0 576.545
