6.817657836516872E-4 3.2269269495543117E-4
6.817657836516872E-4 3.7649510919630843E-4
6.817657836516872E-4 4.2081778421975373E-4
0.0010196496889660588 4.984910716500371E-4
0.001186462711558467 5.428599787652147E-4
0.0012149334037320364 6.09107744779428E-4
0.0012349801948122966 7.212886791474867E-4
0.0012559711166225593 7.486143071064049E-4
0.0015505899118216904 8.340254507491796E-4
0.0015505899118216904 9.280396453971465E-4
0.001874112934592859 0.001006605705348261
0.0018976102649035827 0.0011498438354185898
0.002001824716380306 0.0011886642018460341
0.002694985980547214 0.0013203942019047613
0.002694985980547214 0.0013816816618354274
0.002694985980547214 0.0014283334620720921
0.002694985980547214 0.001508773114095916
0.0027135912468565938 0.0015077592389724725
0.0027315358955996775 0.0017381014438294811
0.004000135117957126 0.001870207558472201
0.004000135117957126 0.00193387892827203
0.004000135117957126 0.0019465887970331471
0.004658014475804467 0.0022615414538705385
0.0053655158994971985 0.00266743683433542
0.0053655158994971985 0.0028547382972604176
0.0053655158994971985 0.003265799529514595
0.0053655158994971985 0.003736610965814715
0.007386340055985436 0.004205205673862893
0.007386340055985436 0.004667372884005782
0.007386340055985436 0.005332261560905564
0.007386340055985436 0.005964947171329567
0.007386340055985436 0.00609564871687654
0.007386340055985436 0.006198547791549092
0.007386340055985436 0.006563384167286686
0.007386340055985436 0.0066217999217740965
0.007386340055985436 0.006660611440772386
0.007386340055985436 0.006480250772491935
0.007386340055985436 0.006741696574581782
0.007386340055985436 0.006836439063644037
0.007386340055985436 0.0063990920873149984
0.007386340055985436 0.006356168324070697
0.007386340055985436 0.006385566910857901
0.007386340055985436 0.006756997939197448
0.007386340055985436 0.006470437277271262
0.007386340055985436 0.006212098446731987
0.007386340055985436 0.006481325515438735
0.007386340055985436 0.006132272034125951
0.007386340055985436 0.006280929662085885
0.007386340055985436 0.00604191398526706
0.007386340055985436 0.006592507051219892
0.007386340055985436 0.006421369219105533
0.007386340055985436 0.0066089853569904124
0.007386340055985436 0.0069823204564595336
0.007386340055985436 0.006758680985690415
0.007386340055985436 0.006508847153416084
0.007386340055985436 0.006389505213104023
0.007386340055985436 0.006356095645130554
0.007386340055985436 0.006841182790971233
0.007386340055985436 0.006347503573347652
0.007386340055985436 0.006692737586491879
0.007386340055985436 0.006488506449468455
0.007386340055985436 0.006573895167012441
0.007386340055985436 0.00664009628891864
0.007386340055985436 0.006360351855157979
0.007386340055985436 0.006654780264566935
0.007386340055985436 0.006619531076453711
0.007386340055985436 0.006652607656058503
0.007386340055985436 0.006702732420973686
0.007386340055985436 0.006673996524724385
0.007386340055985436 0.0067387977798593415
0.007386340055985436 0.006579391731000207
0.007386340055985436 0.006418268882190913
0.007386340055985436 0.006470758525257596
0.007386340055985436 0.0064427026154901925
0.007386340055985436 0.006374635152287911
0.007386340055985436 0.0067008142921061355
0.007386340055985436 0.006700165585601143
0.007386340055985436 0.0064612180405609594
0.007386340055985436 0.006844278743915205
0.007386340055985436 0.006546155773988153
0.007386340055985436 0.006774344923454232
0.007386340055985436 0.006583393651595664
0.007386340055985436 0.006880966220158538
0.007386340055985436 0.0066155045064800995
0.007386340055985436 0.006516113565578252
0.007386340055985436 0.006702294047139426
0.007386340055985436 0.0066694521078285085
0.007386340055985436 0.006587830492923441
0.007386340055985436 0.006515413609469973
0.007386340055985436 0.00655607285894811
0.007386340055985436 0.006451126706947899
0.007386340055985436 0.0062031438091660965
0.007386340055985436 0.0064524628718737
0.007386340055985436 0.006513577235224242
0.007386340055985436 0.006368913518244842
0.007386340055985436 0.006725258077622631
0.007386340055985436 0.006576506878650419
0.007386340055985436 0.006581529759131854
0.007386340055985436 0.0065489817239482075
0.007386340055985436 0.006715563294608285
0.007386340055985436 0.006632688772629268
0.007386340055985436 0.006761804408363432
0.007386340055985436 0.006781901741670233
0.007386340055985436 0.006541160197257012
0.007386340055985436 0.006441060174011275
0.007386340055985436 0.006613375304377202
0.007386340055985436 0.0064514179293960975
0.007386340055985436 0.006476927363562784
0.007386340055985436 0.006561263015989121
0.007386340055985436 0.006663043716137812
0.007386340055985436 0.006876639432121082
0.007386340055985436 0.00656426059881878
0.007386340055985436 0.006290763831937924
0.007386340055985436 0.0064531018493995925
0.007386340055985436 0.006586262874823028
0.007386340055985436 0.006025308677448835
0.007386340055985436 0.006369117841645482
0.007386340055985436 0.006408258084416592
0.007386340055985436 0.006366760846775042
0.007386340055985436 0.00655178561462009
0.007386340055985436 0.006491205590214845
0.007386340055985436 0.006716304099220809
0.007386340055985436 0.006743582349900622
0.007386340055985436 0.006560348749923687
0.007386340055985436 0.006423871280884186
0.007386340055985436 0.0063104502765662955
0.007386340055985436 0.006564230659593118
0.007386340055985436 0.006529049622156492
0.007386340055985436 0.006553286963360518
0.007386340055985436 0.006779074348752986
0.007386340055985436 0.006584941845721595
0.007386340055985436 0.006652430858322947
0.007386340055985436 0.006366348939210353
0.007386340055985436 0.006743715948223877
0.007386340055985436 0.0064161956250134
0.007386340055985436 0.006408426681271791
0.007386340055985436 0.006740240109670479
0.007386340055985436 0.006394077001544275
0.007386340055985436 0.006781943472349854
0.007386340055985436 0.006636156288967133
0.007386340055985436 0.006512220861227757
0.007386340055985436 0.006641422785226151
0.007386340055985436 0.006567321957331562
0.007386340055985436 0.0064563259239407015
0.007386340055985436 0.006459229138862135
0.007386340055985436 0.0064438159926155265
0.007386340055985436 0.006435216653959721
0.007386340055985436 0.006223970505852779
0.007386340055985436 0.0063328344759497135
0.007386340055985436 0.006519745487820031
0.007386340055985436 0.006579752196314361
0.007386340055985436 0.006698371064873418
0.007386340055985436 0.006486718375572856
0.007386340055985436 0.0064560477114081445
0.007386340055985436 0.006427326129711123
0.007386340055985436 0.00634270285949523
0.007386340055985436 0.006489911321079488
0.007386340055985436 0.006497633750992037
0.007386340055985436 0.006437009922527313
0.007386340055985436 0.00658629034766043
0.007386340055985436 0.006403412779115116
0.007386340055985436 0.006420341731122481
0.007386340055985436 0.006583800023974264
0.007386340055985436 0.006343558602387281
0.007386340055985436 0.006518250613232261
0.007386340055985436 0.006321072306233376
0.007386340055985436 0.006364602731278027
0.007386340055985436 0.006567418652312419
0.007386340055985436 0.006313089247895653
0.007386340055985436 0.006427932766904002
0.007386340055985436 0.0062839437346185415
0.007386340055985436 0.006560737185569329
0.007386340055985436 0.0064752286897095
0.007386340055985436 0.006554932451764738
0.007386340055985436 0.006396174731195804
0.007386340055985436 0.006584461263669647
0.007386340055985436 0.006374094621898751
0.007386340055985436 0.0066547150409093404
0.007386340055985436 0.00659214682733365
0.007386340055985436 0.006640145344596619
0.007386340055985436 0.0065848231464271535
0.007386340055985436 0.006634848752819562
0.007386340055985436 0.006379491272336493
0.007386340055985436 0.006774643826868498
0.007386340055985436 0.006597494536487946
0.007386340055985436 0.006555735393730674
0.007386340055985436 0.006431519969945865
0.007393200331111286 0.00632038674008414
0.007393200331111286 0.006461105397646865
0.007393200331111286 0.006663042553079127
0.007393200331111286 0.0063761663838715074
0.007393200331111286 0.0064676524780186775
0.007393200331111286 0.006442324284770422
0.007393200331111286 0.006324649919986609
0.007393200331111286 0.005990118756466423
0.007393200331111286 0.006104151099942068
0.007393200331111286 0.006158018839333373
0.007393200331111286 0.006192794661949385
0.007393200331111286 0.0060525881277684315
0.007393200331111286 0.006189967559878223
