7.924901743114987E-4 3.378361117223373E-4
7.924901743114987E-4 4.022228781213637E-4
8.430215653778224E-4 4.878503014915178E-4
9.059235507392118E-4 5.205216698720116E-4
0.0011773363687534303 6.054721697622647E-4
0.0013887567346850646 6.603816676942625E-4
0.0014849345459732588 7.26718095828903E-4
0.0014849345459732588 7.637894040825134E-4
0.001566922562147377 8.782913814553529E-4
0.0018625314888508443 9.372406082812785E-4
0.002071096320965643 0.0011062513000779665
0.002071096320965643 0.0010699576457368263
0.002745701270682793 0.001110351778971512
0.002745701270682793 0.0013806300662283341
0.002745701270682793 0.0015312984490230559
0.002745701270682793 0.001692008717020894
0.0029819511961281316 0.0017656429359410731
0.0030423992024860764 0.0018601208696029097
0.0030423992024860764 0.0019771905387574707
0.0033399745273731828 0.0021284430142948715
0.004299503584087865 0.002325151766917001
0.004299503584087865 0.002359276936148671
0.004517641956548436 0.0024251613050297136
0.004517641956548436 0.002744411699683246
0.004517641956548436 0.0028742185874308934
0.004517641956548436 0.003258553045851381
0.004517641956548436 0.003412961655300006
0.004517641956548436 0.0034352928710806485
0.004708897302066825 0.003547071172230373
0.004708897302066825 0.003478651400089742
0.004708897302066825 0.0035724951971728204
0.004790682178209048 0.0038317070924976243
0.004790682178209048 0.0037461560516040206
0.004790682178209048 0.0038453585967704114
0.004790682178209048 0.0037378986196701424
0.004790682178209048 0.0037228391683004724
0.0049600939931286085 0.00365082928434299
0.0049600939931286085 0.003957450030043637
0.0049600939931286085 0.0036361921364960466
0.0049600939931286085 0.0036596905581778773
0.0049600939931286085 0.0038239384400677316
0.006961212670907735 0.0037906585635434442
0.006961212670907735 0.0038858556965990837
0.006961212670907735 0.0038305872817268392
0.006961212670907735 0.004246586003155897
0.006961212670907735 0.004928766151349005
0.006961212670907735 0.005733902036356942
0.006961212670907735 0.006056024714281483
0.006961212670907735 0.006110841763547366
0.006961212670907735 0.006006625583677922
0.006961212670907735 0.006114779679399265
0.006961212670907735 0.005986077068764042
0.006961212670907735 0.006225692917861503
0.006961212670907735 0.006299005974950874
0.006961212670907735 0.006193340907144362
0.006961212670907735 0.006415690728500203
0.006961212670907735 0.006028456264632392
0.006961212670907735 0.006155488045685955
0.006961212670907735 0.005958027248708626
0.006961212670907735 0.005997280342048451
0.006961212670907735 0.0060749883433898096
0.006961212670907735 0.006093580806522556
0.006961212670907735 0.006221497816166658
0.006961212670907735 0.00589206968598029
0.006961212670907735 0.005963193883199998
0.006961212670907735 0.005748062719790473
0.006961212670907735 0.006307645558837855
0.006961212670907735 0.00586575647435779
0.006961212670907735 0.0062712791253844765
0.006961212670907735 0.00610231563602191
0.006961212670907735 0.005998769844582346
0.006961212670907735 0.005913580354762649
0.006961212670907735 0.006015250014959035
0.006961212670907735 0.0061226308466560166
0.006961212670907735 0.006204869450881648
0.006961212670907735 0.006071725830661855
0.006961212670907735 0.006063394323823119
0.006961212670907735 0.005497439918992768
0.006961212670907735 0.0059763217526951325
0.006961212670907735 0.00608213003116007
0.006961212670907735 0.00593793342400267
0.006961212670907735 0.006243192552271676
0.006961212670907735 0.006131248398265755
0.006961212670907735 0.006235976357575516
0.006961212670907735 0.006146288357662697
0.006961212670907735 0.006391475540890204
0.006961212670907735 0.006254438980466609
0.006961212670907735 0.00614414869284047
0.006961212670907735 0.006449078627435944
0.007831270041312963 0.0059866536837749375
0.007831270041312963 0.006075700513108877
0.007831270041312963 0.006031488983073631
0.007831270041312963 0.00627148935040103
0.007831270041312963 0.006347831134418652
0.007831270041312963 0.006350931827182143
0.007831270041312963 0.006107256553516834
0.007831270041312963 0.006487153657797604
0.007831270041312963 0.006561225404386813
0.007831270041312963 0.007259616417330197
0.007831270041312963 0.007029781825948124
0.007831270041312963 0.006686428641778639
0.007831270041312963 0.0072125071068141035
0.007831270041312963 0.007007009831245796
0.007831270041312963 0.00724596129160694
0.007831270041312963 0.006836383794054186
0.007831270041312963 0.006987572570704795
0.007831270041312963 0.00690687068834504
0.007831270041312963 0.0068793661838827845
0.007831270041312963 0.006823872405152743
0.007831270041312963 0.0070187700876536445
0.007831270041312963 0.006973093382873995
0.007831270041312963 0.006906305922801629
0.007831270041312963 0.006869217940815277
0.007831270041312963 0.0069472332959887705
0.007831270041312963 0.007097060419679721
0.007831270041312963 0.006880325009870443
0.007831270041312963 0.0069310276414111995
0.007831270041312963 0.006641144640609927
0.007831270041312963 0.007132036536273773
0.007831270041312963 0.006786705700077844
0.007831270041312963 0.006917122924792723
0.007831270041312963 0.0071906615435166155
0.007831270041312963 0.006916121824217688
0.007831270041312963 0.0070942797550570735
0.007831270041312963 0.006775565724252539
0.007831270041312963 0.007046474672966303
0.007831270041312963 0.007269027501033074
0.007831270041312963 0.006735061997983733
0.007831270041312963 0.007146879204563747
0.007831270041312963 0.006963350552134824
0.007831270041312963 0.007046291312708394
0.007831270041312963 0.006932803070737581
0.007831270041312963 0.006964817503311206
0.007831270041312963 0.007012681848974488
0.007831270041312963 0.007081894936462413
0.007831270041312963 0.006854203555310329
0.007831270041312963 0.007044443909258033
0.007831270041312963 0.007075138404957606
0.007831270041312963 0.007119999416813913
0.007831270041312963 0.007174514218505812
0.007831270041312963 0.006342712878694427
0.007831270041312963 0.006975865041162915
0.007831270041312963 0.006731355395380588
0.007831270041312963 0.006950465922330562
0.007831270041312963 0.007004417371943869
0.007831270041312963 0.0071323169619127
0.007831270041312963 0.0073404509385558495
0.007831270041312963 0.006915341761780976
0.007831270041312963 0.006816272283555735
0.007831270041312963 0.007142055103949378
0.007831270041312963 0.007026198122760527
0.007831270041312963 0.0066903867892206224
0.007831270041312963 0.006991611086254858
0.007831270041312963 0.006923785246851286
0.007831270041312963 0.006463059072762364
0.007831270041312963 0.006956560693488716
0.007831270041312963 0.007252629608346832
0.007831270041312963 0.006666265893081318
0.007831270041312963 0.0067974011407263245
0.007831270041312963 0.006883686832532218
0.007831270041312963 0.0070551384831982885
0.007831270041312963 0.0069959723830275685
0.007831270041312963 0.007095511014673387
0.007831270041312963 0.007097906716188734
0.007831270041312963 0.0067813255405770115
0.007831270041312963 0.006772020285238708
0.007831270041312963 0.006836280717474956
0.007831270041312963 0.006754423992765993
0.007831270041312963 0.006878553927462849
0.007831270041312963 0.006831917685489373
0.007831270041312963 0.006867104328430118
0.007831270041312963 0.007072315483644088
0.007831270041312963 0.006773314854880772
0.007831270041312963 0.0067042553545098625
0.007831270041312963 0.006942079292631985
0.007831270041312963 0.007086649392574625
0.007831270041312963 0.007283556293208893
0.007943794368456542 0.006864275209182566
0.007943794368456542 0.00688929621754794
0.007943794368456542 0.006971654871716688
0.007943794368456542 0.006857381005383482
0.007943794368456542 0.006498295223724351
0.007943794368456542 0.006844086041283111
0.007943794368456542 0.0072142448079527445
0.007943794368456542 0.007031088201834393
0.007943794368456542 0.006998604620360385
0.007943794368456542 0.0071762853499903
0.007943794368456542 0.007045309383085575
0.007943794368456542 0.006741497246273569
0.007943794368456542 0.006697709114055438
0.007943794368456542 0.007069078421039633
0.007943794368456542 0.006975593302254525
0.007943794368456542 0.006852187399812816
0.007943794368456542 0.006947195381328925
0.007943794368456542 0.007142777389933261
0.007943794368456542 0.007045952377789024
0.007943794368456542 0.007438938563910354
0.007943794368456542 0.00678575099181833
0.007943794368456542 0.007088105889908298
0.007943794368456542 0.007085364528396261
