6171.0 11365.53
5237.0 10474.135
5237.0 9470.49
3340.0 8963.21
3340.0 8362.61
3340.0 7911.71
3823.0 7187.505
3099.0 6569.45
3099.0 6239.28
3099.0 6121.64
2308.0 5699.305
2308.0 5502.8
2308.0 5153.105
1682.0 5349.79
1759.0 4418.955
1463.0 3595.53
1359.0 2643.465
1282.0 2567.885
830.0 2349.24
550.0 2124.13
550.0 1892.88
550.0 1363.55
550.0 937.275
550.0 883.7
550.0 883.76
550.0 799.865
550.0 810.015
550.0 900.3
550.0 915.69
550.0 912.785
550.0 815.49
550.0 880.28
550.0 833.83
550.0 698.06
550.0 839.97
550.0 775.88
550.0 836.435
550.0 814.465
550.0 908.945
550.0 862.07
550.0 844.84
550.0 832.295
550.0 808.24
550.0 907.51
550.0 863.765
550.0 768.515
550.0 986.535
550.0 928.815
550.0 893.295
550.0 844.03
550.0 791.875
550.0 910.08
550.0 837.285
550.0 820.58
550.0 892.055
550.0 829.755
550.0 803.09
550.0 833.025
550.0 799.935
550.0 859.715
550.0 813.33
550.0 875.8
469.0 932.23
469.0 924.35
375.0 794.15
375.0 821.775
375.0 930.585
375.0 775.645
375.0 844.445
375.0 781.985
375.0 709.31
375.0 640.255
375.0 630.155
375.0 707.14
375.0 744.37
375.0 555.91
375.0 628.255
375.0 607.52
375.0 633.885
375.0 630.61
375.0 718.585
375.0 550.29
375.0 629.965
375.0 632.19
375.0 681.665
375.0 592.03
375.0 589.345
375.0 586.89
375.0 684.87
375.0 588.025
375.0 576.99
375.0 613.12
375.0 633.02
375.0 589.275
375.0 573.575
375.0 612.495
375.0 663.3
375.0 593.845
375.0 630.365
375.0 592.91
375.0 738.22
375.0 586.635
375.0 548.95
375.0 631.21
375.0 582.545
375.0 605.57
375.0 566.1
375.0 678.005
375.0 529.925
375.0 743.67
375.0 679.535
375.0 630.53
375.0 600.605
332.0 556.72
332.0 591.06
332.0 550.785
332.0 554.755
332.0 671.985
332.0 567.36
332.0 590.775
332.0 554.985
332.0 521.23
332.0 524.87
332.0 434.66
332.0 540.68
332.0 644.175
332.0 510.69
332.0 513.305
332.0 626.355
332.0 588.585
332.0 506.56
332.0 478.49
332.0 600.635
332.0 454.935
332.0 464.905
332.0 496.69
332.0 544.59
332.0 455.085
332.0 543.08
332.0 506.615
332.0 509.875
332.0 483.38
332.0 575.185
332.0 614.64
332.0 494.14
332.0 592.11
332.0 487.93
332.0 482.485
332.0 553.355
332.0 592.02
332.0 513.01
332.0 545.24
332.0 530.015
332.0 636.76
332.0 511.22
332.0 592.41
332.0 556.645
332.0 541.08
332.0 475.82
332.0 454.385
332.0 580.18
332.0 563.085
332.0 547.035
332.0 588.28
332.0 632.725
332.0 583.185
332.0 576.265
332.0 480.695
332.0 527.595
332.0 493.41
332.0 503.375
332.0 475.68
332.0 521.295
332.0 490.175
332.0 602.025
332.0 560.53
332.0 625.605
332.0 463.565
332.0 525.975
332.0 572.98
332.0 572.05
332.0 496.48
332.0 515.215
332.0 515.58
332.0 609.545
332.0 491.91
332.0 512.8
332.0 518.975
332.0 574.075
332.0 530.99
332.0 569.975
332.0 526.225
332.0 604.295
332.0 569.01
332.0 500.885
332.0 475.515
332.0 595.015
332.0 564.705
332.0 581.42
332.0 516.795
