3649.0 10704.93
3649.0 9231.13
5009.0 8424.705
2151.0 7491.415
2151.0 6528.47
2151.0 5289.725
2151.0 3781.19
1629.0 2856.32
1719.0 2484.22
1158.0 2463.78
1158.0 2398.155
1158.0 2261.865
1158.0 2160.82
1158.0 2118.635
944.0 2130.275
944.0 2100.005
821.0 1857.83
821.0 1920.8
719.0 1718.22
719.0 1566.015
597.0 1376.785
597.0 1353.23
597.0 1409.735
597.0 1193.86
597.0 1122.825
541.0 1155.065
541.0 1040.995
541.0 1118.795
541.0 964.445
541.0 871.605
541.0 920.265
541.0 897.345
541.0 897.095
541.0 962.195
541.0 1025.235
541.0 952.795
541.0 924.39
541.0 1008.56
541.0 937.125
541.0 1035.4
541.0 861.505
541.0 932.98
541.0 1106.13
541.0 945.87
541.0 905.23
541.0 1032.215
541.0 941.73
541.0 1166.2
541.0 1020.195
541.0 977.67
561.0 939.34
561.0 928.15
561.0 881.865
561.0 829.93
561.0 945.68
561.0 970.95
561.0 866.25
293.0 848.63
293.0 891.855
293.0 834.94
293.0 691.85
293.0 594.915
293.0 541.115
293.0 559.795
293.0 575.39
293.0 475.15
293.0 536.005
293.0 634.0
293.0 595.485
293.0 444.99
293.0 514.435
293.0 427.54
293.0 425.875
293.0 527.635
293.0 537.21
293.0 568.855
293.0 451.21
293.0 453.165
293.0 422.635
293.0 466.465
293.0 516.09
293.0 539.9
293.0 460.585
293.0 536.09
293.0 469.35
293.0 586.72
293.0 518.395
293.0 384.55
293.0 534.225
293.0 529.19
293.0 522.075
293.0 504.49
293.0 502.605
293.0 633.435
293.0 531.54
293.0 494.67
293.0 576.24
293.0 418.265
293.0 427.36
293.0 532.28
293.0 415.465
293.0 569.9
293.0 559.795
293.0 555.845
293.0 500.89
293.0 474.53
293.0 534.99
293.0 450.215
293.0 519.2
293.0 422.835
293.0 439.105
293.0 530.465
293.0 574.95
293.0 530.33
293.0 470.895
293.0 545.955
293.0 587.135
293.0 511.45
293.0 542.47
293.0 517.45
293.0 603.43
293.0 469.265
293.0 523.765
293.0 444.48
293.0 455.64
293.0 448.45
293.0 539.655
293.0 536.525
293.0 461.5
293.0 501.58
293.0 478.235
293.0 518.435
293.0 394.895
293.0 442.47
293.0 399.25
293.0 579.96
293.0 550.13
293.0 468.12
293.0 410.96
293.0 495.98
293.0 491.015
293.0 463.835
293.0 438.81
293.0 432.725
293.0 442.615
293.0 415.065
293.0 512.86
293.0 531.18
293.0 504.445
293.0 483.965
293.0 475.925
293.0 571.8
293.0 496.685
293.0 508.755
293.0 417.92
293.0 478.82
293.0 477.635
293.0 453.54
293.0 356.695
293.0 515.42
293.0 506.815
293.0 553.33
293.0 440.08
293.0 415.16
293.0 526.495
293.0 462.31
293.0 447.205
293.0 535.365
293.0 427.25
293.0 523.355
293.0 502.56
293.0 476.825
293.0 506.84
293.0 434.485
293.0 411.105
293.0 436.195
293.0 553.085
293.0 541.28
293.0 441.64
293.0 446.18
293.0 525.93
293.0 542.785
293.0 509.995
293.0 605.56
293.0 487.73
293.0 541.84
293.0 486.22
293.0 497.28
293.0 451.25
293.0 555.155
293.0 441.925
293.0 430.94
293.0 475.06
293.0 439.105
293.0 505.575
293.0 409.005
293.0 471.585
293.0 505.255
293.0 421.715
293.0 515.685
