5376.0 11172.355
5376.0 9849.345
4573.0 8380.41
3795.0 7757.93
3487.0 6725.08
3013.0 6118.09
2410.0 4855.315
2410.0 4476.495
1575.0 3960.03
1750.0 3383.405
1750.0 3330.265
1599.0 3066.02
1245.0 2897.58
1245.0 2611.695
1245.0 2421.775
863.0 2483.51
863.0 2163.88
863.0 1802.655
817.0 1624.765
817.0 1468.4
817.0 1659.65
631.0 1557.7
631.0 1462.925
631.0 1374.865
670.0 1373.12
670.0 1243.75
670.0 1219.265
670.0 1118.845
612.0 1078.43
612.0 1179.015
495.0 1145.14
495.0 1264.17
495.0 1029.91
377.0 926.795
377.0 972.43
377.0 784.385
377.0 973.925
377.0 809.24
377.0 819.15
377.0 698.78
377.0 647.99
377.0 626.66
377.0 725.625
377.0 619.0
377.0 545.95
377.0 564.81
377.0 712.26
377.0 853.3
377.0 567.745
377.0 614.48
377.0 551.325
377.0 644.57
377.0 622.46
377.0 634.19
377.0 602.815
377.0 672.455
377.0 640.715
377.0 594.525
377.0 733.76
377.0 777.745
377.0 724.0
377.0 581.35
377.0 659.275
377.0 643.325
377.0 678.115
377.0 595.555
377.0 816.05
377.0 683.61
377.0 677.4
377.0 661.065
377.0 706.6
377.0 699.495
377.0 609.275
377.0 726.22
377.0 721.085
377.0 562.72
377.0 587.635
377.0 722.97
377.0 620.385
377.0 626.145
377.0 746.335
377.0 651.135
377.0 639.395
377.0 667.855
377.0 631.48
377.0 636.44
377.0 676.56
377.0 516.155
377.0 648.675
377.0 720.265
377.0 595.505
377.0 640.03
377.0 745.665
377.0 640.905
377.0 704.115
377.0 689.525
377.0 674.345
377.0 687.88
377.0 651.92
377.0 689.37
377.0 586.68
377.0 650.945
377.0 632.365
377.0 683.65
377.0 693.92
377.0 769.15
377.0 670.24
377.0 643.12
377.0 777.7
377.0 763.09
377.0 625.965
377.0 557.605
377.0 770.375
377.0 637.595
377.0 664.195
377.0 697.935
377.0 516.64
377.0 711.04
377.0 723.815
377.0 690.715
377.0 617.645
377.0 621.63
377.0 686.14
377.0 633.875
377.0 653.98
377.0 549.785
377.0 567.41
377.0 547.36
377.0 746.815
377.0 666.37
377.0 564.77
377.0 599.645
377.0 624.14
377.0 692.555
377.0 716.15
377.0 667.365
377.0 607.355
377.0 615.295
377.0 577.92
377.0 627.23
377.0 673.16
377.0 730.25
377.0 656.28
377.0 570.185
377.0 627.0
377.0 669.24
377.0 747.83
377.0 643.39
377.0 711.14
377.0 658.39
377.0 618.18
377.0 621.72
377.0 523.385
377.0 684.84
377.0 646.695
377.0 672.465
377.0 720.985
377.0 667.455
377.0 664.265
377.0 575.025
377.0 687.43
377.0 580.12
377.0 582.795
377.0 672.565
377.0 700.545
377.0 679.72
377.0 548.865
377.0 720.79
377.0 559.935
377.0 614.39
377.0 599.13
377.0 756.69
377.0 649.265
377.0 608.135
377.0 663.35
377.0 594.655
377.0 736.74
377.0 626.635
377.0 594.515
377.0 635.43
377.0 687.73
377.0 581.815
377.0 663.7
377.0 709.67
377.0 617.71
377.0 668.36
377.0 646.56
377.0 707.13
377.0 666.635
377.0 594.795
377.0 702.865
377.0 572.82
377.0 801.31
377.0 700.22
377.0 603.43
377.0 654.855
377.0 610.25
377.0 647.64
377.0 666.245
377.0 637.695
