5991.0 10799.685
3903.0 9461.165
3026.0 8751.39
3436.0 7455.485
2841.0 6327.94
2841.0 4719.685
1748.0 3574.01
1298.0 2987.69
1505.0 2734.365
1084.0 2504.585
821.0 2418.385
821.0 2156.32
819.0 2040.535
819.0 1851.995
819.0 1792.93
535.0 1574.695
535.0 1270.065
535.0 1205.895
490.0 1094.88
490.0 886.22
490.0 906.52
490.0 905.47
490.0 828.505
490.0 839.01
490.0 741.43
490.0 738.39
490.0 708.375
487.0 670.755
487.0 684.945
487.0 663.75
487.0 663.8
487.0 668.97
487.0 676.52
487.0 621.025
487.0 662.905
487.0 618.445
487.0 598.485
487.0 590.045
487.0 587.93
487.0 678.035
487.0 714.86
487.0 633.4
487.0 697.18
487.0 704.77
487.0 627.76
487.0 685.225
487.0 627.345
487.0 609.115
487.0 696.03
487.0 652.34
487.0 616.535
487.0 693.34
487.0 720.105
487.0 665.27
487.0 757.905
487.0 683.76
487.0 688.035
487.0 792.36
487.0 721.595
487.0 697.775
487.0 716.755
487.0 683.925
487.0 591.815
487.0 709.18
487.0 622.48
487.0 599.22
487.0 597.005
487.0 667.35
487.0 596.175
487.0 586.68
487.0 657.66
487.0 613.345
487.0 653.055
487.0 619.64
487.0 550.18
487.0 567.015
487.0 600.55
487.0 609.42
487.0 650.98
487.0 560.15
487.0 625.515
487.0 623.835
487.0 529.67
487.0 658.43
487.0 583.58
487.0 643.26
487.0 615.13
487.0 604.485
487.0 612.27
487.0 623.685
487.0 594.45
487.0 628.79
487.0 663.835
487.0 646.62
487.0 631.725
472.0 568.855
472.0 584.28
472.0 633.665
472.0 614.85
472.0 554.755
472.0 733.09
472.0 642.7
472.0 619.35
472.0 566.73
472.0 565.22
472.0 599.775
472.0 653.605
472.0 551.44
472.0 539.355
472.0 652.125
472.0 617.34
472.0 517.76
472.0 550.79
472.0 609.6
472.0 660.66
472.0 593.93
472.0 591.64
472.0 573.62
472.0 594.575
472.0 643.195
472.0 641.345
472.0 680.955
472.0 573.715
472.0 562.715
472.0 536.85
472.0 579.375
472.0 557.2
472.0 634.335
472.0 547.18
472.0 601.79
472.0 699.09
472.0 546.05
472.0 623.025
472.0 555.68
472.0 575.19
472.0 559.175
472.0 571.735
454.0 543.79
454.0 607.29
454.0 571.43
454.0 587.105
454.0 612.985
454.0 607.37
454.0 582.445
454.0 579.33
454.0 575.315
454.0 588.89
454.0 590.28
454.0 655.44
454.0 697.63
454.0 586.045
454.0 534.945
454.0 532.92
454.0 539.5
454.0 541.905
454.0 566.585
454.0 600.65
454.0 525.355
454.0 645.95
454.0 576.83
453.0 583.965
453.0 603.33
453.0 568.885
453.0 547.335
453.0 599.63
453.0 575.91
453.0 589.665
453.0 490.7
453.0 546.28
453.0 520.195
453.0 506.13
411.0 527.58
411.0 612.2
411.0 595.295
411.0 602.75
411.0 662.975
411.0 591.575
411.0 570.355
411.0 550.285
411.0 595.44
411.0 655.88
411.0 604.12
411.0 694.405
411.0 575.515
411.0 626.765
411.0 599.535
411.0 559.095
411.0 587.61
411.0 629.07
411.0 498.67
411.0 532.2
411.0 498.295
411.0 513.24
411.0 512.035
411.0 576.925
411.0 495.735
411.0 537.35
411.0 497.765
411.0 516.97
411.0 528.15
