7.613846335910733E-4 3.1954783271148917E-4
7.613846335910733E-4 3.6546048600005835E-4
0.0010402150355063142 4.3332903872866793E-4
0.0010402150355063142 4.9551336082317E-4
0.0010402150355063142 5.639671287789257E-4
0.0011500915173816497 5.760969642157697E-4
0.0011500915173816497 7.291335219959236E-4
0.0014648364158898054 8.138448524271308E-4
0.0014648364158898054 8.917488885788437E-4
0.002308170380653646 9.814459718689758E-4
0.002308170380653646 0.0010531451640010388
0.002494433576941295 0.0011040252875396356
0.0026223014832557965 0.0012109910544066467
0.0026223014832557965 0.0014164403624177943
0.0026223014832557965 0.001633549414124419
0.002657030134217138 0.0017242080858380442
0.002657030134217138 0.001785982166203567
0.002826924856297197 0.0018894195779210537
0.0034324628249484397 0.0019724079818459854
0.004005943889147596 0.0020053287918648513
0.0044244900184266705 0.002076671788016049
0.0044244900184266705 0.0022215805932579422
0.0047792639797134525 0.0025073164114258967
0.0047792639797134525 0.0028429257816890803
0.0047792639797134525 0.003074964019420437
0.0047792639797134525 0.0032774121816838402
0.0047792639797134525 0.0034495005433393573
0.0047792639797134525 0.003649258103074102
0.0047792639797134525 0.0036457153876149166
0.0047792639797134525 0.0037882741947116243
0.0047792639797134525 0.004012788108255248
0.0047792639797134525 0.0036260530841910198
0.0047792639797134525 0.0038225134286913294
0.004926008761052301 0.0039058474624069496
0.004926008761052301 0.0039735286191179145
0.004926008761052301 0.004067154352260814
0.004926008761052301 0.00403286266286742
0.004926008761052301 0.004223192845018984
0.004926008761052301 0.0039929421017111675
0.004926008761052301 0.003933527670082971
0.004926008761052301 0.004029689451346813
0.004926008761052301 0.003909982291098141
0.004926008761052301 0.003848839090808264
0.004926008761052301 0.004099536399984619
0.004926008761052301 0.004032302660212101
0.004926008761052301 0.003816063396391399
0.005862372431889208 0.004139544121025423
0.005862372431889208 0.004017034527962481
0.005862372431889208 0.004134607437172237
0.005862372431889208 0.004449992763995553
0.005862372431889208 0.004317386905980037
0.005862372431889208 0.004764977234671384
0.005862372431889208 0.0049027378737070085
0.005862372431889208 0.004878059944275346
0.005862372431889208 0.004868420535159121
0.005862372431889208 0.005108540226771579
0.005862372431889208 0.0051174265304936295
0.005862372431889208 0.005062917421124063
0.005862372431889208 0.004931978795209116
0.005862372431889208 0.004898474026974805
0.005862372431889208 0.004924717939218546
0.005862372431889208 0.005064520320584445
0.005862372431889208 0.005072946178518543
0.005862372431889208 0.004990735600644062
0.005862372431889208 0.005246603040167105
0.005862372431889208 0.005154636419132048
0.005862372431889208 0.0053477964692356834
0.005862372431889208 0.005022315654783948
0.005862372431889208 0.004972539156233424
0.005862372431889208 0.0050168586864543065
0.005862372431889208 0.004582599982178064
0.005862372431889208 0.00516655605205161
0.005862372431889208 0.004903042536305382
0.005862372431889208 0.004937095531064955
0.005862372431889208 0.004975193469592941
0.005862372431889208 0.0049283619027238965
0.005862372431889208 0.005373621137569685
0.005862372431889208 0.004792271318365902
0.005862372431889208 0.004855010718222458
0.005862372431889208 0.004953817175138646
0.005862372431889208 0.004900062410669922
0.005862372431889208 0.005153833595926665
0.005862372431889208 0.005095388464534246
0.005862372431889208 0.0052407028707333325
0.005862372431889208 0.005073726095580123
0.005862372431889208 0.005090660641807278
0.005862372431889208 0.0048144332903807515
0.005862372431889208 0.005209864780557887
0.005862372431889208 0.005151869983742972
0.005862372431889208 0.0051422420439091975
0.005862372431889208 0.005053880356340601
0.005862372431889208 0.004778623333449155
0.005862372431889208 0.0049971433729548344
0.005862372431889208 0.0049459640377489894
0.005862372431889208 0.004781365359009285
0.005862372431889208 0.005009979236663376
0.005862372431889208 0.004899319863526682
0.005862372431889208 0.004880950616191209
0.006300991665093645 0.0049806279689431875
0.006300991665093645 0.004986366013295068
0.006300991665093645 0.004928260468022738
0.006300991665093645 0.005369844917415541
0.006300991665093645 0.005141040220882595
0.006300991665093645 0.0050878344561044505
0.006300991665093645 0.004962475793325722
0.006300991665093645 0.0054058855085585686
0.006389113366311192 0.005250232427874729
0.006389113366311192 0.0051782674020506465
0.006389113366311192 0.005137214373292891
0.006389113366311192 0.00535855779199877
0.006389113366311192 0.005422868698509259
0.006389113366311192 0.005427940520925124
0.006389113366311192 0.005275655867146673
0.006389113366311192 0.005644042006683897
0.006389113366311192 0.005511753851119223
0.006389113366311192 0.005673273207393142
0.006389113366311192 0.0055776129062078995
0.006389113366311192 0.005803498366147151
0.006389113366311192 0.005361268238445544
0.00639820306818295 0.005486503570142104
0.00639820306818295 0.005266523655304457
0.00639820306818295 0.005777926002484221
0.00639820306818295 0.005579394254034841
0.00639820306818295 0.0054870071223777975
0.00639820306818295 0.00510577213804249
0.00639820306818295 0.005585730344263907
0.00639820306818295 0.005381078896239605
0.00639820306818295 0.005401155244684274
0.00639820306818295 0.005737274676996226
0.00639820306818295 0.005350166618702152
0.00639820306818295 0.005354316216698208
0.00639820306818295 0.0055149728642701415
0.00639820306818295 0.005495161176320662
0.00639820306818295 0.005385584336257896
0.00639820306818295 0.00563334546752771
0.00639820306818295 0.00556066889777801
0.00639820306818295 0.005574381384445982
0.00639820306818295 0.005569328080182877
0.00639820306818295 0.0054621600505576125
0.00639820306818295 0.005380453758778739
0.00639820306818295 0.0055797335212935594
0.00639820306818295 0.005563970342056635
0.00639820306818295 0.005278806734958626
0.00639820306818295 0.005597219889181135
0.00639820306818295 0.005536497130350887
0.00639820306818295 0.005643778215283925
0.00639820306818295 0.005451798300736015
0.007064869146058744 0.005141416936880697
0.007064869146058744 0.0054767977754736465
0.007064869146058744 0.005542591430892083
0.007064869146058744 0.005778057495745439
0.007064869146058744 0.005521830632340446
0.007064869146058744 0.005520549041110117
0.007064869146058744 0.005742803712238482
0.007064869146058744 0.005700471244036696
0.007064869146058744 0.005847679859624302
0.007064869146058744 0.0058346542934302
0.007064869146058744 0.00587857711515954
0.007064869146058744 0.005647433496631039
0.007064869146058744 0.005714090134016339
0.007064869146058744 0.0057274677259934025
0.007064869146058744 0.005943517194197457
0.007064869146058744 0.006272856319152245
0.007064869146058744 0.006003665918383308
0.007064869146058744 0.005863970699139091
0.007064869146058744 0.006360721181917725
0.007064869146058744 0.006310817478154552
0.007064869146058744 0.006209676821784246
0.007064869146058744 0.006206011459426868
0.007064869146058744 0.006213196087757715
0.007064869146058744 0.00630797950847072
0.007064869146058744 0.006237600941036781
0.007064869146058744 0.006240136682136024
0.007064869146058744 0.005865705494228598
0.007291612162632081 0.006216254460904758
0.007291612162632081 0.006468838248823123
0.007291612162632081 0.006491987755762525
0.007291612162632081 0.006062893593389426
0.007291612162632081 0.006343840340140111
0.007291612162632081 0.0062277262497295845
0.007291612162632081 0.0062820600551840525
0.007291612162632081 0.00609191101458311
0.007291612162632081 0.006116902254828791
0.007291612162632081 0.006057463688948234
0.007291612162632081 0.006381948096306028
0.007291612162632081 0.006275611253371456
0.007291612162632081 0.006282948786832384
0.007291612162632081 0.00635204439133148
0.007291612162632081 0.006115529265125197
0.007291612162632081 0.006205252467873504
0.007291612162632081 0.006180489928278662
0.007291612162632081 0.00656939682704884
0.007291612162632081 0.006275876513173598
0.007291612162632081 0.0065627507555326954
0.007291612162632081 0.006403646263170828
0.007291612162632081 0.006280030401492758
0.007291612162632081 0.006493524494454602
0.007291612162632081 0.006389859473102138
0.007291612162632081 0.00643949682115673
0.007291612162632081 0.006174702464713636
