5.982070131474452E-4 3.027192635099183E-4
7.92154926533893E-4 3.648566503416733E-4
9.297797409062142E-4 4.1845839605357137E-4
9.297797409062142E-4 4.6022275952272345E-4
9.601705537281331E-4 5.030585006579617E-4
0.0010017591867982904 6.262809145618063E-4
0.0014845090665167925 7.263905908469215E-4
0.0021792762867224214 8.282887089487472E-4
0.0021792762867224214 9.063641978073808E-4
0.0021792762867224214 9.642524255372869E-4
0.0029573318596226527 0.0011364124746543745
0.0046905241643012486 0.0013193270462616238
0.0046905241643012486 0.001573176124051709
0.0046905241643012486 0.0018580578165476628
0.0046905241643012486 0.0023469622813999
0.0046905241643012486 0.0032171493446092637
0.0046905241643012486 0.0037464529004972696
0.006355504303022657 0.0038140906702744176
0.006871198034604573 0.0038961946591095226
0.006871198034604573 0.003994730821007462
0.006871198034604573 0.004041738629217723
0.006871198034604573 0.0038853852244023386
0.006871198034604573 0.004040041306437878
0.006871198034604573 0.005217151642044432
0.006871198034604573 0.005219592022214597
0.006871198034604573 0.005561091477978146
0.006871198034604573 0.0057247777358747755
0.006871198034604573 0.005826491679677838
0.006871198034604573 0.0059775416349085245
0.006871198034604573 0.005882174977018356
0.006871198034604573 0.005991838319459035
0.006871198034604573 0.0061718407203166445
0.006871198034604573 0.005946441144209964
0.006871198034604573 0.005993335573254559
0.006871198034604573 0.006074235615133432
0.006871198034604573 0.006137246217346622
0.006871198034604573 0.006182400481852273
0.006871198034604573 0.006209434430594914
0.006871198034604573 0.0059661380452456355
0.006871198034604573 0.005985128478375946
0.006871198034604573 0.005780879889264816
0.006871198034604573 0.006021586066813292
0.006871198034604573 0.006211484639700004
0.006871198034604573 0.006080298942231448
0.006871198034604573 0.006169704841001569
0.006871198034604573 0.006248961976915372
0.006876394521403487 0.0062456600645612835
0.006876394521403487 0.0059720268191819055
0.006876394521403487 0.005953120153618952
0.006876394521403487 0.006032421374448803
0.006876394521403487 0.0059863119500435215
0.006876394521403487 0.0062856381219693995
0.006876394521403487 0.005883070915059616
0.006876394521403487 0.00626803266464056
0.006876394521403487 0.005963597676930188
0.006876394521403487 0.0060219556362083124
0.006876394521403487 0.0062974472846718645
0.006876394521403487 0.006017151185094766
0.006876394521403487 0.005896499144502219
0.006876394521403487 0.0061173693936490935
0.006876394521403487 0.005948524208810496
0.006876394521403487 0.005519829279352311
0.006876394521403487 0.006057430030994937
0.006876394521403487 0.00615914794624357
0.006876394521403487 0.006079430439708403
0.006876394521403487 0.005788751892200382
0.006876394521403487 0.006043167420046269
0.006876394521403487 0.006153383542699531
0.007158824029703764 0.006145895751727044
0.007158824029703764 0.006077415356826305
0.007158824029703764 0.005941310127065994
0.007158824029703764 0.006084564015216335
0.007188438785919072 0.0062057406196269985
0.007188438785919072 0.006265873427820797
0.007188438785919072 0.006236179809349029
0.007188438785919072 0.006342051868626842
0.007188438785919072 0.006098353356075821
0.007188438785919072 0.006172467150397019
0.007188438785919072 0.006344084883453489
0.007188438785919072 0.00624910907712412
0.007188438785919072 0.006340605462465319
0.007188438785919072 0.0062727506390175625
0.007188438785919072 0.00595090992995361
0.007188438785919072 0.006045554253103388
0.007188438785919072 0.0064387748379614715
0.007188438785919072 0.006427140982697096
0.007188438785919072 0.00617750158788816
0.007188438785919072 0.006339190384334372
0.007188438785919072 0.006589039259132743
0.007188438785919072 0.006292784228120795
0.007188438785919072 0.006666055179785095
0.007188438785919072 0.006218779299512294
0.007188438785919072 0.00610433609855686
0.007188438785919072 0.00640820360252593
0.007188438785919072 0.006391293125831659
0.007188438785919072 0.006623357649101916
0.007188438785919072 0.00599381270908268
0.007188438785919072 0.006491285774814134
0.007188438785919072 0.006649282878796459
0.007188438785919072 0.006144379039932257
0.007188438785919072 0.006206406956100581
0.007188438785919072 0.006189727926753802
0.007188438785919072 0.006462687148195168
0.007188438785919072 0.006003681065357217
0.008524585072959761 0.006555782434888372
0.008524585072959761 0.006303893036279683
0.008524585072959761 0.005864529987396906
0.008524585072959761 0.0063101164730285505
0.008524585072959761 0.006500081455954515
0.008524585072959761 0.006748885336340344
0.008524585072959761 0.006831287263126119
0.008524585072959761 0.007213639419966265
0.008524585072959761 0.007250075900615201
0.008524585072959761 0.007673573958335851
0.008524585072959761 0.006764041620812709
0.008524585072959761 0.007754834771149767
0.008524585072959761 0.007422788811990876
0.008524585072959761 0.007460747121626654
0.008524585072959761 0.007414371784246762
0.008524585072959761 0.0075465043650414405
0.008524585072959761 0.007440372049347483
0.008524585072959761 0.007014206608095528
0.008524585072959761 0.007578495232406002
0.008524585072959761 0.007680396205095507
0.008524585072959761 0.007913462041030762
0.008524585072959761 0.007468959530864545
0.008524585072959761 0.007406300213805601
0.008524585072959761 0.007321567054616142
0.008524585072959761 0.007548928298570155
0.008524585072959761 0.007776085720469708
0.008524585072959761 0.007691732790820992
0.008524585072959761 0.007387512438703752
0.008524585072959761 0.007688117933558579
0.008524585072959761 0.00759940718912864
0.008524585072959761 0.007578122773502655
0.008524585072959761 0.007763185948521501
0.008524585072959761 0.007547445555189668
0.008524585072959761 0.007378098271052711
0.008524585072959761 0.007684576122363756
0.008524585072959761 0.007616828794472071
0.008524585072959761 0.008006569880507693
0.008524585072959761 0.007539937428824876
0.008524585072959761 0.007453092597421206
0.008524585072959761 0.00804469899478948
0.008524585072959761 0.0074805810145761676
0.008524585072959761 0.0074369683926454235
0.008524585072959761 0.0075577611369304675
0.008524585072959761 0.007535801515753253
0.008524585072959761 0.007691957375696275
0.008524585072959761 0.00790598297274132
0.008524585072959761 0.007739901502539967
0.008524585072959761 0.007105472921147258
0.008524585072959761 0.007531767332170398
0.008524585072959761 0.007457047382581088
0.008524585072959761 0.006911576599896969
0.008524585072959761 0.007825035231628719
0.008524585072959761 0.007737396196551749
0.008524585072959761 0.007666773444684613
0.008524585072959761 0.007619609397032453
0.008524585072959761 0.008032597913211599
0.008524585072959761 0.007622460992514845
0.008524585072959761 0.007737095443619672
0.008524585072959761 0.007711900300432606
0.008524585072959761 0.007708314675892468
0.008524585072959761 0.00792973617384203
0.008524585072959761 0.007638246743439174
0.008524585072959761 0.007311065505405545
0.008524585072959761 0.007479166839848935
0.008524585072959761 0.00718704524914912
0.008524585072959761 0.00763831308447388
0.008524585072959761 0.007781431217198115
0.008524585072959761 0.007498313993768501
0.008524585072959761 0.007530473452569801
0.008524585072959761 0.007215988801162418
0.008524585072959761 0.007544254311643774
0.008524585072959761 0.007892252168448792
0.008524585072959761 0.008024635392195731
0.008524585072959761 0.007812722574211067
0.008524585072959761 0.007489624148937074
0.008524585072959761 0.007861963633288852
0.008524585072959761 0.0074044654381165064
0.008524585072959761 0.007749476219939323
0.008524585072959761 0.007653246346971445
0.008524585072959761 0.0077702422479921564
0.008524585072959761 0.007581098990792951
0.008524585072959761 0.007423886985401417
0.008524585072959761 0.007356385052693446
0.008524585072959761 0.007801213510841208
0.008524585072959761 0.007615549513600126
0.008524585072959761 0.008055096331051913
0.008524585072959761 0.007614010246366748
0.008524585072959761 0.007541363474623519
0.008524585072959761 0.007726322043668246
0.008524585072959761 0.007712053476578836
0.008524585072959761 0.007759596368654416
0.008524585072959761 0.0072314984900545805
0.008524585072959761 0.007622304145483505
0.008524585072959761 0.007951076605132326
0.008524585072959761 0.007553229420163059
0.008524585072959761 0.007325133209389552
