4888.0 11178.45
4654.0 9241.565
4654.0 8409.065
3113.0 8146.5
3113.0 7554.05
3877.0 6938.83
4246.0 6665.705
3419.0 6055.565
2300.0 5821.605
2300.0 5742.47
2300.0 4988.46
1370.0 4416.81
1370.0 4356.12
1370.0 3862.895
1370.0 3455.665
1370.0 2883.14
1370.0 2587.295
1454.0 2446.875
1171.0 2325.96
1135.0 2321.08
1135.0 2251.295
1171.0 2194.365
982.0 2202.06
982.0 2016.17
982.0 1958.595
982.0 1915.225
982.0 2000.22
982.0 1810.945
896.0 1667.525
849.0 1640.09
644.0 1562.775
644.0 1645.18
550.0 1556.93
550.0 1441.27
550.0 1394.025
550.0 1328.645
550.0 1223.555
550.0 1175.98
550.0 1047.975
550.0 1049.765
550.0 1073.8
550.0 1115.39
550.0 1154.005
550.0 1151.605
550.0 911.095
550.0 936.745
484.0 944.255
484.0 849.575
484.0 1009.8
484.0 916.27
484.0 960.26
484.0 1080.355
484.0 890.54
484.0 936.08
484.0 857.085
484.0 823.19
484.0 824.845
484.0 890.655
456.0 839.655
456.0 893.82
456.0 833.455
456.0 813.895
456.0 867.195
456.0 860.755
456.0 853.315
456.0 761.36
456.0 922.815
456.0 735.675
456.0 779.29
456.0 703.11
456.0 663.695
456.0 765.555
456.0 770.14
456.0 793.06
456.0 817.3
456.0 821.45
456.0 716.84
456.0 837.69
456.0 740.49
456.0 762.915
434.0 857.05
434.0 813.165
434.0 824.96
434.0 798.545
434.0 696.88
434.0 710.11
434.0 705.2
434.0 840.47
434.0 846.53
434.0 753.67
434.0 682.01
434.0 826.03
434.0 860.86
432.0 729.73
432.0 725.14
432.0 615.565
432.0 881.855
432.0 721.64
432.0 621.015
432.0 708.14
432.0 774.01
432.0 701.24
432.0 628.255
432.0 729.44
432.0 682.65
432.0 764.115
432.0 715.425
432.0 727.775
432.0 726.03
432.0 629.22
432.0 723.215
432.0 732.26
432.0 723.48
432.0 659.87
432.0 818.395
432.0 756.935
432.0 607.64
432.0 746.38
432.0 693.97
432.0 705.22
432.0 703.33
432.0 647.625
432.0 642.075
432.0 680.635
432.0 583.57
432.0 761.73
432.0 765.045
432.0 788.475
432.0 718.705
432.0 757.405
432.0 635.99
432.0 718.595
432.0 737.68
432.0 759.825
432.0 853.745
432.0 755.41
432.0 773.565
432.0 716.775
432.0 731.23
432.0 751.82
432.0 731.485
432.0 852.215
432.0 688.82
432.0 613.19
432.0 569.26
432.0 767.24
432.0 548.65
432.0 690.23
432.0 628.61
432.0 625.91
432.0 660.46
432.0 724.105
432.0 691.62
432.0 670.665
432.0 714.675
432.0 669.4
432.0 720.52
432.0 712.31
432.0 707.73
432.0 828.73
432.0 720.67
432.0 730.875
432.0 764.39
432.0 642.3
432.0 752.87
432.0 687.97
432.0 712.57
432.0 693.68
432.0 783.595
432.0 712.475
432.0 826.87
432.0 763.79
432.0 742.95
432.0 845.315
432.0 732.94
432.0 651.58
432.0 799.385
432.0 622.005
432.0 637.065
432.0 634.47
432.0 598.31
432.0 680.485
432.0 665.375
432.0 780.195
432.0 641.775
432.0 728.06
432.0 753.18
432.0 709.32
432.0 680.55
432.0 707.18
432.0 855.01
432.0 777.725
432.0 628.985
432.0 644.985
432.0 716.94
432.0 716.855
432.0 667.115
432.0 653.02
432.0 674.655
432.0 646.37
