3869.0 11156.4
3869.0 10175.065
3869.0 8765.575
2767.0 8405.96
2767.0 7061.665
2588.0 5610.195
2524.0 5495.155
2524.0 4895.085
1783.0 4716.27
1350.0 4379.45
1350.0 3983.32
1350.0 3032.83
1350.0 2400.23
999.0 2295.02
1003.0 2147.365
1003.0 2000.61
1071.0 2065.605
1000.0 1876.955
774.0 1701.675
500.0 1719.075
345.0 1484.71
345.0 1235.58
345.0 1026.19
345.0 720.95
345.0 569.595
345.0 727.985
345.0 563.915
345.0 679.285
345.0 666.975
345.0 646.225
345.0 561.21
345.0 497.245
345.0 758.085
345.0 701.9
345.0 682.27
345.0 587.845
345.0 634.865
345.0 635.905
345.0 625.25
345.0 541.95
345.0 670.75
345.0 659.625
345.0 602.68
345.0 591.06
345.0 628.85
345.0 650.995
345.0 730.54
345.0 635.67
345.0 613.265
345.0 583.185
345.0 633.35
345.0 639.23
345.0 612.075
345.0 669.145
345.0 600.91
345.0 667.2
345.0 630.755
345.0 704.57
345.0 563.51
345.0 557.165
345.0 679.455
345.0 681.72
345.0 769.48
345.0 649.87
345.0 810.605
345.0 757.65
345.0 705.095
345.0 651.35
345.0 611.51
345.0 703.055
345.0 587.18
345.0 538.245
345.0 635.63
345.0 598.98
345.0 658.785
345.0 709.63
345.0 557.39
345.0 632.97
345.0 635.075
345.0 589.17
345.0 640.665
345.0 626.65
345.0 673.325
345.0 591.63
345.0 675.315
345.0 629.615
345.0 588.125
345.0 716.45
345.0 615.02
345.0 591.87
345.0 681.37
345.0 667.64
345.0 636.925
345.0 649.665
345.0 599.535
345.0 622.39
345.0 579.165
345.0 696.525
345.0 674.465
345.0 666.46
345.0 583.745
345.0 454.76
345.0 575.72
345.0 818.15
345.0 697.185
345.0 669.415
345.0 798.695
345.0 710.32
345.0 653.11
345.0 605.66
345.0 597.015
345.0 559.755
345.0 719.17
345.0 533.065
345.0 647.21
345.0 615.11
345.0 673.415
345.0 662.555
345.0 636.965
345.0 687.955
345.0 588.24
345.0 699.29
345.0 671.655
345.0 592.9
345.0 524.05
345.0 650.9
345.0 571.27
345.0 700.685
345.0 659.97
345.0 757.655
345.0 619.41
345.0 668.73
345.0 692.995
345.0 631.81
345.0 735.185
345.0 621.755
345.0 755.205
345.0 703.34
345.0 723.525
345.0 620.655
345.0 516.62
345.0 611.305
345.0 629.37
345.0 658.69
345.0 599.985
345.0 528.785
345.0 672.89
345.0 654.905
345.0 533.555
345.0 616.51
345.0 591.885
345.0 659.06
345.0 598.91
345.0 763.505
345.0 564.32
345.0 681.97
345.0 671.41
345.0 686.325
345.0 592.695
345.0 735.705
345.0 692.44
345.0 532.11
345.0 592.205
345.0 594.415
345.0 666.63
345.0 589.68
345.0 629.9
345.0 591.005
345.0 714.825
345.0 624.345
345.0 637.11
345.0 651.63
345.0 674.525
345.0 677.185
345.0 736.315
345.0 592.8
345.0 573.6
345.0 543.67
345.0 687.185
345.0 714.625
345.0 653.81
345.0 626.655
345.0 540.03
345.0 728.825
345.0 666.85
345.0 546.035
345.0 579.145
345.0 661.185
345.0 654.86
345.0 646.665
345.0 607.625
345.0 710.22
345.0 629.735
345.0 628.1
345.0 699.73
345.0 561.65
345.0 638.53
345.0 778.26
345.0 695.405
345.0 605.49
