5399.0 11094.795
4864.0 9894.585
4864.0 8695.3
4864.0 8188.74
4173.0 7688.625
3644.0 7329.145
4491.0 7212.83
2510.0 6789.22
2510.0 6302.755
2510.0 5653.33
2166.0 4454.66
1951.0 3811.785
1951.0 3228.58
1396.0 2990.505
1333.0 2923.245
1333.0 2741.345
862.0 2761.485
896.0 2552.08
896.0 2447.11
896.0 2324.205
896.0 2289.585
896.0 1861.99
896.0 1646.13
896.0 1574.725
896.0 1499.06
896.0 1299.325
896.0 1347.74
896.0 1434.78
896.0 1353.425
896.0 1283.385
896.0 1300.77
896.0 1375.04
896.0 1333.5
896.0 1245.605
896.0 1404.15
896.0 1286.975
896.0 1193.165
896.0 1211.105
896.0 1260.08
896.0 1268.195
864.0 1263.89
864.0 1270.0
864.0 1362.77
864.0 1383.65
864.0 1208.845
864.0 1309.525
864.0 1257.425
864.0 1284.67
864.0 1309.96
864.0 1358.835
771.0 1328.895
771.0 1286.225
771.0 1217.76
771.0 1358.89
480.0 1354.525
480.0 1235.265
480.0 1171.5
480.0 1179.9
395.0 815.345
395.0 777.975
395.0 767.02
395.0 792.47
395.0 764.285
395.0 817.715
395.0 825.415
395.0 869.045
395.0 747.735
395.0 752.415
395.0 940.67
395.0 752.64
395.0 738.45
395.0 613.24
395.0 552.565
395.0 578.88
395.0 716.34
395.0 648.075
395.0 673.4
395.0 611.56
395.0 575.675
395.0 698.6
395.0 669.39
395.0 774.645
395.0 640.61
395.0 598.915
395.0 651.67
395.0 638.105
395.0 646.32
395.0 697.54
395.0 746.285
395.0 672.62
395.0 665.825
395.0 721.875
395.0 840.035
395.0 687.215
395.0 651.21
395.0 624.11
395.0 683.51
395.0 745.165
395.0 708.96
395.0 683.38
395.0 811.325
395.0 752.765
395.0 889.22
395.0 884.815
395.0 750.73
395.0 876.19
395.0 636.035
395.0 651.695
395.0 703.6
395.0 723.61
395.0 768.325
395.0 617.49
395.0 732.215
395.0 719.915
395.0 618.515
395.0 714.765
395.0 597.41
395.0 588.075
395.0 766.01
395.0 686.665
395.0 575.86
395.0 613.37
395.0 647.405
395.0 697.395
395.0 683.53
395.0 680.915
395.0 664.75
395.0 668.815
395.0 628.175
395.0 688.86
395.0 729.675
395.0 659.015
395.0 573.81
395.0 582.36
395.0 647.605
395.0 680.54
395.0 647.12
395.0 711.895
395.0 725.495
395.0 631.855
395.0 672.14
395.0 782.3
395.0 599.23
395.0 682.88
395.0 577.69
395.0 612.465
395.0 751.675
395.0 662.79
395.0 748.465
395.0 679.37
395.0 619.775
395.0 757.545
395.0 702.58
395.0 729.645
395.0 626.615
395.0 675.42
395.0 543.94
395.0 644.39
395.0 618.17
395.0 632.615
395.0 651.5
395.0 646.245
395.0 684.195
395.0 721.705
395.0 688.78
395.0 683.805
395.0 861.255
395.0 564.91
395.0 637.005
395.0 568.175
395.0 565.86
395.0 559.87
395.0 632.0
395.0 591.635
395.0 685.81
395.0 582.01
395.0 638.24
395.0 627.15
395.0 646.5
395.0 776.435
395.0 668.19
395.0 528.7
395.0 662.01
395.0 657.585
395.0 786.15
395.0 671.585
395.0 693.705
395.0 697.185
395.0 646.015
395.0 635.685
395.0 662.89
395.0 608.79
395.0 574.385
395.0 725.415
397.0 655.5
397.0 657.91
397.0 722.515
397.0 775.76
397.0 603.62
397.0 777.73
