5755.0 10992.65
5755.0 9712.43
3631.0 8866.28
3631.0 8461.22
3631.0 8188.755
2102.0 7401.07
2102.0 6228.74
2102.0 5629.595
2149.0 4128.31
1470.0 3746.095
1470.0 3290.195
1470.0 2799.345
1069.0 2659.645
1069.0 2487.115
1069.0 2241.805
960.0 2244.04
960.0 2019.125
1066.0 1854.67
958.0 1698.68
933.0 1657.195
933.0 1593.93
933.0 1458.63
933.0 1588.99
702.0 1384.32
510.0 1571.795
510.0 1469.85
510.0 1244.235
510.0 1271.845
510.0 1129.945
510.0 1076.205
510.0 1064.975
510.0 815.56
510.0 904.895
510.0 949.925
500.0 890.495
406.0 798.675
406.0 874.0
406.0 830.06
406.0 795.775
293.0 812.83
293.0 706.75
293.0 582.35
293.0 655.905
293.0 649.94
293.0 609.535
293.0 616.515
293.0 631.71
293.0 538.575
293.0 479.425
293.0 472.835
293.0 473.445
293.0 533.775
293.0 511.965
293.0 442.64
293.0 480.205
293.0 435.715
293.0 517.68
293.0 493.675
293.0 461.165
293.0 477.045
293.0 417.375
293.0 546.14
293.0 650.275
293.0 446.46
293.0 450.65
293.0 555.26
293.0 449.185
293.0 454.31
293.0 508.83
293.0 467.215
293.0 524.145
293.0 398.895
293.0 442.225
293.0 462.375
293.0 503.48
293.0 503.615
293.0 471.16
293.0 508.53
293.0 375.98
293.0 423.805
293.0 534.61
293.0 493.225
293.0 427.82
293.0 468.475
293.0 477.04
293.0 541.47
293.0 506.63
293.0 404.055
293.0 610.48
293.0 530.54
293.0 526.405
293.0 497.905
293.0 446.05
293.0 454.325
293.0 497.985
293.0 474.725
293.0 519.055
293.0 422.86
293.0 636.17
293.0 491.9
293.0 509.05
293.0 489.095
293.0 621.645
293.0 496.805
293.0 471.1
293.0 552.34
293.0 472.795
293.0 489.38
293.0 558.255
293.0 451.46
293.0 483.46
293.0 430.305
293.0 417.97
293.0 472.32
293.0 424.465
293.0 486.465
293.0 593.4
293.0 478.615
293.0 488.745
293.0 472.735
293.0 423.195
293.0 467.845
293.0 459.55
293.0 453.77
293.0 453.135
293.0 496.505
293.0 422.95
293.0 481.97
293.0 400.24
293.0 518.1
293.0 509.555
293.0 570.41
293.0 466.71
293.0 468.71
293.0 500.87
293.0 424.91
293.0 413.475
293.0 509.325
293.0 491.155
293.0 471.15
293.0 434.105
293.0 483.785
293.0 492.11
293.0 537.47
293.0 478.935
293.0 457.21
293.0 610.44
293.0 494.19
293.0 392.47
293.0 435.8
293.0 530.685
293.0 424.835
293.0 408.545
293.0 591.485
293.0 531.42
293.0 523.67
293.0 491.25
293.0 435.735
293.0 465.69
293.0 444.195
293.0 452.215
293.0 546.565
293.0 417.63
293.0 555.38
293.0 562.54
293.0 564.63
293.0 425.385
293.0 598.095
293.0 516.105
293.0 488.875
293.0 424.315
293.0 460.305
293.0 457.51
293.0 453.625
293.0 462.905
293.0 432.98
293.0 640.365
293.0 458.54
293.0 443.385
293.0 531.05
293.0 444.545
293.0 530.51
293.0 449.95
293.0 457.12
293.0 583.795
293.0 588.99
293.0 564.305
293.0 473.605
293.0 506.54
293.0 524.41
293.0 479.895
293.0 452.565
293.0 458.26
293.0 511.705
293.0 490.76
293.0 430.98
293.0 421.135
293.0 442.2
293.0 529.83
293.0 509.125
