6.706124015374927E-4 2.999931909895125E-4
6.706124015374927E-4 3.4699058883829554E-4
6.906124925350181E-4 3.7184135129900527E-4
8.868968078640039E-4 4.444659039420945E-4
9.098880997131737E-4 5.006311897307806E-4
9.098880997131737E-4 5.460909437214857E-4
0.001064130506407328 5.989914579782907E-4
0.0011638502270102224 6.559832835359848E-4
0.0012826654012368587 7.559534575857626E-4
0.0018780933315152885 8.219385963244408E-4
0.0019909348955670465 9.237268314582154E-4
0.0019909348955670465 0.0010244428050835575
0.0021626813663095743 0.001029770811766183
0.0021626813663095743 0.0010673408697119446
0.00295520753318991 0.0011625214618853923
0.00396166747764576 0.0013265674531710513
0.00418406379400324 0.001968207241928531
0.00418406379400324 0.0026186818871890556
0.00418406379400324 0.0029563201600135073
0.004260504084946291 0.0033658413563467295
0.004260504084946291 0.0033057611495311357
0.004260504084946291 0.0033881964830627686
0.004260504084946291 0.0035711519054896766
0.004391741686896589 0.0034738546557605003
0.004391741686896589 0.0035466188215659616
0.004391741686896589 0.00353420221363074
0.005936835621781725 0.003533035827421601
0.005936835621781725 0.0035729182195183146
0.005936835621781725 0.0035691652834065183
0.006579896752579483 0.003775251791052643
0.006579896752579483 0.004000395900690607
0.006579896752579483 0.004396361257009269
0.006579896752579483 0.004865187223149829
0.006579896752579483 0.0055450324243376935
0.006579896752579483 0.0054234847341657535
0.006579896752579483 0.005618085683948774
0.006579896752579483 0.005508262146799226
0.006579896752579483 0.005557960863099838
0.006579896752579483 0.005515761141299515
0.006579896752579483 0.005658482272181408
0.006579896752579483 0.005776335385339464
0.006579896752579483 0.006023416587438214
0.006579896752579483 0.005445026381103496
0.006579896752579483 0.005805875834985616
0.007477693660659419 0.005477795083754018
0.007477693660659419 0.005751775565946327
0.007477693660659419 0.005740453858827076
0.007477693660659419 0.00585782066158447
0.007477693660659419 0.006229838836394656
0.007477693660659419 0.00579752344140062
0.007477693660659419 0.005953474124602885
0.007477693660659419 0.0061842353833066995
0.007477693660659419 0.006396554155634464
0.007477693660659419 0.00631960432887532
0.007477693660659419 0.00647849666315346
0.007477693660659419 0.006489313379078072
0.007477693660659419 0.006720612378975024
0.007477693660659419 0.006576880530955481
0.007477693660659419 0.006505234002360956
0.007477693660659419 0.006317354644683475
0.007477693660659419 0.006474454310527683
0.007477693660659419 0.006746675423681348
0.007730367090608538 0.006395792265020893
0.007730367090608538 0.006507076618035171
0.007730367090608538 0.006563994946621494
0.007730367090608538 0.00664562219478747
0.007730367090608538 0.006429837026693182
0.007730367090608538 0.006682260366279649
0.007730367090608538 0.006447088608396022
0.007730367090608538 0.006688762623178013
0.007730367090608538 0.006616571711633193
0.007730367090608538 0.0064102202289707914
0.007730367090608538 0.006814147542587606
0.007730367090608538 0.006708475795008326
0.007730367090608538 0.006781471647414251
0.007730367090608538 0.006655976370712254
0.007730367090608538 0.006631263226716595
0.007730367090608538 0.006810405235324602
0.007730367090608538 0.0068367987953744805
0.008164421532650366 0.006487925676833759
0.008164421532650366 0.007012752203790389
0.008164421532650366 0.006649136003900185
0.008164421532650366 0.006935450100730752
0.008164421532650366 0.006805454457239262
0.008164421532650366 0.006613307570965249
0.008164421532650366 0.007040524142868546
0.008164421532650366 0.007169679406313392
0.008164421532650366 0.007102754620727855
0.008164421532650366 0.0074089489802649615
0.008164421532650366 0.007041813408519244
0.008164421532650366 0.00704622007463988
0.008164421532650366 0.0070495499505777905
0.008164421532650366 0.007423180036008823
0.008164421532650366 0.006764756792310537
0.008164421532650366 0.00712787009654955
0.008164421532650366 0.007020789229587494
0.008164421532650366 0.007425437020197775
0.008164421532650366 0.007322984546305164
0.008164421532650366 0.0073224148630901195
0.008164421532650366 0.007055639513228132
0.008164421532650366 0.006860929318265434
0.008164421532650366 0.007517413309167212
0.008164421532650366 0.007297140042418164
0.008164421532650366 0.007456061587506947
0.008164421532650366 0.007228015723014304
0.008164421532650366 0.007136455404039382
0.008164421532650366 0.007174498768846493
0.008164421532650366 0.0071505731656173145
0.008164421532650366 0.007170947556781309
0.008164421532650366 0.007509226800839711
0.008164421532650366 0.007165988959444469
0.008164421532650366 0.006972777861914919
0.008164421532650366 0.006983632609819318
0.008164421532650366 0.0072269718522555695
0.008164421532650366 0.006810902244148801
0.008164421532650366 0.007206794977853434
0.008164421532650366 0.007168905094469746
0.008164421532650366 0.007225055722099873
0.008164421532650366 0.007450118554786501
0.008164421532650366 0.007158077395856095
0.008164421532650366 0.00672105298030244
0.008164421532650366 0.007288978357431277
0.008164421532650366 0.007273719559120292
0.008164421532650366 0.007411747655855688
0.008164421532650366 0.007256854498326579
0.008164421532650366 0.007402893130117909
0.008164421532650366 0.007594460806387925
0.008164421532650366 0.007237786687452928
0.008164421532650366 0.007169073959850591
0.008164421532650366 0.007385640568533442
0.008164421532650366 0.007316352872682564
0.008164421532650366 0.007309053638326592
0.008164421532650366 0.00759917649452005
0.008164421532650366 0.00754864644031997
0.008164421532650366 0.007547632005173991
0.008164421532650366 0.007158659249233182
0.008164421532650366 0.0074421180179649925
0.008164421532650366 0.00716989508460423
0.008164421532650366 0.007314448549873073
0.008164421532650366 0.006910041388728843
0.008164421532650366 0.00691982738488603
0.008164421532650366 0.00688704633070456
0.008164421532650366 0.007483432298957316
0.008164421532650366 0.007355521526372136
0.008164421532650366 0.00718204308514798
0.008164421532650366 0.007077903449081134
0.008164421532650366 0.006632500558294303
0.008164421532650366 0.007215627045069953
0.008164421532650366 0.007064172156997828
0.008164421532650366 0.007263639581106968
0.008164421532650366 0.00717735130865064
0.008164421532650366 0.007258034159421493
0.008164421532650366 0.0075042011047016235
0.008164421532650366 0.007220814445514953
0.008164421532650366 0.007352413806580991
0.008164421532650366 0.007121557413746694
0.008164421532650366 0.007270131034199898
0.008164421532650366 0.007024518315618218
0.008164421532650366 0.006995267286904468
0.008164421532650366 0.007437354113885037
0.008164421532650366 0.006980137436369038
0.008164421532650366 0.006931272135541621
0.008164421532650366 0.0072091669089078166
0.008164421532650366 0.007164308835443651
0.008164421532650366 0.007592981049588304
0.008164421532650366 0.007681829821611652
0.008164421532650366 0.007007081968530618
0.008164421532650366 0.007313521792440608
0.008164421532650366 0.007373850910419288
0.008164421532650366 0.007549487003006238
0.008164421532650366 0.007390635722604947
0.008164421532650366 0.007489147109757716
0.008164421532650366 0.0073262841390342535
0.008164421532650366 0.007705395976921527
0.008164421532650366 0.007243716174165399
0.008164421532650366 0.007091566603536138
0.008164421532650366 0.006660029080388521
0.008164421532650366 0.007194464168935452
0.008164421532650366 0.007201005486235771
0.008164421532650366 0.0071710129971177825
0.008164421532650366 0.007002678857393681
0.008164421532650366 0.006977054902752471
0.008164421532650366 0.006889652753525588
0.008164421532650366 0.007205731465372832
0.008164421532650366 0.0066433308389959745
0.008164421532650366 0.007315314819513883
0.008164421532650366 0.007175006418531202
0.008164421532650366 0.006997072779621164
0.008164421532650366 0.007223888987821194
0.008164421532650366 0.0072306087158457025
0.008164421532650366 0.007312822966352085
0.008164421532650366 0.007162732277091976
0.008164421532650366 0.007154667623225649
0.008164421532650366 0.007356089113233738
0.008164421532650366 0.007134401531189849
0.008164421532650366 0.007419319589890022
0.008164421532650366 0.0072097021983733404
0.008164421532650366 0.007309470428674734
0.008164421532650366 0.007216418107733359
0.008164421532650366 0.007277804448384172
