6.798067036275959E-4 3.236047178321158E-4
6.798067036275959E-4 3.7167795259306703E-4
7.89122755629999E-4 4.195118990508144E-4
7.89122755629999E-4 4.4670156284110985E-4
8.699299298791192E-4 4.7081926907009485E-4
0.0010343546098998612 5.060558438482233E-4
0.0010343546098998612 5.459361621667718E-4
0.0010343546098998612 5.843741021603444E-4
0.0011966879388230036 6.3060354099839E-4
0.001332779538631453 7.131622137015423E-4
0.001332779538631453 7.670371212615866E-4
0.0018787148685277563 8.564147320731702E-4
0.0018787148685277563 9.31770825600807E-4
0.0018787148685277563 0.0011018723685588857
0.0026688004513578186 0.0012033396205449682
0.0026688004513578186 0.0013505593054616862
0.00329222183262821 0.0015346358194120795
0.00329222183262821 0.0018540521103069779
0.00329222183262821 0.002030101541486964
0.004848266802576233 0.00243132514985921
0.004848266802576233 0.002666462023427487
0.004848266802576233 0.0030210594217908423
0.004848266802576233 0.0034220774612702264
0.004848266802576233 0.003686325425299503
0.004848266802576233 0.0038055246023485172
0.004848266802576233 0.003902543417846645
0.004848266802576233 0.00397035788477253
0.004848266802576233 0.004113785754293431
0.004848266802576233 0.0039490368143706555
0.004848266802576233 0.004211125033175128
0.004848266802576233 0.0042438437164422985
0.004848266802576233 0.004286288676466023
0.004848266802576233 0.004237202991448506
0.004848266802576233 0.004020525442764639
0.004848266802576233 0.004102703904921945
0.004848266802576233 0.004056185796160902
0.004848266802576233 0.0042537647398030965
0.004848266802576233 0.004234600963244269
0.004848266802576233 0.004104934320074314
0.004848266802576233 0.0040141436797349874
0.004848266802576233 0.004353895845404954
0.004848266802576233 0.004116440276188344
0.004848266802576233 0.004107021117042811
0.004848266802576233 0.0040379256290274754
0.004848266802576233 0.0040773753852900345
0.004848266802576233 0.004003159108721903
0.004848266802576233 0.004210291724023089
0.004848266802576233 0.004085918037463196
0.004848266802576233 0.004115343898636146
0.004848266802576233 0.004245918576848514
0.004848266802576233 0.003880949817869069
0.004848266802576233 0.003975011214504301
0.004848266802576233 0.0038967478316975146
0.004848266802576233 0.0039190148088216956
0.004848266802576233 0.004003919954217274
0.004848266802576233 0.004016590952240601
0.004848266802576233 0.0040934360986126265
0.004848266802576233 0.003930224625233784
0.004848266802576233 0.004241932248785901
0.004848266802576233 0.0040653263638315285
0.004848266802576233 0.004148768182293965
0.004848266802576233 0.004163902484825291
0.004848266802576233 0.0040500899894829025
0.004848266802576233 0.00385642675883581
0.004848266802576233 0.003980961382726074
0.004848266802576233 0.004074487017928712
0.004848266802576233 0.003911200692186734
0.004848266802576233 0.0038937816084696525
0.004848266802576233 0.003993702733720198
0.004848266802576233 0.004140539640646836
0.004848266802576233 0.004124429587661754
0.006086231995174069 0.003940866654028609
0.006086231995174069 0.003992196500408901
0.006086231995174069 0.004188721074688367
0.006086231995174069 0.0043485778943678464
0.006086231995174069 0.004694388803792697
0.006086231995174069 0.00505785262305652
0.006086231995174069 0.005053908809832404
0.006086231995174069 0.005240846189245302
0.006086231995174069 0.0050548843081356645
0.006086231995174069 0.0052598018950662925
0.006086231995174069 0.005129965384484145
0.006086231995174069 0.005305179790927597
0.006086231995174069 0.005353287934596902
0.006086231995174069 0.005087155169788527
0.006086231995174069 0.005289626915948251
0.006086231995174069 0.005098368743946594
0.006086231995174069 0.005251787643345793
0.006086231995174069 0.004854630823645803
0.006086231995174069 0.005040293612989866
0.006086231995174069 0.005356384690224442
0.006086231995174069 0.005475284173110209
0.006086231995174069 0.005261591635528022
0.006086231995174069 0.005545427726219716
0.006086231995174069 0.005339014933538399
0.006086231995174069 0.00516060940111953
0.006086231995174069 0.005472936706114489
0.006086231995174069 0.00531834901585699
0.006086231995174069 0.005234011448994072
0.006086231995174069 0.005246484405924635
0.006086231995174069 0.005318395773736485
0.006086231995174069 0.005214990624058767
0.006086231995174069 0.005249749019835751
0.006086231995174069 0.004817128106045308
0.006086231995174069 0.0051338789859533196
0.006086231995174069 0.005329986161660682
0.006086231995174069 0.005175425272609596
0.006086231995174069 0.0051309781874947615
0.006086231995174069 0.005444755039650607
0.006086231995174069 0.005351450461693163
0.006086231995174069 0.005062527275107538
0.006086231995174069 0.005514607909147691
0.006086231995174069 0.005301568550211653
0.006086231995174069 0.005407768769891461
0.006086231995174069 0.0053879120320280294
0.006086231995174069 0.005301441576803437
0.006086231995174069 0.005163835246359838
0.006086231995174069 0.005172058247703255
0.006086231995174069 0.005549202523809948
0.006086231995174069 0.005279507329589115
0.006086231995174069 0.005059902368087324
0.006208878393539181 0.005085441198268092
0.006208878393539181 0.0051726858898287
0.006208878393539181 0.005282649910613443
0.006208878393539181 0.00502717122781198
0.006208878393539181 0.005170329262376393
0.006208878393539181 0.005353350183113304
0.006208878393539181 0.005204130244902381
0.006208878393539181 0.005066508648659164
0.006208878393539181 0.005116183573530389
0.006208878393539181 0.0054291453470048864
0.006208878393539181 0.00547686219883973
0.006208878393539181 0.005305373252877309
0.006208878393539181 0.005554710756597887
0.006208878393539181 0.00550438028757612
0.006208878393539181 0.005248610251098852
0.006208878393539181 0.005767573852321583
0.006208878393539181 0.005356814635173732
0.006208878393539181 0.005401253665487675
0.006208878393539181 0.005450174022499618
0.006208878393539181 0.005182765203399031
0.006208878393539181 0.0054518418545696605
0.006208878393539181 0.005248329856678729
0.0074131267942709805 0.005508585759359018
0.0074131267942709805 0.005686362550745323
0.0074131267942709805 0.00529287016792205
0.0074131267942709805 0.005580394944937487
0.0074131267942709805 0.00559981097201521
0.0074131267942709805 0.005637930096371024
0.0074131267942709805 0.005774630099093466
0.0074131267942709805 0.006131076241472363
0.0074131267942709805 0.00626161591947357
0.0074131267942709805 0.006309475755492598
0.0074131267942709805 0.006312715410245576
0.0074131267942709805 0.0065487211018512214
0.0074131267942709805 0.006488927667093638
0.0074131267942709805 0.006236853617178389
0.0074131267942709805 0.006735691143361003
0.0074131267942709805 0.006395894050385206
0.0074131267942709805 0.00631376939413615
0.0074131267942709805 0.0063437893873344985
0.0074131267942709805 0.006256657184810519
0.008066498255874932 0.006560740780374244
0.008066498255874932 0.006600679820393228
0.008066498255874932 0.006731787997596864
0.008066498255874932 0.0067814425748381835
0.008066498255874932 0.006845160953386753
0.008066498255874932 0.007041289383856394
0.008066498255874932 0.00695673966019996
0.008066498255874932 0.006837688548383567
0.008066498255874932 0.006941737260634981
0.008066498255874932 0.007313780690974542
0.008066498255874932 0.007197637860644785
0.008066498255874932 0.007047517055967588
0.008066498255874932 0.007090906577554699
0.008066498255874932 0.007132408513675235
0.008066498255874932 0.007119001770883558
0.008066498255874932 0.007420943480565645
0.008066498255874932 0.007294234534200611
0.008066498255874932 0.0068711002959840175
0.008066498255874932 0.006815371326330871
0.008066498255874932 0.006966987337523259
0.008066498255874932 0.007161021813083499
0.008066498255874932 0.007336309725606868
0.008066498255874932 0.007366070015239413
0.008066498255874932 0.007059508511670529
0.008066498255874932 0.006821875904093415
0.008066498255874932 0.007149584526577776
0.008066498255874932 0.007147516777955324
0.008066498255874932 0.007451048085721544
0.008066498255874932 0.006872367274486805
0.008066498255874932 0.007123169142982716
0.008066498255874932 0.007102512965461289
0.008066498255874932 0.006980651292728256
0.008066498255874932 0.006962459671179664
0.008066498255874932 0.006956674555051097
0.008066498255874932 0.007206907750891504
0.008066498255874932 0.006908348422431147
0.008066498255874932 0.006958993604475703
0.008066498255874932 0.0071170036222770695
