4493.0 10458.46
4426.0 9268.205
4521.0 8492.545
3103.0 7718.29
3103.0 7281.475
3103.0 6746.955
2930.0 6119.675
2930.0 5004.735
2426.0 4026.01
1979.0 3662.575
1683.0 3343.51
1423.0 3374.605
1423.0 3328.77
1423.0 2792.88
1339.0 2693.25
1388.0 2539.52
1119.0 2271.87
875.0 2220.55
875.0 2142.315
864.0 1946.31
864.0 1846.66
614.0 1663.275
614.0 1477.65
647.0 1388.505
428.0 1366.175
428.0 1191.15
428.0 1127.885
428.0 1097.995
428.0 1038.485
428.0 954.58
428.0 842.28
428.0 870.225
428.0 629.675
428.0 738.155
428.0 738.305
428.0 670.075
428.0 708.24
428.0 672.555
370.0 769.13
370.0 761.07
370.0 699.42
370.0 660.17
370.0 686.33
370.0 834.01
370.0 819.025
370.0 738.355
370.0 631.83
370.0 543.185
370.0 684.69
370.0 603.92
370.0 515.915
370.0 583.86
370.0 638.12
370.0 617.465
370.0 621.38
370.0 700.645
370.0 670.23
370.0 715.78
370.0 639.94
370.0 580.685
370.0 561.295
370.0 715.435
370.0 568.78
370.0 647.525
370.0 660.52
370.0 650.425
370.0 750.65
370.0 534.14
370.0 582.8
370.0 573.525
370.0 736.78
370.0 729.895
370.0 603.2
370.0 789.96
370.0 677.01
370.0 699.6
370.0 571.935
370.0 659.435
370.0 730.835
370.0 733.235
370.0 601.385
370.0 770.58
370.0 647.06
370.0 674.635
370.0 534.935
370.0 769.915
370.0 635.925
370.0 801.465
370.0 511.38
370.0 708.495
370.0 671.26
370.0 586.75
370.0 554.605
370.0 702.665
370.0 609.64
370.0 602.605
370.0 651.275
370.0 695.855
370.0 635.1
370.0 584.625
370.0 556.21
370.0 630.285
370.0 642.175
370.0 578.505
370.0 556.98
370.0 576.27
370.0 536.495
370.0 577.465
370.0 617.795
370.0 619.55
370.0 595.27
370.0 598.68
370.0 502.39
370.0 660.49
370.0 620.78
370.0 680.01
370.0 600.66
370.0 624.19
370.0 669.075
370.0 760.835
370.0 618.645
370.0 646.335
370.0 565.53
370.0 648.765
370.0 622.065
370.0 594.195
370.0 595.305
370.0 695.565
370.0 626.125
370.0 569.57
370.0 540.64
370.0 659.82
370.0 664.805
370.0 586.45
370.0 518.635
370.0 669.74
370.0 667.63
370.0 652.9
370.0 556.47
370.0 683.525
370.0 631.8
370.0 737.695
370.0 601.915
370.0 718.565
370.0 558.17
370.0 706.89
370.0 620.495
370.0 685.52
370.0 659.985
370.0 567.47
370.0 669.74
370.0 668.7
370.0 641.605
370.0 666.23
370.0 572.915
324.0 646.645
324.0 627.09
324.0 650.365
324.0 715.47
324.0 575.685
324.0 583.06
324.0 577.585
324.0 535.16
324.0 559.055
324.0 504.52
324.0 544.055
324.0 609.91
324.0 718.245
324.0 514.395
324.0 578.845
324.0 594.24
324.0 597.06
324.0 523.185
324.0 632.35
324.0 567.515
324.0 575.81
324.0 662.485
324.0 611.65
324.0 747.29
324.0 610.85
324.0 582.53
324.0 518.415
324.0 514.22
324.0 692.33
324.0 529.98
324.0 551.98
324.0 511.36
324.0 535.65
324.0 643.14
324.0 674.77
324.0 624.865
324.0 570.565
324.0 611.98
324.0 563.335
324.0 532.885
324.0 580.3
324.0 526.64
324.0 547.59
324.0 616.81
324.0 619.09
