5381.0 11003.145
5208.0 9331.56
4258.0 8928.275
4258.0 8178.615
4258.0 7590.015
3200.0 7128.735
3200.0 6520.205
3509.0 6286.385
3112.0 5495.105
2226.0 5022.325
1887.0 4558.67
1887.0 4615.89
1575.0 4444.69
1575.0 3925.055
1575.0 3814.61
1624.0 3611.98
1624.0 3487.675
1624.0 3097.74
1624.0 2847.44
1595.0 2766.485
1401.0 2599.21
1401.0 2669.825
1215.0 2456.685
972.0 2345.9
891.0 2085.45
673.0 2015.185
673.0 2054.16
673.0 2164.6
673.0 1594.95
614.0 1297.305
614.0 1384.005
614.0 1140.595
614.0 1196.305
369.0 1188.905
369.0 940.975
369.0 1079.665
369.0 1011.365
369.0 927.49
369.0 772.645
369.0 675.815
369.0 759.685
369.0 746.45
369.0 741.695
369.0 806.22
369.0 640.365
369.0 700.335
369.0 676.69
369.0 672.085
369.0 690.36
369.0 746.39
369.0 639.47
369.0 628.57
369.0 612.315
369.0 828.955
369.0 715.035
369.0 622.735
369.0 577.605
369.0 727.28
369.0 833.39
369.0 607.67
369.0 700.825
369.0 610.125
369.0 699.99
369.0 649.565
369.0 699.64
369.0 722.665
369.0 643.845
369.0 666.565
369.0 727.36
369.0 805.715
369.0 717.635
369.0 760.16
369.0 666.035
369.0 718.81
369.0 703.26
369.0 645.67
369.0 739.175
369.0 600.93
369.0 680.41
369.0 764.83
369.0 724.04
369.0 733.985
369.0 683.17
369.0 640.91
369.0 684.505
369.0 704.115
369.0 720.56
369.0 610.025
369.0 540.355
369.0 612.835
369.0 643.545
369.0 642.485
369.0 715.91
369.0 694.1
369.0 664.215
369.0 684.43
369.0 712.815
369.0 659.125
369.0 697.77
369.0 734.605
369.0 652.285
369.0 696.6
369.0 771.825
369.0 891.605
369.0 667.125
369.0 665.635
369.0 688.37
369.0 822.35
369.0 719.02
362.0 671.755
362.0 727.66
362.0 849.055
362.0 724.105
362.0 761.65
362.0 744.91
362.0 594.475
362.0 665.075
362.0 708.49
362.0 745.495
362.0 696.97
362.0 698.125
362.0 719.675
362.0 580.31
362.0 659.695
362.0 637.235
362.0 692.495
362.0 634.3
362.0 716.345
362.0 757.43
362.0 669.025
362.0 670.435
362.0 781.38
362.0 714.385
362.0 846.84
362.0 680.685
362.0 614.13
362.0 577.135
362.0 608.1
362.0 721.82
362.0 603.86
362.0 784.06
362.0 633.22
362.0 637.505
362.0 587.325
362.0 666.595
362.0 561.055
362.0 757.95
362.0 727.145
362.0 653.145
362.0 672.505
362.0 632.315
362.0 687.335
362.0 705.99
362.0 627.815
362.0 576.345
362.0 708.47
362.0 763.735
362.0 620.86
362.0 672.495
362.0 779.49
362.0 585.23
362.0 558.53
362.0 635.775
362.0 607.105
362.0 527.205
362.0 824.39
362.0 733.54
362.0 745.905
362.0 721.905
362.0 714.46
362.0 723.705
362.0 761.725
362.0 601.35
362.0 737.485
362.0 656.83
362.0 829.52
362.0 699.705
362.0 860.97
362.0 620.55
362.0 563.095
362.0 620.105
362.0 639.05
362.0 677.175
362.0 552.25
362.0 507.54
362.0 748.895
326.0 671.63
326.0 695.975
326.0 678.495
326.0 726.265
326.0 827.02
326.0 669.845
326.0 656.24
326.0 672.41
326.0 747.785
326.0 734.19
326.0 623.525
326.0 704.725
326.0 578.06
326.0 694.78
