5.328126154470819E-4 3.0852270521723323E-4
5.718005157335806E-4 3.352197196619862E-4
5.751565875661281E-4 3.710308972290922E-4
6.503796680566326E-4 4.1406326633798123E-4
7.378963973449777E-4 4.6309611343467406E-4
7.378963973449777E-4 4.876496399776277E-4
0.0010654668131922593 5.341727093449362E-4
0.0010654668131922593 5.43861757470101E-4
0.0012856798614408942 5.867470378038954E-4
0.0012856798614408942 6.066714650284983E-4
0.0016808049460187932 7.071038873975948E-4
0.0016808049460187932 8.014953120063896E-4
0.0018855346559208117 9.78509434932993E-4
0.002342019568903289 0.0011925771057292001
0.002477109922355356 0.001411629086350778
0.002482940115188323 0.0015541450000027867
0.0030322868399994883 0.0016931690833527845
0.0030322868399994883 0.0017041995178758917
0.0030322868399994883 0.0017401075311506695
0.0045782269187199754 0.0019135029495084151
0.0045782269187199754 0.002383098921877682
0.0045782269187199754 0.0024608961904810825
0.0045782269187199754 0.0029995682024416773
0.0045782269187199754 0.0034159175586711927
0.0045782269187199754 0.0036422182042223417
0.0045782269187199754 0.0036704005458838775
0.0045782269187199754 0.003723381002110704
0.0045782269187199754 0.003983265381074721
0.0045782269187199754 0.0037302702199079663
0.0045782269187199754 0.003764277340245063
0.0045782269187199754 0.0038349850137948944
0.004639307156159628 0.003882505996210443
0.004639307156159628 0.0039179750095084806
0.004639307156159628 0.0038970353987933027
0.006155014948788446 0.003852051392452016
0.006155014948788446 0.003886732024920863
0.006933826532554388 0.003922083645317282
0.006933826532554388 0.0040478285441936865
0.006933826532554388 0.004050862226290365
0.006933826532554388 0.004604794901340276
0.006933826532554388 0.004977589526131127
0.006933826532554388 0.0051918725099936724
0.006933826532554388 0.005559534831397107
0.006933826532554388 0.005558918549298872
0.006933826532554388 0.005600885496787953
0.006933826532554388 0.006032978364450864
0.006933826532554388 0.005931229544320937
0.006933826532554388 0.006117580162533451
0.006933826532554388 0.006039733910153243
0.006933826532554388 0.006017359495993534
0.006933826532554388 0.0061887948572892214
0.006933826532554388 0.00599412775202737
0.006933826532554388 0.006203087554239052
0.006933826532554388 0.006106974728647764
0.006933826532554388 0.006010991049366801
0.006933826532554388 0.006120777330729879
0.006933826532554388 0.00592490093647663
0.006933826532554388 0.0060678182301273555
0.006933826532554388 0.006358296109499023
0.006933826532554388 0.006266302258530436
0.006933826532554388 0.006111331034309169
0.006933826532554388 0.006435763494611237
0.006933826532554388 0.005895683110587876
0.006933826532554388 0.00615345439996408
0.006933826532554388 0.006165504074030225
0.006933826532554388 0.006267943030729198
0.006933826532554388 0.00592899856350268
0.006933826532554388 0.006180951766712407
0.006933826532554388 0.006246932547727009
0.006933826532554388 0.006191201401689349
0.006933826532554388 0.006139188480517159
0.006933826532554388 0.0060852018479716895
0.006933826532554388 0.006316952870121657
0.006933826532554388 0.006121334334741672
0.006933826532554388 0.005831257010394196
0.006933826532554388 0.005875397137743817
0.006933826532554388 0.006016185682244334
0.006933826532554388 0.005726974147578722
0.006933826532554388 0.005800305973741221
0.006933826532554388 0.006056547091770433
0.006933826532554388 0.006187377376782479
0.006933826532554388 0.00596301886499512
0.006933826532554388 0.005981939367294175
0.006933826532554388 0.006179678047709493
0.006933826532554388 0.006130151599973984
0.006933826532554388 0.005972428426838614
0.006933826532554388 0.006108599366146392
0.006933826532554388 0.0060703907004574335
0.006933826532554388 0.0060239235081505395
0.006933826532554388 0.0058607939062519055
0.006933826532554388 0.006374519078086535
0.006933826532554388 0.006452400886748601
0.006933826532554388 0.006089578525993724
0.006933826532554388 0.005837381418184199
0.006933826532554388 0.0062095277437510185
0.006933826532554388 0.006131173925891419
0.006933826532554388 0.006176445424680251
0.006933826532554388 0.006340256164823838
0.006933826532554388 0.006309376312647061
0.006933826532554388 0.005963992005102663
0.006933826532554388 0.006244661063576826
0.006933826532554388 0.006253854883848719
0.006933826532554388 0.00583408668027386
0.006933826532554388 0.005997764411864299
0.006933826532554388 0.006070035068023131
0.006933826532554388 0.006224857844900259
0.006933826532554388 0.006133017645575834
0.006933826532554388 0.006517204206696229
0.006933826532554388 0.006450551348735085
0.006933826532554388 0.006069989567044749
0.006933826532554388 0.006215160128002131
0.006933826532554388 0.006344438841942346
0.006933826532554388 0.0057454432979570725
0.006933826532554388 0.0064067094824184
0.006933826532554388 0.006005556519602919
0.006933826532554388 0.005817796204564717
0.006933826532554388 0.006349402608077239
0.006933826532554388 0.0059320127934179056
0.006933826532554388 0.006101412392053678
0.006933826532554388 0.005919522577345463
0.006933826532554388 0.006334034961249918
0.006933826532554388 0.006244632484043666
0.006933826532554388 0.006012031196170267
0.006933826532554388 0.006261463566021954
0.006933826532554388 0.006359779282500109
0.006933826532554388 0.00624016138134616
0.006933826532554388 0.0062353521379039335
0.006933826532554388 0.005894684426725198
0.006933826532554388 0.006190056823898696
0.006933826532554388 0.005969689552078487
0.006933826532554388 0.0057866801663133925
0.006933826532554388 0.006001521040704307
0.006933826532554388 0.0057194047812201745
0.006933826532554388 0.005966952183837319
0.006933826532554388 0.005904400304068317
0.006933826532554388 0.006160447469786604
0.006933826532554388 0.006012751541730512
0.006933826532554388 0.006330606878840883
0.006933826532554388 0.005932405248480655
0.006933826532554388 0.006174813449736114
0.006933826532554388 0.006083161702587568
0.006933826532554388 0.0061349342613224115
0.006933826532554388 0.005994546510208721
0.006933826532554388 0.005995633978424695
0.006933826532554388 0.006017850595370216
0.006933826532554388 0.005949546853460593
0.006933826532554388 0.0059456442885024805
0.006933826532554388 0.005882279680870984
0.006933826532554388 0.005803766345849839
0.007065260983550022 0.005824106722292222
0.007065260983550022 0.00606056783321785
0.007065260983550022 0.006152611211090159
0.007065260983550022 0.006363297708307245
0.007065260983550022 0.006057957369401388
0.007065260983550022 0.006156469165154367
0.007065260983550022 0.005883298359035865
0.007065260983550022 0.005969536434013477
0.007065260983550022 0.006206424819055863
0.007065260983550022 0.005969194115198346
0.007065260983550022 0.0061774393043576795
0.007065260983550022 0.006191926806106477
0.007065260983550022 0.006358945984185338
0.007065260983550022 0.006312510536036538
0.007065260983550022 0.005949739709045906
0.007065260983550022 0.006093868786497278
0.007065260983550022 0.006221344189730785
0.007065260983550022 0.006378403868884383
0.007065260983550022 0.005940504570940973
0.007065260983550022 0.006160294957235709
0.007065260983550022 0.0061048793531872005
0.007065260983550022 0.006469318893616381
0.007065260983550022 0.006098380634607431
0.007065260983550022 0.0062400899443834775
0.007065260983550022 0.006297770496100081
0.007065260983550022 0.006154437854989555
0.007065260983550022 0.006142920818137555
0.007065260983550022 0.006100196759185145
0.007065260983550022 0.006164818665109872
0.007065260983550022 0.006129246164326418
0.007065260983550022 0.006279614861977597
0.007065260983550022 0.006468487677875165
0.007065260983550022 0.006211189999793484
0.007065260983550022 0.006459621219096179
0.007065260983550022 0.005881321672023169
0.007065260983550022 0.006099847715337441
0.007065260983550022 0.006298185384162577
0.007065260983550022 0.006257271137945581
0.007065260983550022 0.006294413644905883
0.007065260983550022 0.0067301995785355815
0.007065260983550022 0.006634530747123485
0.007065260983550022 0.0062922939861908165
0.007065260983550022 0.0062159799893573555
0.007065260983550022 0.006224515984539369
0.007065260983550022 0.005849249558507288
0.007065260983550022 0.0062434077007653055
0.007065260983550022 0.00632821903521853
0.007065260983550022 0.00618025918815303
0.007065260983550022 0.006171807263580075
0.007461255434654789 0.006115051549698185
0.007461255434654789 0.006205375643815537
