9.534456392515598E-4 3.0753172544211815E-4
9.534456392515598E-4 3.8038452838406E-4
9.534456392515598E-4 4.6616547329208114E-4
0.0016511274610557134 6.208311890167669E-4
0.0016511274610557134 7.421797689427849E-4
0.0016511274610557134 8.646976338292869E-4
0.0016511274610557134 0.0010476981458293789
0.0019069228670709282 0.001142773102200407
0.0019069228670709282 0.0011986784749986655
0.002740659911471539 0.0012486786005045229
0.003646156118421787 0.0013467143402813608
0.003646156118421787 0.0013975568165095142
0.003646156118421787 0.001498464650464545
0.003646156118421787 0.0017372696200374804
0.003646156118421787 0.0017748518016768217
0.003646156118421787 0.0018374323730153321
0.0041057385867312 0.0021683480386061904
0.0041057385867312 0.0022238660381808904
0.0041057385867312 0.0023145726880892054
0.004368798205517088 0.0023801852960569614
0.004368798205517088 0.0024252119580980068
0.004803721443387004 0.002761558956682088
0.004803721443387004 0.0028067933137578766
0.004803721443387004 0.0029870091198189275
0.004803721443387004 0.003103801539657306
0.004803721443387004 0.003111863035336437
0.005199736276063948 0.003357440938287364
0.005868268850333082 0.0035124424664030422
0.005868268850333082 0.003493271201944762
0.005868268850333082 0.0034445034336868952
0.005868268850333082 0.0036836403196026145
0.005868268850333082 0.0038027987072336593
0.005868268850333082 0.00437362761864152
0.005868268850333082 0.004462882720066087
0.005868268850333082 0.004649479802680145
0.005868268850333082 0.004743509539848622
0.005868268850333082 0.004897377862690139
0.005868268850333082 0.005079591765945372
0.005868268850333082 0.0047096829146206125
0.005868268850333082 0.00530336839618153
0.005868268850333082 0.005244824897045332
0.005868268850333082 0.005201969253634895
0.005868268850333082 0.005205284953798224
0.005868268850333082 0.004771959756357013
0.005868268850333082 0.0051163610956227665
0.005868268850333082 0.0049511016619511765
0.005868268850333082 0.004971877053083399
0.005868268850333082 0.005096697391651548
0.005868268850333082 0.004929899118110215
0.005868268850333082 0.005073930020707748
0.005868268850333082 0.004804090700231682
0.005868268850333082 0.004866439426831864
0.005868268850333082 0.004914414039544134
0.005868268850333082 0.004965471211033618
0.005868268850333082 0.0050488503214914686
0.005868268850333082 0.005169527565042543
0.005868268850333082 0.005265779853278859
0.005868268850333082 0.005174984821102199
0.005868268850333082 0.005229627799409898
0.005868268850333082 0.005037895015526728
0.005868268850333082 0.005412878969625238
0.005868268850333082 0.004750801524741897
0.0060940625965309175 0.0047719618403491435
0.0060940625965309175 0.004905994632741029
0.0060940625965309175 0.0051127311474704895
0.0060940625965309175 0.0048936604978382795
0.0060940625965309175 0.005113333232444263
0.0060940625965309175 0.004825736394290587
0.0060940625965309175 0.0051816248535226875
0.0060940625965309175 0.005221433099744901
0.0060940625965309175 0.005429881394413468
0.0060940625965309175 0.005170689913325682
0.0060940625965309175 0.005127879358820864
0.0060940625965309175 0.0052532896098896635
0.0060940625965309175 0.005499694562454042
0.0060940625965309175 0.005338187565872545
0.0060940625965309175 0.005155226508233888
0.0060940625965309175 0.0051871038112183444
0.0060940625965309175 0.005544558879938221
0.0060940625965309175 0.0053186344095391015
0.0060940625965309175 0.005385521877477645
0.0060940625965309175 0.005256380208579229
0.0060940625965309175 0.005174612149184514
0.0060940625965309175 0.005285591687902142
0.0060940625965309175 0.005431419049651858
0.0060940625965309175 0.005143251425621081
0.007766913827221544 0.005186326133309088
0.007766913827221544 0.005139896433559549
0.007766913827221544 0.005166104606055376
0.007766913827221544 0.005515766735576145
0.007766913827221544 0.005638260098385072
0.007766913827221544 0.006079260116151037
0.007766913827221544 0.006520176170096953
0.007766913827221544 0.006536273686350506
0.007766913827221544 0.0066929284914204
0.007766913827221544 0.0068178119244854994
0.007766913827221544 0.00675416758220131
0.007766913827221544 0.006950894590004809
0.007766913827221544 0.006782171360298645
0.007766913827221544 0.007181563320524985
0.007766913827221544 0.0064760341032665284
0.007766913827221544 0.0067031577403334815
0.007766913827221544 0.006842347554819665
0.007766913827221544 0.007174456456825322
0.007766913827221544 0.006797206128818436
0.007766913827221544 0.0069649689853713646
0.007766913827221544 0.007239901637536062
0.007766913827221544 0.007010413400093975
0.007766913827221544 0.0069097780483567016
0.007766913827221544 0.006682903656018212
0.007766913827221544 0.006767044209386111
0.007766913827221544 0.006728592023530744
0.007766913827221544 0.006858081678930803
0.007766913827221544 0.0064287558188414785
0.007766913827221544 0.006767318011284138
0.007766913827221544 0.00699167370723263
0.007766913827221544 0.007088060465093169
0.007766913827221544 0.006929247012194879
0.007766913827221544 0.006809384195295702
0.007766913827221544 0.006925045465063811
0.007766913827221544 0.006852668558523745
0.007766913827221544 0.006701059303131783
0.007766913827221544 0.00677816546504632
0.007766913827221544 0.006888275762144732
0.007766913827221544 0.006923545599748474
0.007766913827221544 0.006771015940722024
0.007766913827221544 0.006750801746021058
0.007766913827221544 0.0069831706493795834
0.007766913827221544 0.006903947852137948
0.007766913827221544 0.007144889632952584
0.007766913827221544 0.006886956072708272
0.007766913827221544 0.007027322060663351
0.007766913827221544 0.007075570069893968
0.007766913827221544 0.006908741690342973
0.007766913827221544 0.0070242428324080305
0.007766913827221544 0.007067444618454816
0.007766913827221544 0.007110002044418397
0.007766913827221544 0.006950675585328565
0.007766913827221544 0.006774992714732586
0.007766913827221544 0.006549849058315869
0.007766913827221544 0.007044815513461494
0.007766913827221544 0.006837078134641056
0.007766913827221544 0.006917302163041425
0.007766913827221544 0.007065837588096429
0.007766913827221544 0.0069794210412425835
0.007766913827221544 0.006815194485985148
0.007766913827221544 0.007134857990711309
0.007766913827221544 0.007014077579020261
0.007766913827221544 0.006919835289746077
0.007766913827221544 0.006798606651390672
0.007766913827221544 0.006665702729390357
0.007766913827221544 0.007146677658513857
0.007766913827221544 0.006850749129256297
0.007766913827221544 0.006625816755678665
0.007766913827221544 0.006736380168897693
0.007766913827221544 0.006758351406025051
0.007766913827221544 0.0068096624424653215
0.007766913827221544 0.0070029117379464476
0.007766913827221544 0.006693239909050987
0.007959155828074967 0.00663911758019611
0.007959155828074967 0.0068840956191404835
0.007959155828074967 0.007034142563958083
0.007959155828074967 0.0067087668340137805
0.007959155828074967 0.006727127957281777
0.007959155828074967 0.006582911309494864
0.007959155828074967 0.006613189325891753
0.007959155828074967 0.006469296216059044
0.007959155828074967 0.006435989685577824
0.007959155828074967 0.005996625825115949
0.007959155828074967 0.006141717988579404
0.007959155828074967 0.005937247971288024
0.007959155828074967 0.0066084405698552205
0.007959155828074967 0.006682569695034865
0.007959155828074967 0.006907469322419203
0.007959155828074967 0.007016781647737935
0.007959155828074967 0.006549253572640848
0.007959155828074967 0.006378249600661084
0.007959155828074967 0.007118379529558071
0.007959155828074967 0.007530456305211767
0.007959155828074967 0.006861301946120949
0.007959155828074967 0.006729035829465884
0.007959155828074967 0.0070666467707222735
0.007959155828074967 0.007227573838507761
0.007959155828074967 0.006919569995686174
0.007959155828074967 0.007368110713938221
0.007959155828074967 0.006995440087052132
0.007959155828074967 0.00729072159905289
0.007959155828074967 0.007263174280638821
0.007959155828074967 0.0071565924708112
0.007959155828074967 0.007105453482466757
0.007959155828074967 0.007176905604433678
0.007959155828074967 0.006517501438318458
0.007959155828074967 0.006757923732069503
0.007959155828074967 0.007323660733647097
0.007959155828074967 0.0066800919477768865
0.007959155828074967 0.007294915906364504
0.007959155828074967 0.007226300723300872
0.007959155828074967 0.006778286565838853
0.007959155828074967 0.006908010650357363
0.007959155828074967 0.00639011335356414
