5.904694567646012E-4 3.0674969615979256E-4
5.904694567646012E-4 3.266321403319725E-4
5.904694567646012E-4 3.6143341008335766E-4
6.482618336599529E-4 3.953566735636818E-4
0.001332980551583877 4.333022636347857E-4
0.001332980551583877 5.360593899854247E-4
0.0014226819086903574 6.815201022207764E-4
0.0018506773927289412 8.542789871222822E-4
0.0021109671619580625 0.0010572715366202392
0.00233959257764646 0.0013167810359954021
0.0030049351512025924 0.0015099429647162346
0.0030049351512025924 0.0014953695912906793
0.0033687287376864905 0.0016724758597839477
0.0033687287376864905 0.0018547118003941316
0.0033687287376864905 0.0019230430479363577
0.0033687287376864905 0.002262188813919717
0.00421005467095547 0.0024325814860050956
0.00421005467095547 0.0026309263260354625
0.00421005467095547 0.002830088775866144
0.00421005467095547 0.0028863987653782227
0.00421005467095547 0.0027516712692091595
0.00421005467095547 0.0028719998347170616
0.004359295657496812 0.003006446910258962
0.004933196404318374 0.0029825004183143115
0.004933196404318374 0.003146324895640902
0.004933196404318374 0.0034214869234978707
0.004933196404318374 0.003478544025841983
0.004933196404318374 0.003341418080501696
0.004933196404318374 0.0034148961376647986
0.004933196404318374 0.003598791190167202
0.004933196404318374 0.0036329367265802454
0.005384027102944791 0.0036362108100675733
0.005384027102944791 0.0035815382508783567
0.005384027102944791 0.003631670465427119
0.010018048746260763 0.0040120229319044924
0.010018048746260763 0.004640014770058032
0.010018048746260763 0.005581733336842745
0.010018048746260763 0.006800037298777392
0.010018048746260763 0.008365096986377189
0.010018048746260763 0.008799546257675445
0.010018048746260763 0.008954698216801709
0.010018048746260763 0.009071711780789325
0.010018048746260763 0.00848130875584808
0.010018048746260763 0.009211591688693383
0.010018048746260763 0.009062350422427036
0.010018048746260763 0.008887655477223907
0.010018048746260763 0.008925504548826829
0.010018048746260763 0.008263176116075958
0.010018048746260763 0.008806458824060236
0.010096032500338609 0.009274903698868775
0.010096032500338609 0.008954846067203294
0.010096032500338609 0.009319664940763795
0.010096032500338609 0.00909517612541852
0.010096032500338609 0.009234365878965266
0.010096032500338609 0.00903333572922535
0.010096032500338609 0.009248849513504005
0.010096032500338609 0.009180732777331635
0.010096032500338609 0.00923506400469782
0.010096032500338609 0.009371480509650794
0.010096032500338609 0.009539191620196213
0.010096032500338609 0.009229356691475519
0.010096032500338609 0.008916480518285117
0.010096032500338609 0.009080685423467428
0.010096032500338609 0.008977153968626448
0.010096032500338609 0.008903732228909963
0.010096032500338609 0.009335039307881314
0.010096032500338609 0.00931641077442057
0.010096032500338609 0.009507723434342167
0.010096032500338609 0.009190567025021643
0.010096032500338609 0.00911622366556948
0.010096032500338609 0.009463230513939302
0.010096032500338609 0.008742775146184956
0.010096032500338609 0.008835738060041252
0.010096032500338609 0.009541605864810485
0.010096032500338609 0.009154289333044468
0.010096032500338609 0.009215863789994588
0.010096032500338609 0.009214866679780472
0.010096032500338609 0.00926580980432237
0.010096032500338609 0.009131547944499992
0.010096032500338609 0.008707449548503492
0.010096032500338609 0.00922269870041864
0.010096032500338609 0.009063454182179579
0.010096032500338609 0.009506325102954506
0.010096032500338609 0.009442460353564379
0.010096032500338609 0.009087698325458013
0.010096032500338609 0.009190913523968532
0.010096032500338609 0.009009239991728656
0.010096032500338609 0.009104887325939857
0.010096032500338609 0.009112674737889249
0.010096032500338609 0.009023565541045919
0.010096032500338609 0.009365661673740372
0.010096032500338609 0.009200531760106158
0.010096032500338609 0.008814655009409065
0.010096032500338609 0.009316522238066087
0.010096032500338609 0.008585529345394477
0.010096032500338609 0.009124160439164381
0.010096032500338609 0.009400530721330135
0.010096032500338609 0.009245795203973424
0.010096032500338609 0.00897107950862052
0.010096032500338609 0.009063026852947558
0.010096032500338609 0.009117450224592134
0.010096032500338609 0.00924930075517144
0.010096032500338609 0.008838440055595411
0.010096032500338609 0.009496114606465982
0.010096032500338609 0.009570177339385179
0.010096032500338609 0.009385944086319757
0.010096032500338609 0.009094972498293023
0.010096032500338609 0.009190036220424054
0.010096032500338609 0.00918148920689252
0.010096032500338609 0.009186496803504552
0.010096032500338609 0.009177833789018732
0.010096032500338609 0.009111595529727968
0.010096032500338609 0.008964655485040001
0.010096032500338609 0.009011358792035223
0.010096032500338609 0.009248407019795587
0.010096032500338609 0.009143684343585954
0.010096032500338609 0.008801405128294306
0.010096032500338609 0.009529862600531808
0.010096032500338609 0.009059040949107408
0.010096032500338609 0.00910248738424152
0.010096032500338609 0.009137452488925375
0.010096032500338609 0.009306571768732395
0.010096032500338609 0.009319399940102804
0.010096032500338609 0.00881740355112649
0.010096032500338609 0.009235899298385837
0.010096032500338609 0.008667977413975292
0.010096032500338609 0.009124609643313126
0.010096032500338609 0.009479860723266752
0.010096032500338609 0.009218994576926973
0.010096032500338609 0.008999404421716744
0.010096032500338609 0.009374442850748583
0.010096032500338609 0.008835106555973412
0.010096032500338609 0.009084368152173422
0.010096032500338609 0.009424903500707526
0.010096032500338609 0.008994361133860663
0.010096032500338609 0.009273949503512395
0.010096032500338609 0.00953312710959659
0.010096032500338609 0.009180819298498764
0.010096032500338609 0.008705144019366166
0.010096032500338609 0.008789102104092707
0.010096032500338609 0.009071797413125448
0.010096032500338609 0.009290585027499205
0.010096032500338609 0.009215951875302232
0.010096032500338609 0.009262484980849627
0.010096032500338609 0.0089077865259561
0.010096032500338609 0.009053033399646594
0.010096032500338609 0.009087765565996503
0.010096032500338609 0.009165824601137337
0.010096032500338609 0.009198428989353299
0.010096032500338609 0.0093475690304756
0.010096032500338609 0.009479386201819208
0.010096032500338609 0.009333686048014694
0.010096032500338609 0.009134072929676827
0.010096032500338609 0.00927524209662831
0.010096032500338609 0.009100417516624982
0.010096032500338609 0.00893318360460905
0.010096032500338609 0.009179401188043737
0.010096032500338609 0.008847066564617579
0.010096032500338609 0.008738769580634775
0.010096032500338609 0.009359921106214171
0.010096032500338609 0.00946159891740927
0.010096032500338609 0.009375430404955034
0.010096032500338609 0.009096273762521591
0.010096032500338609 0.00908636961095381
0.010096032500338609 0.009062771108614092
0.010096032500338609 0.009543956989992464
0.010096032500338609 0.00922100666547502
0.010096032500338609 0.009311529860284917
0.010096032500338609 0.009097936382513987
0.010096032500338609 0.009155984772945476
0.010096032500338609 0.00899705259738907
0.010096032500338609 0.008760137504129399
0.010096032500338609 0.00883803561529656
0.010096032500338609 0.009212694829003837
0.010096032500338609 0.00908764448353572
0.010096032500338609 0.009028543127065128
0.010096032500338609 0.009153826405095393
0.010096032500338609 0.009172021722480826
0.010096032500338609 0.009141247844257277
0.010096032500338609 0.009049304964565337
0.010096032500338609 0.009147214200366627
0.010096032500338609 0.009318447347569998
0.010096032500338609 0.008456283238693468
0.010096032500338609 0.00899424566925922
0.010096032500338609 0.008983902656514253
0.010096032500338609 0.009190100530993343
0.010096032500338609 0.009793233506420243
0.010096032500338609 0.009401844104466308
0.010096032500338609 0.008894290082344842
0.010096032500338609 0.009347467439445782
0.010096032500338609 0.008734699758183322
0.010096032500338609 0.009323201591000781
0.010096032500338609 0.008999765802940205
0.010096032500338609 0.009149081546509478
0.010096032500338609 0.009129579903976897
0.010096032500338609 0.008923182579194645
0.010096032500338609 0.008600860123897302
0.010096032500338609 0.009122218043365205
0.010096032500338609 0.00913978336465998
0.010096032500338609 0.009310966334267246
