6.054866141378799E-4 2.9840135509182937E-4
7.003130437560171E-4 3.3494329324293415E-4
7.198503972319798E-4 3.7979831639323625E-4
7.198503972319798E-4 4.0906742637427366E-4
9.82984153763693E-4 4.5463128431097433E-4
9.82984153763693E-4 5.155374372187967E-4
9.82984153763693E-4 5.731087800965896E-4
0.001221740234353669 6.452581133317262E-4
0.001221740234353669 6.922215104651068E-4
0.0019423681328547527 7.993918482402827E-4
0.0019423681328547527 8.765253442335949E-4
0.0019423681328547527 9.267498944458274E-4
0.0019423681328547527 0.0010197558931467456
0.0020137766055000287 0.0011447475264543287
0.0020137766055000287 0.0011475032784786427
0.0021531254516634346 0.0012073521952326255
0.0021531254516634346 0.0012781919890199256
0.0021531254516634346 0.001307661104533863
0.0027995161858712578 0.001308661547385578
0.0027995161858712578 0.001423688246547245
0.0027995161858712578 0.0014104663333223985
0.003113581498682321 0.0014819410026287343
0.003113581498682321 0.0016050153104225063
0.0036960390322706544 0.0017390335340609628
0.0036960390322706544 0.0019445082091716643
0.0036960390322706544 0.002072527083444761
0.0036960390322706544 0.002220807100485543
0.0042509210441130305 0.0024779545900475344
0.0042509210441130305 0.0025532626479165253
0.0042509210441130305 0.002705136970134696
0.0042509210441130305 0.0028827599523918485
0.0043782512606246856 0.003086491958807217
0.005740872451568171 0.003504904109344863
0.005740872451568171 0.003489576380814755
0.005740872451568171 0.0037804127250810975
0.006141483567745207 0.0037434992743960033
0.006141483567745207 0.0039618259293170074
0.006141483567745207 0.004219918839587466
0.006141483567745207 0.004539099190453105
0.006141483567745207 0.0047322096042311905
0.006141483567745207 0.004725453725245523
0.006141483567745207 0.00464532304448465
0.006141483567745207 0.005023358138532787
0.006141483567745207 0.005267389470767729
0.006141483567745207 0.00558916909264383
0.006141483567745207 0.005328434771232046
0.006141483567745207 0.005341140690422443
0.006141483567745207 0.00526943812386248
0.006141483567745207 0.005084124052280212
0.006141483567745207 0.005314070546346596
0.006141483567745207 0.005265901512110124
0.006141483567745207 0.005387313865880991
0.006141483567745207 0.005453212948012351
0.006141483567745207 0.005298728347933787
0.006141483567745207 0.005319837673721514
0.006141483567745207 0.005397658422332552
0.006141483567745207 0.005226634961654527
0.006141483567745207 0.005307731265581682
0.007207416499545438 0.005292354940179147
0.007207416499545438 0.0051823326128410405
0.007207416499545438 0.005401024912342698
0.007207416499545438 0.005702228216548577
0.007207416499545438 0.005946840187631537
0.007207416499545438 0.0056943504544597415
0.007207416499545438 0.006085322739415346
0.007207416499545438 0.006278097594751408
0.007207416499545438 0.006394144951001898
0.007207416499545438 0.006281158406837775
0.007207416499545438 0.006405647566390065
0.007207416499545438 0.006084641427038379
0.007207416499545438 0.006368532607928713
0.007207416499545438 0.006484756788317975
0.007207416499545438 0.006360998181292439
0.007207416499545438 0.0062904747171150166
0.007207416499545438 0.0063976829942759906
0.007207416499545438 0.0059265822063823215
0.010211290534867227 0.006219781228342503
0.010211290534867227 0.006161914281043265
0.010211290534867227 0.006269842224825268
0.010211290534867227 0.0067924870691955215
0.010211290534867227 0.006562252508347929
0.010211290534867227 0.007354160094807795
0.010211290534867227 0.00835157805721886
0.010211290534867227 0.008405539535242543
0.010211290534867227 0.009132840397876572
0.010211290534867227 0.009292735265569695
0.010211290534867227 0.008531595922530331
0.010211290534867227 0.009337763740334046
0.010211290534867227 0.009329967255215059
0.010211290534867227 0.009432169630282983
0.010211290534867227 0.009353868976793696
0.010211290534867227 0.009390145332510352
0.010211290534867227 0.008998730246119628
0.010211290534867227 0.009048340897665203
0.010211290534867227 0.009291345137566001
0.010211290534867227 0.009296983975399867
0.010211290534867227 0.009391374925908814
0.010211290534867227 0.009074414269774414
0.010211290534867227 0.009464118511176536
0.010211290534867227 0.009099452789192797
0.010211290534867227 0.009166944978445902
0.010211290534867227 0.008759111178356711
0.010211290534867227 0.009153766038121703
0.010211290534867227 0.009091703376014485
0.010211290534867227 0.009209990047958718
0.010211290534867227 0.009071064710170211
0.010211290534867227 0.00889525609550123
0.010211290534867227 0.009377635489066519
0.010211290534867227 0.009338845407512718
0.010211290534867227 0.008898857606445104
0.010211290534867227 0.00929199450494618
0.010211290534867227 0.009058556058714582
0.010211290534867227 0.009419630211861192
0.010211290534867227 0.009006580214931682
0.010211290534867227 0.008883582250051755
0.010211290534867227 0.009296966199135373
0.010211290534867227 0.009158289067083583
0.010211290534867227 0.00935898478940523
0.010211290534867227 0.009263940699062369
0.010211290534867227 0.009085213309605069
0.010211290534867227 0.009619901787054358
0.010211290534867227 0.008839682483955663
0.010211290534867227 0.00942944209596297
0.010211290534867227 0.009380878988836956
0.010211290534867227 0.009511593322195526
0.010211290534867227 0.009521063943168361
0.010211290534867227 0.009213314715665609
0.010211290534867227 0.009075237471934118
0.010211290534867227 0.00906876236491954
0.010211290534867227 0.009282466220903228
0.010211290534867227 0.009361072205819632
0.010211290534867227 0.009058754000510014
0.010211290534867227 0.009406084237986898
0.010211290534867227 0.009157889714185513
0.010211290534867227 0.009335257774299737
0.010211290534867227 0.009212880938552645
0.010211290534867227 0.009249206287300532
0.010211290534867227 0.009407286269495756
0.010211290534867227 0.009519307124585678
0.010211290534867227 0.009478397018598511
0.010211290534867227 0.009567717532588827
0.010211290534867227 0.00929652981147509
0.010211290534867227 0.009215843545240106
0.010211290534867227 0.00936651807197429
0.010211290534867227 0.00906175040535122
0.010211290534867227 0.009108231861903113
0.010211290534867227 0.009280707060866715
0.010211290534867227 0.009499285974594896
0.010211290534867227 0.009173304254868554
0.010211290534867227 0.00912566853160839
0.010211290534867227 0.009136226749708482
0.010211290534867227 0.009173338614775711
0.010211290534867227 0.009223961450326931
0.010211290534867227 0.009018789935684727
0.010211290534867227 0.009191841555089645
0.010211290534867227 0.009209282430255601
0.010211290534867227 0.009359837970848212
0.010211290534867227 0.009488029369504521
0.010211290534867227 0.009273354508325728
0.010211290534867227 0.009165442316354862
0.010211290534867227 0.009353686154899154
0.010211290534867227 0.009144995371342985
0.010211290534867227 0.009346419598958046
0.010211290534867227 0.00938876193341854
0.010211290534867227 0.009735158920869033
0.010211290534867227 0.009740576382250234
0.010211290534867227 0.008914985321444078
0.010211290534867227 0.009255091856721888
0.010211290534867227 0.009442232127475594
0.010211290534867227 0.009412051259495943
0.010211290534867227 0.009224862418298759
0.010211290534867227 0.009350056702610377
0.010211290534867227 0.009078272690553004
0.010211290534867227 0.009415053187146529
0.010211290534867227 0.008925608913403797
0.010211290534867227 0.00954364604227789
0.010211290534867227 0.009476098907685849
0.010211290534867227 0.009014233136390038
0.010211290534867227 0.009376456588731407
0.010211290534867227 0.009215006473080824
0.010211290534867227 0.00927048579433835
0.010211290534867227 0.009708630252727148
0.010211290534867227 0.009554253404178996
0.010211290534867227 0.009359027721496698
0.010211290534867227 0.009560884696030876
0.010211290534867227 0.009218277899831248
0.010211290534867227 0.009370423115537476
0.010211290534867227 0.009097953595792074
0.010211290534867227 0.0093484125300845
0.010211290534867227 0.009380887106242419
0.010211290534867227 0.009476177210098366
0.010211290534867227 0.009304164148199203
0.010211290534867227 0.009394640950840168
0.010211290534867227 0.00921849969229062
0.010211290534867227 0.009151103556932327
0.010211290534867227 0.009004353504265449
0.010211290534867227 0.009272683545006244
0.010211290534867227 0.009309606254181941
0.010211290534867227 0.009114848952693617
0.010211290534867227 0.009522879109699072
