6.121483538931937E-4 3.1180696091496823E-4
7.212389131516811E-4 3.531550338883756E-4
9.041348230513212E-4 4.1213960042181904E-4
9.041348230513212E-4 4.605510282673302E-4
9.041348230513212E-4 5.010967269407203E-4
0.0012369845699060431 5.636910304822012E-4
0.0015279192026505584 6.484037363001282E-4
0.0015427278412359035 6.69970544050213E-4
0.0015427278412359035 7.660306985636705E-4
0.0015427278412359035 8.47223373820911E-4
0.001812157298717079 0.0010515527866408652
0.0027271577833752523 0.0011358844929992688
0.0027271577833752523 0.0012139474736806467
0.002758707290149351 0.001368484735990732
0.002758707290149351 0.0014375531017217127
0.002758707290149351 0.0015183183768530794
0.002758707290149351 0.001629006668276286
0.002783060681300748 0.0018333844032188103
0.002783060681300748 0.0018895492288303728
0.002783060681300748 0.0021191121000429924
0.002783060681300748 0.0022258762839818427
0.002783060681300748 0.00222296392498501
0.0035260167104220245 0.0021528342734677334
0.004019772310465687 0.0023007214419730245
0.004093611428090645 0.002522337857214435
0.004093611428090645 0.0024932288786166743
0.004224782253879446 0.002711744203003663
0.005211853327298584 0.00317176412873826
0.005211853327298584 0.003225005552563243
0.005211853327298584 0.003419771352297138
0.005211853327298584 0.0035231905033048616
0.005211853327298584 0.0036028224767992783
0.00557593848464306 0.003840096433031413
0.00557593848464306 0.003963439220283449
0.00557593848464306 0.004361201529702468
0.00557593848464306 0.0045444408282221795
0.00557593848464306 0.004207455225038658
0.00557593848464306 0.004236339560098906
0.00557593848464306 0.003995515096269451
0.00557593848464306 0.004476056791021851
0.00557593848464306 0.004358012516663981
0.00557593848464306 0.004650400559038533
0.00557593848464306 0.004869931009576239
0.00557593848464306 0.004792489903276991
0.00557593848464306 0.004655371136976979
0.00557593848464306 0.004625841384189238
0.00557593848464306 0.004590060454131294
0.00557593848464306 0.004769947627424131
0.00557593848464306 0.0048938486050799776
0.00557593848464306 0.004805711103219965
0.00557593848464306 0.004753729276808283
0.00557593848464306 0.004990922740631297
0.00557593848464306 0.004919479682909016
0.00557593848464306 0.004833565537494218
0.00557593848464306 0.004779287975031996
0.00557593848464306 0.004782068657381886
0.00557593848464306 0.004563854698637962
0.00557593848464306 0.004920640055557318
0.00557593848464306 0.004781644079646538
0.00557593848464306 0.004839931664163277
0.00557593848464306 0.0047903090622016895
0.01008006244819632 0.004855161611876237
0.01008006244819632 0.004843136403957479
0.01008006244819632 0.005150978725950891
0.01008006244819632 0.004861209017900607
0.01008006244819632 0.006835220030748213
0.01008006244819632 0.007875732128900133
0.01008006244819632 0.008967155929983229
0.01008006244819632 0.008889583453464767
0.01008006244819632 0.009619127537758183
0.01008006244819632 0.009039989524573386
0.01008006244819632 0.009550776347805358
0.01008006244819632 0.009521531052646337
0.01008006244819632 0.009001218578721125
0.01008006244819632 0.009353668478363372
0.01008006244819632 0.008867833228613925
0.01008006244819632 0.009178528890859714
0.01008006244819632 0.00910173809529242
0.01008006244819632 0.009004335935629023
0.01008006244819632 0.00917180021286619
0.01008006244819632 0.008778170819224471
0.01008006244819632 0.009226700575154345
0.01008006244819632 0.008922065496244759
0.01008006244819632 0.00904542017971211
0.01008006244819632 0.009365697812502504
0.01008006244819632 0.009295307775074094
0.01008006244819632 0.008971030070657991
0.01008006244819632 0.009247952742533743
0.01008006244819632 0.009627735700841314
0.01008006244819632 0.008849099373361678
0.01008006244819632 0.009055493938259586
0.01008006244819632 0.008907178353473474
0.01008006244819632 0.00898425811049919
0.01008006244819632 0.00915114058160507
0.01008006244819632 0.009053254840359109
0.01008006244819632 0.009251771001592605
0.01008006244819632 0.008767761779099631
0.01008006244819632 0.008728619008605911
0.01008006244819632 0.009143240088244377
0.01008006244819632 0.00922403693595648
0.01008006244819632 0.009201880382760885
0.01008006244819632 0.009112316563097111
0.01008006244819632 0.008921633595679147
0.01008006244819632 0.008765252540208322
0.01008006244819632 0.009415068816402767
0.01008006244819632 0.009130985968458068
0.01008006244819632 0.009312916836194335
0.01008006244819632 0.009585295936732886
0.01008006244819632 0.009178906927628344
0.01008006244819632 0.008761097683355548
0.01008006244819632 0.008854560784477583
0.01008006244819632 0.009044140406888182
0.01008006244819632 0.009354760653599449
0.01008006244819632 0.008977921571601946
0.01008006244819632 0.009091898807739208
0.01008006244819632 0.008918795043395544
0.01008006244819632 0.009097645126987146
0.01008006244819632 0.00909480554272012
0.01008006244819632 0.009248711041519204
0.01008006244819632 0.009247807734462116
0.01008006244819632 0.009046382839730438
0.01008006244819632 0.00935085062265637
0.01008006244819632 0.009123281436470048
0.01008006244819632 0.008945174744041252
0.01008006244819632 0.00953482683914399
0.01008006244819632 0.009407883566749275
0.01008006244819632 0.009220450977154323
0.01008006244819632 0.008819475149325556
0.01008006244819632 0.008927170464666156
0.01008006244819632 0.009251439914609798
0.01008006244819632 0.009115291204050168
0.01008006244819632 0.00928997693403395
0.01008006244819632 0.009304873147493474
0.01008006244819632 0.009543907048952235
0.01008006244819632 0.009420852518653527
0.01008006244819632 0.00930932504794476
0.01008006244819632 0.00931775232589338
0.01008006244819632 0.008831976161015187
0.01008006244819632 0.009177537018787594
0.01008006244819632 0.009332557800502662
0.01008006244819632 0.00914321294761356
0.01008006244819632 0.009152842633660965
0.01008006244819632 0.009167351088201344
0.01008006244819632 0.009192281933314273
0.01008006244819632 0.00911142206612125
0.01008006244819632 0.008922720473855035
0.01008006244819632 0.00922644514783727
0.01008006244819632 0.009116866717467642
0.01008006244819632 0.009264122182052489
0.01008006244819632 0.009013407256036072
0.01008006244819632 0.009461462136625472
0.01008006244819632 0.00921208010761283
0.01008006244819632 0.009041546506298211
0.01008006244819632 0.008544707438460204
0.01008006244819632 0.008932465051787318
0.01008006244819632 0.008740995976823138
0.01008006244819632 0.009085611352477567
0.01008006244819632 0.009230450260291574
0.01008006244819632 0.009117333328394494
0.01008006244819632 0.009197841684162733
0.01008006244819632 0.009178090351231136
0.01008006244819632 0.009117790396434481
0.01008006244819632 0.009023203323958293
0.01008006244819632 0.009183798160958531
0.01008006244819632 0.008976545576660437
0.01008006244819632 0.009113265314179865
0.01008006244819632 0.00906117867354049
0.01008006244819632 0.009479654618935195
0.01008006244819632 0.009122954019078951
0.01008006244819632 0.009015340892026392
0.01008006244819632 0.008915486560772783
0.01008006244819632 0.009174035734257716
0.01008006244819632 0.009008024503459973
0.01008006244819632 0.009151752748910419
0.01008006244819632 0.009519667452299077
0.01008006244819632 0.008674822208659266
0.01008006244819632 0.009005817996725951
0.01008006244819632 0.009288411956718305
0.01008006244819632 0.00903186160193256
0.01008006244819632 0.009198773458760584
0.01008006244819632 0.00919225155637733
0.01008006244819632 0.00920524505563299
0.01008006244819632 0.009431842357127861
0.01008006244819632 0.009049747728379806
0.01008006244819632 0.009111946149998627
0.01008006244819632 0.00926153557575491
0.01008006244819632 0.008969686558370871
0.01008006244819632 0.008987506553925185
0.01008006244819632 0.008776906211821364
0.01008006244819632 0.009429468904811514
0.01008006244819632 0.009359083736187004
0.01008006244819632 0.009214071545513769
0.01008006244819632 0.009132416320757899
0.01008006244819632 0.00919890556714901
0.01008006244819632 0.008744936201381417
0.01008006244819632 0.009204620732585808
0.01008006244819632 0.00949457296267457
0.01008006244819632 0.009443428281086406
0.01008006244819632 0.00903342046969206
0.01008006244819632 0.008981802550055545
