3524.0 11110.765
3524.0 9099.78
3392.0 7865.835
3048.0 6820.45
2977.0 6604.265
2259.0 5580.095
1774.0 5743.85
1774.0 4855.43
1774.0 4574.64
1750.0 3626.06
1797.0 3214.02
1401.0 3065.945
1251.0 2828.83
1434.0 2798.88
1434.0 2555.63
1109.0 2307.0
1126.0 2346.22
1126.0 2369.68
927.0 2011.25
927.0 2155.375
927.0 2333.995
822.0 1986.235
822.0 1676.52
731.0 1562.68
731.0 1576.105
731.0 1614.09
731.0 1326.78
731.0 1316.77
731.0 1263.15
667.0 1213.365
667.0 1187.875
667.0 1149.54
667.0 1145.35
665.0 1078.955
665.0 1131.675
665.0 1052.83
639.0 953.435
639.0 1270.735
639.0 1090.31
639.0 1255.63
639.0 1181.32
601.0 1218.01
541.0 1085.695
541.0 954.235
541.0 874.955
412.0 981.35
412.0 926.77
412.0 774.835
412.0 995.515
412.0 758.59
412.0 860.155
412.0 761.075
412.0 784.87
412.0 774.865
412.0 677.63
412.0 751.055
412.0 741.16
412.0 728.77
412.0 689.03
412.0 772.205
412.0 659.245
412.0 662.02
412.0 734.345
412.0 581.93
412.0 709.435
311.0 765.17
311.0 657.56
311.0 774.035
311.0 659.82
311.0 732.26
311.0 541.74
311.0 571.415
311.0 619.435
311.0 542.145
311.0 524.36
311.0 623.045
311.0 694.42
311.0 508.495
311.0 433.155
311.0 525.87
311.0 536.17
311.0 604.33
311.0 574.365
311.0 687.28
311.0 607.425
311.0 521.925
311.0 560.515
311.0 600.0
311.0 552.99
311.0 518.445
311.0 526.83
311.0 578.18
311.0 541.665
311.0 542.67
311.0 590.83
311.0 513.06
311.0 494.835
311.0 628.005
311.0 533.585
311.0 561.425
311.0 651.26
311.0 593.77
311.0 500.735
311.0 598.075
311.0 510.9
311.0 518.58
311.0 594.36
311.0 573.835
311.0 475.695
311.0 547.965
311.0 588.82
311.0 610.92
311.0 473.2
311.0 673.84
311.0 661.32
311.0 574.795
311.0 524.925
311.0 524.595
311.0 560.135
311.0 491.91
311.0 540.285
311.0 482.215
311.0 575.98
311.0 458.065
311.0 573.105
311.0 572.6
311.0 566.95
311.0 543.44
311.0 510.625
311.0 624.0
311.0 563.685
311.0 542.515
311.0 573.49
311.0 556.795
311.0 471.185
311.0 587.125
311.0 529.82
311.0 485.985
311.0 488.89
311.0 528.185
311.0 520.21
311.0 459.76
311.0 533.73
311.0 505.84
311.0 613.285
311.0 572.035
311.0 593.22
311.0 560.56
311.0 441.73
311.0 652.99
311.0 471.825
311.0 585.43
311.0 522.5
311.0 580.975
311.0 601.55
311.0 475.58
311.0 530.89
311.0 506.54
311.0 559.465
311.0 657.89
311.0 633.85
311.0 553.65
311.0 608.105
311.0 513.905
311.0 514.895
311.0 629.21
311.0 594.17
311.0 630.85
311.0 578.62
311.0 668.76
311.0 670.98
311.0 459.26
311.0 550.225
311.0 641.75
311.0 601.37
311.0 478.845
311.0 638.65
311.0 563.04
311.0 543.07
311.0 568.53
311.0 538.825
311.0 583.56
311.0 593.445
311.0 559.815
311.0 565.395
311.0 550.97
311.0 563.26
311.0 519.205
311.0 526.1
311.0 534.85
311.0 660.26
311.0 529.045
311.0 687.405
311.0 580.695
311.0 556.715
311.0 560.37
311.0 550.72
311.0 530.775
311.0 561.3
311.0 516.855
