7.160661995127862E-4 3.057999295433946E-4
7.160661995127862E-4 3.702522818975145E-4
8.57133201329344E-4 4.325459607758949E-4
8.57133201329344E-4 4.550304180530849E-4
9.977721339248175E-4 5.034493559917031E-4
9.977721339248175E-4 5.671866439973016E-4
0.0011933113805540985 6.151867698747419E-4
0.0011933113805540985 5.862913798723126E-4
0.0011933113805540985 6.473322124883061E-4
0.0015102780565266676 6.920711306301397E-4
0.001761566508367437 7.58818952420479E-4
0.001761566508367437 7.93202113961966E-4
0.002005111977095683 9.908501881352389E-4
0.0021487457587695182 0.0011211032912793364
0.0028279470429317206 0.0013209116048670377
0.002988887055172393 0.0015282473836773095
0.002988887055172393 0.0016538658707553582
0.002988887055172393 0.0017485453898542975
0.0033323091142299283 0.0018494127863687535
0.0033757765179089506 0.002088944626799512
0.004257371130566476 0.002331223523832535
0.004257371130566476 0.0024340592064750525
0.004275534924259643 0.0025423350337109856
0.005171906466875938 0.0030625880638257457
0.005171906466875938 0.0031558244097403786
0.005616953334501858 0.0033164480343734343
0.005616953334501858 0.0034860410025325593
0.006154419136304239 0.0035643044136863923
0.007621827241140023 0.004052135434243178
0.007621827241140023 0.0046313034341216195
0.007621827241140023 0.005395752799484831
0.007621827241140023 0.00597494403976381
0.007621827241140023 0.006404636734359766
0.007621827241140023 0.006551031442786096
0.007621827241140023 0.006631726232237293
0.007621827241140023 0.006578320768548911
0.007621827241140023 0.006465035204573488
0.007621827241140023 0.006459001383226485
0.007621827241140023 0.007075043640232846
0.007621827241140023 0.006754209259072798
0.007621827241140023 0.006804453858753645
0.007621827241140023 0.006839442991165595
0.007621827241140023 0.0064086674390723495
0.007621827241140023 0.006649452627765131
0.007621827241140023 0.006750854143054807
0.007621827241140023 0.006809887827374676
0.007621827241140023 0.006950828550468291
0.007621827241140023 0.006349031336445654
0.007621827241140023 0.006633546119778709
0.007621827241140023 0.0068503668080182375
0.007621827241140023 0.006591397526665162
0.007621827241140023 0.006879060648968708
0.007621827241140023 0.006871236166528083
0.007621827241140023 0.006365730386114016
0.007621827241140023 0.006271149961330591
0.007621827241140023 0.006846391351213375
0.007621827241140023 0.006920053455911973
0.007621827241140023 0.006982813556965662
0.007621827241140023 0.0069187529041583274
0.007621827241140023 0.006851061133097355
0.007621827241140023 0.006721857657623591
0.007621827241140023 0.006660990470648173
0.007621827241140023 0.0065630321546645085
0.007621827241140023 0.006808608192026817
0.007621827241140023 0.006759919412209322
0.007621827241140023 0.006784446509839726
0.007621827241140023 0.006538242379245709
0.007621827241140023 0.0066090789374639155
0.007621827241140023 0.006878235631700138
0.007621827241140023 0.006800971987928272
0.007621827241140023 0.00717399340032046
0.007621827241140023 0.006573351924825697
0.007621827241140023 0.0067512174793491805
0.007621827241140023 0.006665528011947785
0.007621827241140023 0.00701211878578004
0.007621827241140023 0.006900464267671433
0.007621827241140023 0.0067023601923606145
0.007621827241140023 0.0067189459031436645
0.007621827241140023 0.006795745004674333
0.007621827241140023 0.006884461399411079
0.007621827241140023 0.00686475872279221
0.007621827241140023 0.006653796787687392
0.007621827241140023 0.006853523421622503
0.007621827241140023 0.006420417700435722
0.007621827241140023 0.00679390359963401
0.007621827241140023 0.006926066698949832
0.007621827241140023 0.006945294381503816
0.007621827241140023 0.006604417544059438
0.007621827241140023 0.006753532427820144
0.007621827241140023 0.006690894797062451
0.007621827241140023 0.00658325389353144
0.008876516657783447 0.006590869744071027
0.008876516657783447 0.00645815542495635
0.008876516657783447 0.006765740628596406
0.008876516657783447 0.0068859432297152644
0.008876516657783447 0.007238235838181124
0.008876516657783447 0.007513234874727553
0.008876516657783447 0.007603232665061089
0.008876516657783447 0.007868675828227202
0.008876516657783447 0.007545474873825085
0.008876516657783447 0.008026310332755124
0.008876516657783447 0.008021228572051675
0.008876516657783447 0.008067352379453096
0.008876516657783447 0.007777558389920892
0.008876516657783447 0.008037536562638496
0.008876516657783447 0.008026808643234273
0.008876516657783447 0.007889926286826521
0.008876516657783447 0.007706979861647626
0.008876516657783447 0.007592893413944963
0.008876516657783447 0.007914945040029339
0.008876516657783447 0.007988554091170379
0.008876516657783447 0.008070438133013813
0.008876516657783447 0.007788738768737976
0.008876516657783447 0.00788594194738332
0.008876516657783447 0.0075463356160811205
0.008876516657783447 0.008108505176492257
0.008876516657783447 0.008342065143104335
0.008876516657783447 0.008115518523057252
0.008876516657783447 0.007801217345545914
0.008876516657783447 0.00807891008019345
0.008876516657783447 0.007984858459984156
0.008876516657783447 0.007756739047229597
0.008876516657783447 0.007893294222117282
0.008876516657783447 0.008014240548525392
0.008876516657783447 0.008079764434190269
0.008876516657783447 0.007687235275301256
0.008876516657783447 0.00801179686257273
0.008876516657783447 0.007797818618143626
0.008876516657783447 0.00794790342831732
0.008876516657783447 0.008133694666426885
0.008876516657783447 0.008087500150472457
0.008876516657783447 0.008003565690955642
0.008876516657783447 0.008101012558907791
0.008876516657783447 0.008077281103641257
0.008876516657783447 0.007775256800738814
0.008876516657783447 0.007895825775685681
0.008876516657783447 0.0077689274340013055
0.008876516657783447 0.007653906811875987
0.008876516657783447 0.00788956987154718
0.008876516657783447 0.0076882471143570495
0.008876516657783447 0.008161804957014738
0.008876516657783447 0.007579707472035251
0.008876516657783447 0.007984689405284066
0.008876516657783447 0.008034143567070882
0.008876516657783447 0.007331377426323537
0.008876516657783447 0.007831121472526842
0.008876516657783447 0.008080008593612737
0.008876516657783447 0.00792479251653372
0.008876516657783447 0.007898430171614205
0.008876516657783447 0.007972517033472735
0.008876516657783447 0.007852261102073233
0.008876516657783447 0.008031374084020403
0.008876516657783447 0.008229310489002842
0.008876516657783447 0.008047815416376766
0.008876516657783447 0.007908368068376493
0.008876516657783447 0.008131255480139168
0.008876516657783447 0.007998305908609072
0.008876516657783447 0.007880299610879287
0.008876516657783447 0.007926191204164901
0.008876516657783447 0.00812027722995123
0.008876516657783447 0.007873055305698424
0.008876516657783447 0.007737738369896024
0.008876516657783447 0.007650148880345471
0.008876516657783447 0.008014511925990214
0.008876516657783447 0.007759766293381255
0.008876516657783447 0.008065619036065647
0.008876516657783447 0.008316005536120188
0.008876516657783447 0.008316855842412835
0.008876516657783447 0.008091884975243865
0.008876516657783447 0.008164692608043722
0.008876516657783447 0.008273134479961237
0.008876516657783447 0.007631204167722417
0.008876516657783447 0.008191922183058638
0.008876516657783447 0.0075886361249408885
0.008876516657783447 0.00778432365138644
0.008876516657783447 0.007801761286413427
0.008876516657783447 0.007995182803484935
0.008876516657783447 0.007978755760910273
0.008876516657783447 0.008227951120577696
0.008876516657783447 0.008301574744073522
0.008876516657783447 0.007571839236147482
0.008876516657783447 0.007612408850752832
0.008876516657783447 0.008327205069349418
0.008876516657783447 0.007970780804691286
0.008876516657783447 0.007998740278098361
0.008876516657783447 0.007552573629921282
0.008876516657783447 0.008209999730671937
0.008876516657783447 0.007999800287490262
0.008876516657783447 0.00813340841428607
0.008876516657783447 0.00785366341819505
0.008876516657783447 0.00771451820476568
0.008876516657783447 0.007951876977713292
0.008876516657783447 0.008295625092781847
0.008876516657783447 0.007845773024598057
0.008876516657783447 0.007893686086407316
0.008876516657783447 0.008002252365298227
0.008876516657783447 0.007816229936583484
0.008876516657783447 0.007982457575314444
0.008876516657783447 0.007958819016030887
0.008876516657783447 0.008030914253893554
