5651.0 11269.085
4940.0 9970.235
4224.0 9417.59
4224.0 8046.76
4224.0 7332.81
3507.0 6705.55
2853.0 6690.535
2374.0 5066.255
2261.0 4445.86
1989.0 4213.255
1989.0 3670.8
1632.0 3191.255
1632.0 2659.67
1632.0 2490.915
1377.0 2331.58
1377.0 2321.04
1377.0 2231.395
1377.0 2078.475
1245.0 1892.04
1009.0 1790.875
1009.0 1849.12
1009.0 1732.815
1157.0 1763.96
1157.0 1554.32
1157.0 1447.985
1157.0 1364.69
1157.0 1347.235
1157.0 1213.135
778.0 1376.555
778.0 1383.905
778.0 1351.91
778.0 1506.285
778.0 1467.305
778.0 1479.75
778.0 1361.52
736.0 1338.385
736.0 1279.61
736.0 1279.735
736.0 1229.205
736.0 1234.43
736.0 1116.055
736.0 1130.615
736.0 1118.72
736.0 1164.7
736.0 1092.7
736.0 1080.45
634.0 875.155
634.0 900.955
634.0 823.48
634.0 857.55
520.0 819.76
520.0 948.235
520.0 809.845
520.0 852.235
520.0 839.97
520.0 865.365
520.0 805.415
520.0 886.115
520.0 791.285
520.0 792.435
520.0 762.155
520.0 764.0
520.0 896.08
520.0 731.46
520.0 736.075
520.0 693.8
520.0 577.155
520.0 586.13
520.0 600.27
520.0 596.27
520.0 623.5
520.0 600.55
520.0 654.77
520.0 613.345
520.0 654.415
520.0 629.535
520.0 644.69
520.0 573.805
520.0 665.445
520.0 664.78
520.0 620.015
520.0 615.725
520.0 583.095
520.0 628.365
520.0 642.195
520.0 715.61
496.0 653.345
496.0 598.175
496.0 624.56
496.0 609.045
496.0 632.3
496.0 643.595
496.0 739.07
496.0 587.7
496.0 686.815
496.0 618.75
496.0 628.105
496.0 675.245
496.0 632.155
496.0 570.985
496.0 602.245
496.0 610.69
496.0 616.865
496.0 519.045
496.0 593.305
496.0 587.15
496.0 565.47
496.0 605.44
496.0 630.49
496.0 560.81
496.0 554.075
496.0 544.56
496.0 638.395
496.0 577.88
496.0 617.35
496.0 632.09
496.0 605.055
496.0 581.265
496.0 661.265
496.0 580.125
496.0 573.875
496.0 581.705
496.0 527.75
496.0 672.975
496.0 620.02
496.0 631.415
496.0 547.25
496.0 633.75
496.0 641.525
496.0 674.71
496.0 631.715
496.0 546.545
496.0 660.085
496.0 714.525
496.0 629.505
496.0 646.135
496.0 601.275
496.0 598.47
496.0 651.675
496.0 632.56
496.0 641.27
496.0 606.88
496.0 572.675
496.0 551.01
496.0 578.165
496.0 611.97
496.0 634.87
496.0 650.125
496.0 591.155
496.0 617.865
496.0 713.61
496.0 547.75
496.0 595.195
496.0 597.64
496.0 575.775
496.0 600.805
496.0 576.13
496.0 609.055
496.0 642.11
496.0 561.015
496.0 617.055
496.0 583.095
496.0 564.885
496.0 618.325
496.0 561.08
496.0 558.345
496.0 604.065
496.0 587.405
496.0 579.355
368.0 583.645
368.0 613.695
368.0 622.255
368.0 591.79
368.0 621.875
368.0 641.115
368.0 609.525
368.0 692.945
368.0 663.495
368.0 659.295
368.0 571.955
368.0 554.03
368.0 573.95
368.0 531.4
368.0 467.5
368.0 488.985
368.0 598.44
368.0 577.955
368.0 448.16
368.0 500.2
368.0 473.97
368.0 474.295
368.0 477.275
368.0 478.215
368.0 452.73
368.0 398.62
368.0 453.175
368.0 447.54
368.0 494.485
368.0 427.995
368.0 472.72
