5.539471883426374E-4 2.996233365393309E-4
5.539471883426374E-4 3.4825074174815176E-4
7.692388106252585E-4 4.124791210055918E-4
8.661023459605049E-4 4.6198357012446317E-4
0.0010519243174748063 5.367604246715547E-4
0.0010999853984018527 6.032871427822497E-4
0.0012991152429342875 7.290839146780857E-4
0.0012991152429342875 7.847956957854255E-4
0.001906366829570138 8.759342520432101E-4
0.0021306130365881214 0.0010222416999575916
0.0021306130365881214 0.001048982030275318
0.0022720844930943958 0.0011284849540481715
0.0027769232149659237 0.0012541656761902481
0.0027769232149659237 0.0014026744570116295
0.0027769232149659237 0.0015343275092054524
0.003791507233628921 0.0016133551035178288
0.003791507233628921 0.0019015284531083672
0.003791507233628921 0.0021794083650933283
0.003924906611501532 0.0024781450005702805
0.003924906611501532 0.0026724331763353726
0.003924906611501532 0.0026940225170513027
0.004443152522070214 0.002698231579716131
0.004443152522070214 0.0028418667458679704
0.004443152522070214 0.0030166390972224174
0.004786473012675214 0.0030356287554454326
0.004786473012675214 0.0032533829541184557
0.004786473012675214 0.0034118395526672924
0.004786473012675214 0.0035585911596014395
0.005155659071479117 0.003657505249119004
0.005155659071479117 0.003561116400706358
0.005907389186007579 0.0037123278278939193
0.005907389186007579 0.003648578838009352
0.005907389186007579 0.004119051493391602
0.0076395999765714855 0.004478360582625232
0.0076395999765714855 0.004478568170400496
0.0076395999765714855 0.005096119812135781
0.0076395999765714855 0.004733370618109645
0.0076395999765714855 0.00523918670748716
0.0076395999765714855 0.005438616506949373
0.0076395999765714855 0.006008639880079009
0.0076395999765714855 0.006348850365479579
0.0076395999765714855 0.006690141498989016
0.0076395999765714855 0.006480572650785333
0.0076395999765714855 0.006829898440768568
0.0076395999765714855 0.007090607922509472
0.0076395999765714855 0.007026391475346635
0.0076395999765714855 0.0066399183636040695
0.0076395999765714855 0.006237117067437685
0.0076395999765714855 0.0070646900424752345
0.0076395999765714855 0.006962631707292737
0.0076395999765714855 0.006983300991313017
0.0076395999765714855 0.006844838782579116
0.0076395999765714855 0.006715191340721554
0.0076395999765714855 0.006761042978289437
0.0076395999765714855 0.006860190709434738
0.0076395999765714855 0.006735020059525634
0.0076395999765714855 0.006791375172847765
0.0076395999765714855 0.006990633852663988
0.0076395999765714855 0.006555304965488035
0.0076395999765714855 0.006476205792364328
0.0076395999765714855 0.006586902818200235
0.0076395999765714855 0.007043775522242829
0.0076395999765714855 0.006707232041395773
0.0076395999765714855 0.006727251525867927
0.0076395999765714855 0.006691484216424405
0.0076395999765714855 0.006862353152074595
0.0076395999765714855 0.006134556360051272
0.0076395999765714855 0.006578733768467843
0.0076395999765714855 0.006614798324781196
0.0076395999765714855 0.006695909508131381
0.0076395999765714855 0.006618823608475591
0.0076395999765714855 0.006607958631703092
0.0076395999765714855 0.00695359161841216
0.0076395999765714855 0.006655406958503466
0.0076395999765714855 0.0066513073982311524
0.0076395999765714855 0.00709184478986395
0.0076395999765714855 0.006960071628910686
0.0076395999765714855 0.006562170965051156
0.0076395999765714855 0.0067718522801477445
0.0076395999765714855 0.006836341739299558
0.0076395999765714855 0.006546565004846151
0.0076395999765714855 0.006800644297630486
0.0076395999765714855 0.006733702159656955
0.0076395999765714855 0.006629041228527649
0.0076395999765714855 0.006759545782086361
0.0076395999765714855 0.006840876923755569
0.0076395999765714855 0.006685932309460257
0.0076395999765714855 0.0072340923551948025
0.0076395999765714855 0.006762517273089475
0.0076395999765714855 0.006587955959417695
0.0076395999765714855 0.006879512923430939
0.0076395999765714855 0.006747175236330176
0.0076395999765714855 0.00653950128005083
0.0076395999765714855 0.006834372588242571
0.0076395999765714855 0.0066444347078757375
0.0076395999765714855 0.006728176113640705
0.0076395999765714855 0.006732782613985678
0.0076395999765714855 0.006714537201064844
0.0076395999765714855 0.006770169607666096
0.0076395999765714855 0.006629936734431423
0.0076395999765714855 0.006948194979131731
0.0076395999765714855 0.0067288663604892765
0.0076395999765714855 0.006785951266041432
0.0076395999765714855 0.006710154821079832
0.0076395999765714855 0.006651372100489844
0.0076395999765714855 0.006527015648372431
0.0076395999765714855 0.006689223775881892
0.0076395999765714855 0.00672052747052944
0.0076395999765714855 0.006308146529399
0.0076395999765714855 0.006543629266904895
0.0076395999765714855 0.006855470868410973
0.0076395999765714855 0.007059852688536296
0.0076395999765714855 0.006453248386763461
0.0076395999765714855 0.006825178508593194
0.0076395999765714855 0.00676955863013169
0.0076395999765714855 0.0066687546638600015
0.0076395999765714855 0.0071715322655376175
0.0076395999765714855 0.006670045829844298
0.0076395999765714855 0.006576633589094712
0.0076395999765714855 0.006615026859646605
0.0076395999765714855 0.006742788001582819
0.0076395999765714855 0.006933090703160354
0.0076395999765714855 0.006673246597247523
0.0076395999765714855 0.006807206715483758
0.0076395999765714855 0.0067065629259248985
0.0076395999765714855 0.0071073211049855175
0.0076395999765714855 0.0070614081138113405
0.0076395999765714855 0.0070000311397739315
0.0076395999765714855 0.006533518591080775
0.0076395999765714855 0.006669324699137791
0.0076395999765714855 0.006985465233504648
0.0076395999765714855 0.006985474303853111
0.0076395999765714855 0.00691078515752662
0.0076395999765714855 0.006657532949993484
0.0076395999765714855 0.0066302528688970954
0.0076395999765714855 0.006665406751691507
0.0076395999765714855 0.00692459061371048
0.0076395999765714855 0.006821714824032079
0.0076395999765714855 0.007009826551366034
0.0076395999765714855 0.006810642600292203
0.0076395999765714855 0.006788229996814843
0.0076395999765714855 0.006579903589631997
0.0076395999765714855 0.006672098194875182
0.0076395999765714855 0.006936834460976903
0.0076395999765714855 0.006833583989889171
0.0076395999765714855 0.006771482326550083
0.0076395999765714855 0.006551146574602864
0.0076395999765714855 0.0067938748226063295
0.0076395999765714855 0.006567505849429334
0.0076395999765714855 0.006793389739868319
0.0076395999765714855 0.006962037207875085
0.0076395999765714855 0.006869000342722576
0.0076395999765714855 0.007196689911781839
0.0076395999765714855 0.0067124577836800625
0.0076395999765714855 0.006703346321503381
0.0076395999765714855 0.006812863983834949
0.0076395999765714855 0.0065151186035109585
0.0076395999765714855 0.006692418635926784
0.0076395999765714855 0.006768546219731726
0.0076395999765714855 0.006988763036469641
0.0076395999765714855 0.006692158359779483
0.0076395999765714855 0.006975832640364993
0.0076395999765714855 0.006989203734364834
0.0076395999765714855 0.006679037976929096
0.0076395999765714855 0.006661099139689446
0.0076395999765714855 0.006744501772653458
0.0076395999765714855 0.007093083761292328
0.0076395999765714855 0.0067024074564107665
0.0076395999765714855 0.006971847128463076
0.0076395999765714855 0.006906864133403511
0.0076395999765714855 0.006821806961755614
0.0076395999765714855 0.006412855981638776
0.0076395999765714855 0.006795046196293353
0.0076395999765714855 0.006858706606038798
0.0076395999765714855 0.006715310616183412
0.0076395999765714855 0.006916459242739802
0.0076395999765714855 0.006579442510845289
0.0076395999765714855 0.006861188779712405
0.0076395999765714855 0.007000687575447909
0.0076395999765714855 0.006751877736666908
0.0076395999765714855 0.006749736897586982
0.0076395999765714855 0.007015167843661101
0.0076395999765714855 0.006692525887183977
0.0076395999765714855 0.006651604379930205
0.0076395999765714855 0.006735403710488296
0.0076395999765714855 0.006712889251768992
0.0076395999765714855 0.006794424116958835
0.0076395999765714855 0.006637309080650965
0.0076395999765714855 0.0066969375421556945
0.0076395999765714855 0.006958525914616317
0.0076395999765714855 0.006742122608347627
0.0076395999765714855 0.007046495168665893
0.0076395999765714855 0.0065054966818888
0.0076395999765714855 0.006688159946166978
0.0076395999765714855 0.006908698406825064
0.0076395999765714855 0.006713867689556009
0.0076395999765714855 0.006873134881244148
0.0076395999765714855 0.006728200052288775
0.0076395999765714855 0.006707838636255534
0.0076395999765714855 0.006838114158135147
