6.037735428724576E-4 3.147435568004125E-4
6.037735428724576E-4 3.4570097638565787E-4
9.122671743061438E-4 3.6232525242001787E-4
9.122671743061438E-4 4.086979464298393E-4
9.122671743061438E-4 4.3053724746684757E-4
9.122671743061438E-4 4.5855551341672865E-4
0.0010290778359460194 4.938872645924452E-4
0.0010290778359460194 5.154179277139976E-4
0.0010290778359460194 5.62036165274444E-4
0.0011247467320362697 6.532234209741259E-4
0.0014977345177647576 7.672502029830184E-4
0.001979092473564128 8.712909466980599E-4
0.001979092473564128 9.89572873429665E-4
0.001979092473564128 0.0011279680447403417
0.0022831539500852063 0.0012312063341361485
0.0022831539500852063 0.0013131482134196163
0.0022831539500852063 0.0012914499588967197
0.0025695858427478785 0.0014079435700734442
0.0028787605481688135 0.001482928269731749
0.0035419348499347142 0.0016722041094579037
0.0035419348499347142 0.0018396155805120728
0.0035419348499347142 0.0019475884940718421
0.0035419348499347142 0.002092943905358816
0.0035419348499347142 0.002230931179286798
0.004486074408449633 0.0024165675176794055
0.004486074408449633 0.002609950462816926
0.005934697779023557 0.002899442303987101
0.005934697779023557 0.0030593861818006387
0.005934697779023557 0.0033040792037224067
0.005934697779023557 0.003675634902805708
0.005934697779023557 0.004059118434449002
0.005934697779023557 0.004255739382324078
0.005934697779023557 0.0044740327364192305
0.005934697779023557 0.0046164823754145535
0.005934697779023557 0.004824815824832136
0.005934697779023557 0.0049157536087602784
0.005934697779023557 0.005172138778250979
0.007444787596808374 0.005135616298359108
0.007444787596808374 0.0053397908244673595
0.007444787596808374 0.005115003359626617
0.007444787596808374 0.005439389053691384
0.007444787596808374 0.0050750321375404505
0.007444787596808374 0.005113000248141935
0.007444787596808374 0.005735951071856237
0.007444787596808374 0.0055251465524394135
0.007444787596808374 0.006249942673758517
0.007444787596808374 0.006356429895401286
0.007444787596808374 0.0060334875299310285
0.007444787596808374 0.006316139683632597
0.007444787596808374 0.006294295396966535
0.007444787596808374 0.006699919222026162
0.007444787596808374 0.006527803102531719
0.007444787596808374 0.006466310965837576
0.007444787596808374 0.006363061476133022
0.007444787596808374 0.0067143299372052
0.007444787596808374 0.0065531216764871635
0.007444787596808374 0.006362659660740809
0.007444787596808374 0.0064064765137211545
0.007444787596808374 0.006778215036030563
0.007444787596808374 0.0064854671402896965
0.007444787596808374 0.0064200043120503595
0.007444787596808374 0.0065321737332636074
0.007444787596808374 0.006474895868006375
0.007444787596808374 0.006517861475709667
0.007444787596808374 0.00622898127594166
0.007444787596808374 0.006462340605490033
0.007444787596808374 0.006694389427743632
0.007444787596808374 0.00694283377822104
0.007444787596808374 0.006373760808195131
0.007444787596808374 0.006348646808499369
0.007444787596808374 0.006583157816167897
0.007444787596808374 0.005725659186918618
0.007444787596808374 0.006665938707461751
0.007444787596808374 0.00634912145607985
0.007444787596808374 0.00660900996406843
0.007444787596808374 0.006654859702614035
0.007444787596808374 0.006420637268775414
0.007444787596808374 0.006362175542492644
0.007444787596808374 0.00638874722461763
0.007444787596808374 0.006667314521919202
0.007444787596808374 0.006510327493961785
0.007444787596808374 0.006459070739653405
0.007444787596808374 0.0065852926546910604
0.007444787596808374 0.006643973509001106
0.007444787596808374 0.006726018598861955
0.007444787596808374 0.006636103476574296
0.007444787596808374 0.006024882194578791
0.007444787596808374 0.006468845541079896
0.007444787596808374 0.006665602933890389
0.007444787596808374 0.00655357749004415
0.007444787596808374 0.006564883265567087
0.007444787596808374 0.0070907353419661125
0.007444787596808374 0.006686437696656107
0.007444787596808374 0.006773043662692843
0.007444787596808374 0.006934384024518636
0.007444787596808374 0.0065641013010174784
0.007444787596808374 0.006604430440890673
0.007444787596808374 0.0066807243110808935
0.007444787596808374 0.006716974062918983
0.007444787596808374 0.006432016317213816
0.007444787596808374 0.006549301031144028
0.007444787596808374 0.006458629873674019
0.007444787596808374 0.0064159003597232455
0.007444787596808374 0.006629890194345733
0.007444787596808374 0.006520386379500062
0.007444787596808374 0.006609086484400759
0.007444787596808374 0.006625627660013161
0.007444787596808374 0.006434674680553448
0.007444787596808374 0.006573629876079533
0.007444787596808374 0.006603499064599825
0.007444787596808374 0.006830879003628
0.007444787596808374 0.006628873416409696
0.007444787596808374 0.00665674375689786
0.007444787596808374 0.006537979151067451
0.007444787596808374 0.006694252447251873
0.007444787596808374 0.006460764570610905
0.007444787596808374 0.006434130155036352
0.007444787596808374 0.006564130281405852
0.007444787596808374 0.006746488390178062
0.007444787596808374 0.006564493892527152
0.007444787596808374 0.006646926595322088
0.007444787596808374 0.006191337586636671
0.007444787596808374 0.006868320195732528
0.007444787596808374 0.006729617336480733
0.007444787596808374 0.006360294494602557
0.007444787596808374 0.0068223828986197065
0.007444787596808374 0.006343143318282225
0.007444787596808374 0.006755168277743659
0.007444787596808374 0.006736833451393991
0.007444787596808374 0.0068985077272371844
0.007444787596808374 0.006536326509153866
0.007444787596808374 0.006723886189527217
0.007444787596808374 0.006620402932400037
0.007444787596808374 0.006291480369970043
0.007444787596808374 0.006538530966014584
0.007444787596808374 0.006422435826598822
0.007444787596808374 0.006290831176978849
0.007444787596808374 0.00644861880522065
0.007444787596808374 0.00669009987751531
0.007444787596808374 0.0065164922871929366
0.007444787596808374 0.006629994195591618
0.007444787596808374 0.006576944565207385
0.007444787596808374 0.006640225636569569
0.007444787596808374 0.006616844507471448
0.007444787596808374 0.006428096510540571
0.007444787596808374 0.006705562699417134
0.007444787596808374 0.006495399124848434
0.007444787596808374 0.0065100606829538695
0.007444787596808374 0.006183092528903065
0.007444787596808374 0.006099630120537776
0.007444787596808374 0.00650676696332427
0.007444787596808374 0.006884069057911146
0.007444787596808374 0.006637055925317477
0.007444787596808374 0.0064881168655297064
0.007444787596808374 0.0065586244474147935
0.007444787596808374 0.006498201333214862
0.007444787596808374 0.007026809189845436
0.007444787596808374 0.006703513594268195
0.007444787596808374 0.006450722765713997
0.007444787596808374 0.006750340358668576
0.007444787596808374 0.0064984699319445074
0.007444787596808374 0.006409336277630714
0.007444787596808374 0.0066096745256173815
0.009286546111112647 0.006466460849113881
0.009286546111112647 0.006730537873431881
0.009286546111112647 0.006659571046514955
0.009286546111112647 0.00669841644490634
0.009286546111112647 0.006762229502332033
0.009286546111112647 0.0065206300776823765
0.009286546111112647 0.007633237272434476
0.009286546111112647 0.007265026295865413
0.009286546111112647 0.007954702564856699
0.009286546111112647 0.008146612767108883
0.009286546111112647 0.008332548297171068
0.009286546111112647 0.00840914911689596
0.009286546111112647 0.008464918027757949
0.009286546111112647 0.008397536665742888
0.009286546111112647 0.008483351540642682
0.009286546111112647 0.008374903143627772
0.009286546111112647 0.008491489869873041
0.009286546111112647 0.008245161625420168
0.009286546111112647 0.008694943214240358
0.009286546111112647 0.007754807369591602
0.009286546111112647 0.008598436813803305
0.009286546111112647 0.008432318523210781
0.009286546111112647 0.008696545539410154
0.009286546111112647 0.008590587311281392
0.009286546111112647 0.0084290121275278
0.009286546111112647 0.008444302024031024
0.009286546111112647 0.007990948800395933
0.009286546111112647 0.008570877381583193
0.009286546111112647 0.008368290617057692
0.009286546111112647 0.008580522169868102
0.009286546111112647 0.008554227409601241
0.009286546111112647 0.00815842489907297
0.009286546111112647 0.008069273296020136
0.009286546111112647 0.007979277455216857
0.009286546111112647 0.008472032811782881
0.009286546111112647 0.008481841754738609
0.009286546111112647 0.008675989351388493
