4130.0 10519.955
4130.0 8883.22
3885.0 7515.055
4130.0 7121.715
2897.0 6220.49
2125.0 5758.105
2263.0 5444.8
2263.0 5145.315
2093.0 4478.85
1606.0 4343.63
1656.0 3554.84
1656.0 3943.12
990.0 3750.25
990.0 2892.4
990.0 2556.315
990.0 2260.095
1178.0 2189.145
990.0 2047.12
990.0 1922.76
896.0 1760.84
695.0 1600.76
695.0 1568.415
664.0 1644.575
664.0 1557.175
664.0 1500.18
664.0 1254.38
664.0 1243.995
664.0 1267.375
679.0 1162.07
679.0 1190.37
679.0 1182.765
652.0 1087.63
652.0 1143.025
652.0 1106.605
652.0 1165.59
652.0 1145.045
606.0 1184.26
606.0 1055.335
606.0 1249.68
606.0 1239.3
606.0 1148.43
364.0 1085.9
364.0 1099.51
364.0 1118.175
364.0 1039.9
364.0 953.9
364.0 727.805
364.0 649.51
364.0 632.695
364.0 670.97
364.0 671.635
364.0 741.985
364.0 632.37
364.0 561.02
364.0 618.49
364.0 553.265
364.0 675.15
364.0 670.77
364.0 762.12
364.0 684.795
364.0 662.57
364.0 666.31
364.0 633.325
364.0 742.53
364.0 744.195
364.0 797.25
364.0 612.525
364.0 775.855
364.0 606.48
364.0 635.705
364.0 675.07
364.0 750.44
364.0 750.075
364.0 653.805
364.0 704.22
364.0 725.795
364.0 661.425
364.0 894.03
364.0 703.495
364.0 671.06
364.0 724.735
364.0 619.75
364.0 659.88
364.0 617.31
364.0 679.975
364.0 581.015
364.0 636.105
364.0 667.13
364.0 536.41
364.0 687.63
364.0 667.625
364.0 698.58
364.0 660.94
364.0 633.24
364.0 715.125
364.0 767.815
364.0 677.67
364.0 708.01
364.0 522.185
364.0 617.405
364.0 713.62
364.0 543.115
364.0 640.43
364.0 561.96
364.0 682.565
364.0 620.11
364.0 655.32
364.0 636.155
364.0 663.865
364.0 633.8
364.0 618.925
364.0 640.92
364.0 674.615
364.0 592.125
364.0 566.115
364.0 674.23
364.0 631.03
364.0 752.03
364.0 608.065
364.0 705.33
364.0 622.25
364.0 544.325
364.0 626.665
364.0 621.285
364.0 672.975
364.0 590.69
364.0 533.845
364.0 696.95
364.0 555.425
364.0 619.53
364.0 607.69
364.0 635.02
364.0 656.705
364.0 641.88
364.0 584.16
364.0 667.4
364.0 627.71
364.0 589.705
364.0 567.65
364.0 535.015
364.0 795.83
364.0 640.475
364.0 698.215
364.0 623.885
364.0 607.38
364.0 599.42
364.0 537.02
364.0 605.455
364.0 665.685
364.0 587.29
364.0 579.83
364.0 710.13
364.0 621.15
364.0 647.185
364.0 811.425
364.0 655.885
364.0 526.655
364.0 698.645
364.0 725.15
364.0 731.57
364.0 589.275
364.0 630.29
364.0 625.455
364.0 597.65
364.0 691.75
364.0 672.675
364.0 660.65
364.0 680.01
364.0 650.81
364.0 697.335
364.0 658.4
364.0 591.31
364.0 659.835
364.0 700.06
364.0 654.025
364.0 587.09
364.0 520.5
358.0 653.135
358.0 643.26
358.0 611.665
358.0 692.95
358.0 804.13
358.0 678.405
358.0 528.58
358.0 601.015
358.0 642.74
358.0 591.915
358.0 638.575
358.0 731.72
358.0 729.32
358.0 599.12
358.0 657.935
358.0 706.285
358.0 691.25
358.0 607.28
358.0 655.59
358.0 502.115
358.0 718.49
358.0 604.69
358.0 626.72
