8.516636025587095E-4 3.1085144498714913E-4
8.516636025587095E-4 3.9430062018807254E-4
8.934187924648347E-4 4.669347913228459E-4
0.0010216232128178054 5.349683373221158E-4
0.001056886688693153 5.623309349136004E-4
0.0013255466720726386 6.494838210914556E-4
0.0013727819296592907 6.560478875870811E-4
0.0013727819296592907 7.412824323377086E-4
0.0013727819296592907 8.218111280673208E-4
0.0016978986415326868 9.809399443601705E-4
0.0018087444955755792 0.001088125704934734
0.0022844072948614855 0.0011652304322976158
0.002427852032120034 0.0012546005874263866
0.002434219902135629 0.0013008359244125573
0.002434219902135629 0.0014146227721670102
0.0027252441888449786 0.0015917515786192222
0.003113554668564622 0.0015968364934411247
0.003113554668564622 0.0016434743872451355
0.003512832396268373 0.0018370034413523612
0.003512832396268373 0.0018203187984072436
0.003512832396268373 0.001728871058610639
0.0035166194484443267 0.002098555995417105
0.0035166194484443267 0.0023679187770151476
0.004209010360495962 0.0025250959738351082
0.004209010360495962 0.0024820402308976487
0.004209010360495962 0.0025872660861250346
0.004209010360495962 0.003033566505784876
0.004209010360495962 0.0030738705849790633
0.004209010360495962 0.0032001889507277475
0.004458651585248802 0.003231912934025361
0.004458651585248802 0.0034296004582994883
0.004458651585248802 0.003469614551675407
0.004458651585248802 0.003514040575856178
0.005022216645842545 0.003642633425749631
0.005022216645842545 0.003651824984811498
0.005022216645842545 0.0037632217022588953
0.005031319614597199 0.003906653990809923
0.005031319614597199 0.0034088360318334436
0.005031319614597199 0.0037784226512458012
0.005031319614597199 0.003558809145005228
0.005031319614597199 0.0036514280633953766
0.005463348084912433 0.003641747441235469
0.006101317735422762 0.003973492515028098
0.006101317735422762 0.0042094091524634124
0.006101317735422762 0.004473417136459882
0.007027245131096525 0.004308776607259798
0.007027245131096525 0.004495267365223358
0.007027245131096525 0.005029839245641975
0.007027245131096525 0.004794763161098406
0.007027245131096525 0.00555795375388088
0.007027245131096525 0.005371851770267288
0.007027245131096525 0.005842280055985808
0.007027245131096525 0.005876204946521315
0.007027245131096525 0.005919699213176563
0.007027245131096525 0.006198852902136711
0.007027245131096525 0.005918361975117945
0.007027245131096525 0.0061013709154093395
0.007027245131096525 0.006063778488652622
0.007027245131096525 0.006239804092445945
0.007027245131096525 0.006030294256404646
0.007027245131096525 0.006382995643073371
0.007027245131096525 0.006294285630195068
0.007027245131096525 0.006009166652122909
0.007027245131096525 0.006457843008507407
0.007027245131096525 0.006126265267300753
0.008150849892673399 0.006003241805822379
0.008150849892673399 0.006300164760141346
0.008150849892673399 0.0061095889982513505
0.008150849892673399 0.00649722015284555
0.008150849892673399 0.0063403889964653215
0.008150849892673399 0.007069697277449728
0.008150849892673399 0.00706944241106774
0.008150849892673399 0.007050979054041892
0.008150849892673399 0.007216605958263614
0.008299398232450458 0.00724587975709071
0.008299398232450458 0.007031269231238043
0.008299398232450458 0.0068535243273832305
0.008299398232450458 0.007512818413799347
0.008299398232450458 0.007750047536876272
0.008299398232450458 0.007526046289379532
0.008299398232450458 0.007470492055303182
0.008299398232450458 0.007259411202104292
0.00901148795815544 0.007354349884133745
0.00901148795815544 0.007054066449536564
0.00901148795815544 0.007368916760704266
0.00901148795815544 0.007499871874491851
0.00901148795815544 0.007560243786338016
0.00901148795815544 0.007388559337941157
0.00901148795815544 0.0077647104595778
0.00901148795815544 0.008132844976398856
0.00901148795815544 0.008008598101250902
0.00901148795815544 0.007817434820852818
0.00901148795815544 0.007870067795923787
0.00901148795815544 0.008002238350794241
0.00901148795815544 0.007823519495227003
0.00901148795815544 0.008117360712223153
0.00901148795815544 0.008309634135230906
0.00901148795815544 0.007897957698512446
0.00901148795815544 0.00812873561314034
0.00901148795815544 0.008099665955124681
0.00901148795815544 0.007710760651078742
0.00901148795815544 0.007931614433269875
0.00901148795815544 0.008300562183652577
0.00901148795815544 0.007982475644884954
0.00901148795815544 0.008299312463781794
0.00901148795815544 0.008183543582825017
0.00901148795815544 0.00795681768915225
0.00901148795815544 0.008142002925653676
0.00901148795815544 0.008387295573834316
0.00901148795815544 0.008142054269108153
0.00901148795815544 0.008090501880936612
0.00901148795815544 0.008052416816245413
0.00901148795815544 0.008477109899880493
0.00901148795815544 0.007696171647718555
0.00901148795815544 0.007733092154748462
0.00901148795815544 0.008089227778251521
0.00901148795815544 0.008047222869433174
0.00901148795815544 0.008260519203763856
0.00901148795815544 0.008019227414358437
0.00901148795815544 0.008355561015733586
0.00901148795815544 0.008070460989481904
0.00901148795815544 0.008343987768628033
0.00901148795815544 0.008015901020672069
0.00901148795815544 0.008423390412777345
0.00901148795815544 0.008038408169177813
0.00901148795815544 0.008082881271366532
0.00901148795815544 0.008076746087119493
0.00901148795815544 0.0081152464124595
0.00901148795815544 0.008243291819014125
0.00901148795815544 0.007891723347681399
0.00901148795815544 0.008166983207529474
0.00901148795815544 0.008126551481760957
0.00901148795815544 0.008040792348935124
0.00901148795815544 0.008040567048209244
0.00901148795815544 0.008357159323158548
0.00901148795815544 0.00807110284487831
0.00901148795815544 0.008162806545047571
0.00901148795815544 0.008467903307352054
0.00901148795815544 0.008374609953546696
0.00901148795815544 0.008206939043704236
0.00901148795815544 0.008214191216367161
0.00901148795815544 0.008387691330276545
0.00901148795815544 0.008160306304085574
0.00901148795815544 0.00826832243232808
0.00901148795815544 0.007882911419148203
0.009017103632459325 0.008137590720155394
0.009017103632459325 0.007884243708747322
0.009017103632459325 0.008095329169086115
0.009017103632459325 0.00845132770476397
0.009017103632459325 0.007747838507200327
0.009017103632459325 0.008386147956093408
0.009017103632459325 0.0079536621350372
0.009017103632459325 0.00804382599350717
0.009017103632459325 0.007949384226951978
0.009017103632459325 0.007962195878047959
0.009017103632459325 0.008278988244629045
0.009017103632459325 0.008274618607680606
0.009017103632459325 0.00835967040571203
0.009017103632459325 0.007960036617644436
0.009017103632459325 0.007668723611933711
0.009017103632459325 0.007860097073586005
0.009017103632459325 0.008007122436326926
0.009017103632459325 0.007757703467268914
0.009017103632459325 0.008227620022297535
0.009017103632459325 0.008262445906725605
0.009017103632459325 0.007682441287072007
0.009017103632459325 0.007792867321561561
0.009017103632459325 0.007826754540015269
0.009017103632459325 0.007881705860335932
0.009017103632459325 0.007559328962784318
0.009017103632459325 0.007731478109478961
0.009017103632459325 0.008397560334284406
0.009017103632459325 0.008250514263420647
0.009017103632459325 0.007836486111957468
0.009017103632459325 0.00794662771954718
0.009017103632459325 0.008268436316439844
0.009017103632459325 0.007720659823962801
0.009017103632459325 0.007999448501928217
0.009017103632459325 0.008258189690005347
0.009017103632459325 0.008174283080057087
0.009017103632459325 0.008178873912628327
0.009017103632459325 0.008037792757774567
0.009017103632459325 0.007928094547030386
0.009017103632459325 0.008140109834714143
0.009017103632459325 0.008080149092931933
0.009017103632459325 0.008117902895359564
0.009017103632459325 0.008094058462144135
0.009017103632459325 0.008327665948902248
0.009017103632459325 0.00810349052860827
0.009017103632459325 0.008100665279573576
0.009017103632459325 0.007619324381994843
0.009017103632459325 0.008097355959281976
0.009017103632459325 0.007867760698447385
0.009017103632459325 0.008067612866454792
0.009017103632459325 0.00819576450097272
0.009017103632459325 0.008217920311088698
0.009017103632459325 0.008134935233071513
0.009017103632459325 0.00821509294677552
0.009017103632459325 0.008022556466991342
0.009017103632459325 0.008245993731210328
