5.900513225948558E-4 2.9800043748330515E-4
5.900513225948558E-4 3.3724863164583346E-4
6.448266845772734E-4 3.670692410676296E-4
8.272628408191841E-4 4.2646109446514474E-4
8.272628408191841E-4 4.878134416949136E-4
0.0012428707041723934 5.333086399775423E-4
0.0012428707041723934 5.670894553804033E-4
0.0012428707041723934 6.00955142473025E-4
0.0012428707041723934 6.565944737520123E-4
0.0014307728136320288 7.225856382247408E-4
0.0014307728136320288 7.598042676092094E-4
0.0014307728136320288 8.305553789413697E-4
0.001564068503793951 9.270572926654165E-4
0.0020232020395116947 0.0010558292739843004
0.0020232020395116947 0.0012160289560293983
0.002079616891847977 0.0013986044922046823
0.0026652718769657182 0.001480312934979824
0.0033670436590699983 0.0015777350275785515
0.0033670436590699983 0.0017069664353065329
0.0033670436590699983 0.0018130942177173321
0.0033670436590699983 0.0018348731256575487
0.0033670436590699983 0.0019111673625722822
0.003549085739195904 0.002067349759993523
0.003549085739195904 0.0024209868253459005
0.004760633510242524 0.0025857441053538104
0.004760633510242524 0.002633123368204238
0.004760633510242524 0.0027170582805573123
0.004760633510242524 0.003060306177786304
0.004760633510242524 0.0037808182786369304
0.004760633510242524 0.00401059923214875
0.004760633510242524 0.004335188251260564
0.004760633510242524 0.004287851415109295
0.004760633510242524 0.004505443426455026
0.004760633510242524 0.004477913619223269
0.004760633510242524 0.004368194829610003
0.004760633510242524 0.0045143584897499225
0.004760633510242524 0.004474478264794474
0.004760633510242524 0.004536303255431732
0.004760633510242524 0.004490403288882989
0.004760633510242524 0.004444292877769468
0.004760633510242524 0.004631811550844519
0.004760633510242524 0.004555051552234302
0.004760633510242524 0.0045186942396806444
0.004760633510242524 0.004566349204741938
0.004760633510242524 0.004463408381203625
0.004760633510242524 0.0044945206272974415
0.004760633510242524 0.00458413040838193
0.004760633510242524 0.004549213096739615
0.004760633510242524 0.0044842775509419935
0.004760633510242524 0.004505608585615677
0.004760633510242524 0.004390758958268431
0.004760633510242524 0.004565634964981359
0.004760633510242524 0.004468899273775597
0.004760633510242524 0.0045202959506865465
0.004760633510242524 0.004420472445705812
0.004760633510242524 0.004447918332593486
0.004760633510242524 0.004434871399111512
0.004760633510242524 0.004341266200268727
0.004760633510242524 0.004406847501424293
0.004760633510242524 0.004484538051283912
0.004760633510242524 0.004431395498891766
0.004760633510242524 0.00453263452570887
0.004760633510242524 0.004516922288289921
0.004760633510242524 0.004470658172805209
0.004760633510242524 0.0043509161277177025
0.004760633510242524 0.0043573573102618154
0.004760633510242524 0.004423655187101443
0.004760633510242524 0.004462403517698278
0.004760633510242524 0.004447409592971944
0.004760633510242524 0.0045255731745035025
0.004760633510242524 0.0044595580173912045
0.004760633510242524 0.004433954098122796
0.004760633510242524 0.00459916321592465
0.004760633510242524 0.0044130180352577614
0.004760633510242524 0.004410357378129786
0.004760633510242524 0.004483317893570236
0.004760633510242524 0.004593162732930804
0.004760633510242524 0.0045190081613726285
0.004760633510242524 0.004440954982532733
0.004760633510242524 0.004417575775866669
0.004760633510242524 0.004452712836108411
0.004760633510242524 0.0045158715863189616
0.004760633510242524 0.004375466204014991
0.004760633510242524 0.004433963693711341
0.004760633510242524 0.004593609477618643
0.004760633510242524 0.0044009166449804574
0.004760633510242524 0.00441316633172229
0.004760633510242524 0.004526201689956055
0.004760633510242524 0.0044816181336783285
0.004760633510242524 0.004578629761701226
0.004760633510242524 0.004470198245568922
0.004760633510242524 0.00450254078845915
0.004760633510242524 0.0044910259249763655
0.004760633510242524 0.004386143607650105
0.004760633510242524 0.004541123895395825
0.005049675041424012 0.004548753696876219
0.005049675041424012 0.004488194252946871
0.005049675041424012 0.004454914936174296
0.005049675041424012 0.004447632993821957
0.005049675041424012 0.004528699458811982
0.005049675041424012 0.004473370373135009
0.005049675041424012 0.004512972441543137
0.005049675041424012 0.004639590734970801
0.005049675041424012 0.004539018970565951
0.005049675041424012 0.004596025209884029
0.005049675041424012 0.0046340398038965894
0.005049675041424012 0.004633504300112189
0.005049675041424012 0.004613306875256152
0.005049675041424012 0.004723538677472693
0.005049675041424012 0.004683908067170461
0.00510996884881641 0.004696986366544167
0.005472557649989319 0.004698595081505304
0.005472557649989319 0.0048115123175375306
0.005472557649989319 0.004840927291219054
0.005472557649989319 0.004743082862417156
0.005472557649989319 0.004800605792540374
0.005472557649989319 0.00485846776350254
0.005472557649989319 0.004934737013581099
0.005472557649989319 0.004909850205578578
0.005472557649989319 0.005078536173819687
0.005472557649989319 0.005068606068552524
0.005472557649989319 0.005090961358031995
0.005472557649989319 0.005083260918839256
0.005472557649989319 0.005110304551102642
0.005472557649989319 0.005164355193935674
0.005472557649989319 0.0051448991141127935
0.005472557649989319 0.00506042494367933
0.005472557649989319 0.0049855635577269715
0.005472557649989319 0.00494888349595018
0.005472557649989319 0.005267167956422954
0.005472557649989319 0.005144011891921962
0.005472557649989319 0.005199794047415432
0.005472557649989319 0.005235356654600726
0.005472557649989319 0.0050937505287163756
0.005472557649989319 0.005284793569570941
0.005472557649989319 0.005161206987962327
0.005472557649989319 0.005142244336902194
0.005472557649989319 0.005058521958768375
0.005472557649989319 0.005080687876986492
0.006075289794437811 0.005178433795877296
0.006075289794437811 0.005128500399463545
0.006075289794437811 0.0052412067991574685
0.006075289794437811 0.0052342764026616076
0.006075289794437811 0.00525542255340078
0.006075289794437811 0.005444510775732678
0.006075289794437811 0.005443251598359849
0.006075289794437811 0.0054938150889284445
0.006075289794437811 0.005665268868564058
0.006075289794437811 0.005608591137612192
0.006770749866788836 0.005709150638745919
0.006770749866788836 0.0057419145552113846
0.006770749866788836 0.005889151896851459
0.006770749866788836 0.00608240146688264
0.006770749866788836 0.005919131665932854
0.006770749866788836 0.005960967000051074
0.006770749866788836 0.006119934297426997
0.006770749866788836 0.006230968917719778
0.006770749866788836 0.006496055931222915
0.006770749866788836 0.006501648825886061
0.006770749866788836 0.006383641496362145
0.006770749866788836 0.006238273049940427
0.006770749866788836 0.0065481764657806096
0.006770749866788836 0.006522297618937518
0.006770749866788836 0.006575083284845179
0.006770749866788836 0.006508820756155039
0.006770749866788836 0.006302674445757212
0.006770749866788836 0.006344047975742178
0.006770749866788836 0.006289717409151442
0.006770749866788836 0.006232111944202867
0.006770749866788836 0.006281738848297802
0.006770749866788836 0.006481124937860238
0.006770749866788836 0.006503280028198408
0.006770749866788836 0.006448015921590941
0.006770749866788836 0.006433204237100082
0.006770749866788836 0.006323948969810343
0.006770749866788836 0.00641001507617652
0.006770749866788836 0.006534627590690927
0.006770749866788836 0.006485053438191327
0.006770749866788836 0.006486769210606619
0.006770749866788836 0.006460953273893855
0.006770749866788836 0.00642810373760065
0.006770749866788836 0.006263938337813216
0.006770749866788836 0.00632159658102237
0.006770749866788836 0.006443229848338824
0.006770749866788836 0.006368632822613434
0.006770749866788836 0.00644843028640033
0.006770749866788836 0.006382213460896755
0.006770749866788836 0.006538838187661141
0.006770749866788836 0.006531390587691512
0.006770749866788836 0.006425289629884721
0.006770749866788836 0.006586822940315953
0.006770749866788836 0.006575895287095703
0.006778557635719333 0.006473815578639972
0.006778557635719333 0.006411393227124602
0.006778557635719333 0.0063896575083235005
0.006778557635719333 0.00647156941299761
0.006778557635719333 0.006505487041331058
0.006778557635719333 0.00656023059921405
0.006778557635719333 0.0065892377402878
0.006778557635719333 0.006278143131558644
