7.082287172077163E-4 3.0688692365879705E-4
7.596336092358838E-4 3.624722840187153E-4
7.596336092358838E-4 3.9630266798690647E-4
8.95844942325144E-4 4.871029627361366E-4
8.988273548158574E-4 5.469125356703872E-4
0.001191591295935916 6.18483982815625E-4
0.0014256922391674665 6.607745299493692E-4
0.0014256922391674665 7.296307832011799E-4
0.0014983553338864528 8.170725124270791E-4
0.0016399917875247988 9.176670916459373E-4
0.0019195952138692212 0.0010053993649602683
0.002581717353334164 0.001089661914033423
0.002581717353334164 0.001183383863268526
0.002581717353334164 0.0012669269292962667
0.002581717353334164 0.0014648539911975439
0.002581717353334164 0.0015855021812375485
0.002581717353334164 0.0016521405176110277
0.0026916494601032636 0.001790481496337311
0.00386108380423535 0.0019724160331436908
0.00386108380423535 0.002008475770292628
0.00386108380423535 0.0021475583428717166
0.00386108380423535 0.0021331341432581996
0.004266980694286751 0.002205584695050775
0.004266980694286751 0.002260399371642085
0.004266980694286751 0.0023927832625622886
0.004799883268258357 0.0027661537848873096
0.004799883268258357 0.0028653685637022824
0.004799883268258357 0.0030102938609345518
0.004799883268258357 0.0030417859864078616
0.004799883268258357 0.0032751179947323613
0.004799883268258357 0.0033207049606820568
0.004799883268258357 0.0034852033675980003
0.004799883268258357 0.003346324239232717
0.004799883268258357 0.003395289012008539
0.004799883268258357 0.0032074206526970577
0.004799883268258357 0.0033272450259065884
0.004799883268258357 0.0035308815988624705
0.004799883268258357 0.003828174247125154
0.004799883268258357 0.003927311806265191
0.004799883268258357 0.003979129091852894
0.004799883268258357 0.003990221919364987
0.004799883268258357 0.003991202917319836
0.004799883268258357 0.004063940440632032
0.004799883268258357 0.004079225705500199
0.004799883268258357 0.004143048298288005
0.004799883268258357 0.003893826386527339
0.004799883268258357 0.004118489786245755
0.005365069718446066 0.004008219181902319
0.005365069718446066 0.004135128483358364
0.005365069718446066 0.0041056067947156695
0.005365069718446066 0.003987473379916399
0.005365069718446066 0.004000502510950372
0.005365069718446066 0.003827680339759972
0.005365069718446066 0.003908139537893058
0.005365069718446066 0.004259757557919029
0.005365069718446066 0.0037084054221430585
0.005365069718446066 0.004003175920404105
0.005365069718446066 0.004276465297240122
0.005365069718446066 0.004414939875931944
0.005365069718446066 0.004377449823636558
0.005365069718446066 0.00419291891868789
0.005365069718446066 0.004360563454459863
0.005365069718446066 0.004463224635384817
0.005365069718446066 0.0043248516427586295
0.005365069718446066 0.004703482046791895
0.005365069718446066 0.004631885500204978
0.005365069718446066 0.004583973161170063
0.005365069718446066 0.004630089307629153
0.005365069718446066 0.0044847524790728
0.005365069718446066 0.004571770543553967
0.005365069718446066 0.0044214240915435256
0.005365069718446066 0.004665907297661746
0.00632037121501083 0.004624484685421098
0.00632037121501083 0.004611928057468635
0.00632037121501083 0.004381784228122914
0.00632037121501083 0.004580699739371779
0.00632037121501083 0.004687153986758183
0.00632037121501083 0.004853401373667076
0.007089445417999929 0.005329735975801627
0.007089445417999929 0.005508920992863678
0.007089445417999929 0.005559131553389976
0.007089445417999929 0.005597902969542909
0.007089445417999929 0.005510995607895106
0.007089445417999929 0.005406339835045124
0.007089445417999929 0.005689214890945979
0.0077083390580857235 0.00561035541383027
0.0077083390580857235 0.005973523147095183
0.0077083390580857235 0.006332960310458754
0.0077083390580857235 0.006478731831854898
0.0077083390580857235 0.006421121865408009
0.0077083390580857235 0.006663058754248002
0.0077083390580857235 0.006960846235291588
0.0077083390580857235 0.006638310579792833
0.0077083390580857235 0.006785612038089737
0.0077083390580857235 0.006730181973883958
0.007709458901319934 0.006554557099663919
0.007709458901319934 0.00678265689221024
0.007709458901319934 0.0065664195750260645
0.007709458901319934 0.007074761236022373
0.007709458901319934 0.006941725549061829
0.007709458901319934 0.006919452423065897
0.007709458901319934 0.006706162902252283
0.007709458901319934 0.006616957026688134
0.007709458901319934 0.006701264081111305
0.007709458901319934 0.006884813603641821
0.007709458901319934 0.006588052826698345
0.007709458901319934 0.006237502746741177
0.007709458901319934 0.006642770934992864
0.007709458901319934 0.0067953931360225615
0.007709458901319934 0.006916877406827786
0.007709458901319934 0.006871618253359615
0.007709458901319934 0.006857619711239977
0.007709458901319934 0.006560085759215596
0.007709458901319934 0.006989667195936875
0.007709458901319934 0.007136708737599639
0.007709458901319934 0.007079323392087623
0.007709458901319934 0.006903899207912822
0.007709458901319934 0.00673729876382978
0.007709458901319934 0.007040879865535733
0.007709458901319934 0.006396778351304074
0.007709458901319934 0.006857910475548596
0.007709458901319934 0.0069357730072204925
0.007709458901319934 0.006506898680995044
0.007709458901319934 0.006631898083989011
0.007709458901319934 0.006684498530619796
0.007709458901319934 0.0065355969763177734
0.007709458901319934 0.006896021383657319
0.007709458901319934 0.006483920152938368
0.007709458901319934 0.006724244440841885
0.007780694216900301 0.0067423018786730675
0.007780694216900301 0.006906563146519187
0.007780694216900301 0.0071335827272864805
0.007780694216900301 0.006708732265623236
0.007780694216900301 0.006698518609511662
0.007780694216900301 0.007164524355900077
0.007780694216900301 0.006898515881450617
0.007780694216900301 0.006711876776134823
0.007780694216900301 0.006821706718932856
0.007780694216900301 0.0069613009623499976
0.007780694216900301 0.0067214983005978056
0.007780694216900301 0.006957438177089671
0.007780694216900301 0.006983749892325042
0.007780694216900301 0.006937058816067397
0.007780694216900301 0.0068374453363895735
0.007780694216900301 0.00675081717458852
0.007780694216900301 0.0068508521415523264
0.007780694216900301 0.0069504643133829124
0.007780694216900301 0.006823916464767864
0.007780694216900301 0.006907317847715023
0.007780694216900301 0.006841909879062202
0.007780694216900301 0.007032123235119656
0.007780694216900301 0.006757341215565552
0.007780694216900301 0.006547941423119006
0.007780694216900301 0.006818882618192763
0.007780694216900301 0.006919862956075021
0.007786877398340358 0.00709375307616831
0.007786877398340358 0.0067450813395417385
0.007786877398340358 0.006546895558900769
0.007786877398340358 0.006983002730396338
0.007786877398340358 0.00663326560970086
0.007786877398340358 0.0065911880570030425
0.007786877398340358 0.007093339653010364
0.007786877398340358 0.006870049391861146
0.007786877398340358 0.007024176605919062
0.007786877398340358 0.006609758707606309
0.007786877398340358 0.006589221796842653
0.007786877398340358 0.006705909682473224
0.007786877398340358 0.006835997106917627
0.007786877398340358 0.006725345286990616
0.007786877398340358 0.006512068996614473
0.007786877398340358 0.006458178570546553
0.007786877398340358 0.006846271030859961
0.007786877398340358 0.0065557386043712425
0.007786877398340358 0.006772096843089517
0.007786877398340358 0.007025018721252471
0.007786877398340358 0.006972080216691419
0.007786877398340358 0.006835341913968145
0.007786877398340358 0.006808453441341777
0.007786877398340358 0.006909200528577411
0.007786877398340358 0.0069014027810035935
0.007786877398340358 0.00722130552358841
0.007797127755277328 0.006849449362856626
0.007797127755277328 0.006982312175595041
0.007797127755277328 0.006978295064011073
0.007797127755277328 0.006736987354126536
0.007797127755277328 0.0069034400990464935
0.007797127755277328 0.007004193124453516
0.007797127755277328 0.006953764659000895
0.007797127755277328 0.006979205076238229
0.007797127755277328 0.006885297399383741
0.007797127755277328 0.006771460187551814
0.007797127755277328 0.00679316880921161
0.007797127755277328 0.007069136903368519
0.007797127755277328 0.006698204196385802
0.007797127755277328 0.006638359479324333
0.007797127755277328 0.006689924408301195
0.007797127755277328 0.006853532831786926
0.007797127755277328 0.005880268103697508
0.007797127755277328 0.006055866170078146
0.007797127755277328 0.005985395866754967
