5428.0 10676.47
4425.0 9219.115
4425.0 8690.795
4953.0 8214.96
3771.0 7446.195
3771.0 6820.07
3771.0 6288.665
3287.0 5995.235
2989.0 5684.41
2676.0 4923.92
2572.0 4727.01
2229.0 4740.235
2229.0 4492.34
2095.0 3866.925
2095.0 4085.255
2246.0 4057.805
2060.0 3831.82
1444.0 3693.68
1492.0 3169.055
1143.0 2762.44
1143.0 2519.48
1145.0 2480.42
1350.0 2279.22
1147.0 2101.39
949.0 1994.005
949.0 1985.55
949.0 1842.74
814.0 1842.66
875.0 1708.455
875.0 1779.405
875.0 1821.695
875.0 1737.855
756.0 1640.81
756.0 1615.765
756.0 1522.795
756.0 1463.645
756.0 1452.645
756.0 1399.765
756.0 1380.22
756.0 1215.135
756.0 1397.785
756.0 1269.58
756.0 1213.65
756.0 1141.77
756.0 1142.765
756.0 1100.88
756.0 1170.455
756.0 1232.17
756.0 1155.795
756.0 1138.815
632.0 1035.895
632.0 1194.245
632.0 1190.31
632.0 1307.615
632.0 1343.945
607.0 1121.665
607.0 1246.405
607.0 1321.625
607.0 1226.76
607.0 1291.145
607.0 1288.465
407.0 1165.525
407.0 1188.995
407.0 1110.09
407.0 997.035
407.0 941.74
407.0 811.185
407.0 696.995
407.0 653.9
407.0 745.745
407.0 629.465
407.0 696.465
407.0 663.095
407.0 724.12
407.0 564.02
407.0 659.295
407.0 637.29
407.0 698.07
407.0 781.355
407.0 620.83
407.0 706.65
407.0 599.405
407.0 628.56
407.0 711.81
407.0 625.45
407.0 768.65
407.0 750.905
407.0 745.015
407.0 782.235
407.0 584.49
407.0 726.315
407.0 670.74
407.0 644.945
405.0 650.05
405.0 660.845
405.0 745.08
405.0 674.04
405.0 692.315
405.0 600.48
405.0 656.35
405.0 721.93
405.0 632.6
405.0 620.845
405.0 652.37
405.0 547.195
405.0 597.925
405.0 605.965
405.0 660.62
389.0 672.91
389.0 652.925
389.0 606.285
389.0 642.245
389.0 617.48
389.0 653.6
389.0 719.25
389.0 706.155
389.0 596.455
389.0 644.655
389.0 638.045
389.0 666.025
389.0 680.365
389.0 606.895
389.0 651.185
389.0 625.605
389.0 668.28
389.0 691.335
389.0 614.285
389.0 646.77
389.0 591.28
389.0 577.685
389.0 649.505
389.0 788.735
389.0 615.2
389.0 594.07
389.0 606.97
389.0 636.66
389.0 481.565
389.0 681.95
389.0 599.805
389.0 578.145
389.0 719.03
389.0 620.98
389.0 648.87
389.0 693.085
389.0 647.33
389.0 646.81
389.0 557.44
389.0 688.305
389.0 631.825
389.0 614.075
389.0 662.58
389.0 556.145
389.0 546.37
389.0 648.8
389.0 652.115
389.0 708.95
389.0 647.02
389.0 849.425
389.0 650.745
389.0 615.66
389.0 742.195
389.0 601.465
389.0 608.145
389.0 680.285
389.0 609.785
389.0 576.46
389.0 612.215
389.0 645.495
389.0 653.425
389.0 617.615
389.0 698.11
389.0 525.8
389.0 573.2
389.0 610.4
389.0 625.69
389.0 586.52
389.0 589.145
389.0 624.915
389.0 678.425
389.0 631.355
389.0 671.3
389.0 676.055
389.0 648.305
389.0 591.75
389.0 648.51
389.0 648.625
389.0 611.04
389.0 688.055
389.0 648.995
389.0 681.555
389.0 652.785
389.0 674.59
389.0 582.01
389.0 604.015
389.0 706.425
389.0 693.93
389.0 545.01
389.0 630.51
389.0 654.52
389.0 653.0
