6.568352025866249E-4 2.9960207813657566E-4
6.568352025866249E-4 3.230510758429378E-4
6.568352025866249E-4 3.4675876084531217E-4
6.568352025866249E-4 3.844370165466604E-4
0.0010176691721228192 4.210201220134675E-4
0.0010176691721228192 4.351296799379486E-4
0.0010176691721228192 4.984547867230031E-4
0.0010176691721228192 5.621379549231321E-4
0.0012073945112294395 6.628840701976023E-4
0.0012091327795747111 7.790532189821245E-4
0.001399105815629878 8.469944999113835E-4
0.0014839274428160595 9.417304201568084E-4
0.0016945009961627853 0.0010078695270306969
0.001755800614503049 0.001102520027667344
0.0018824296700235383 0.0011342784544782223
0.00305220893598606 0.001290632915907175
0.00305220893598606 0.0013298820128818912
0.00305220893598606 0.0014214567094803755
0.003621387625406185 0.0015417503206704057
0.003621387625406185 0.0016329969085820408
0.003621387625406185 0.0017920562337380166
0.003621387625406185 0.0020397542530280473
0.003621387625406185 0.002231299916254101
0.003621387625406185 0.0022914471806670163
0.003621387625406185 0.00255268247369401
0.005453193590642364 0.002620451249971642
0.005453193590642364 0.0028312227404558
0.005453193590642364 0.002986067301290124
0.005453193590642364 0.0034055550721168414
0.006059802344590634 0.0039480140203780574
0.006059802344590634 0.004106355265086247
0.006059802344590634 0.004528061801962862
0.006059802344590634 0.0044112806812998395
0.006059802344590634 0.004644685330216035
0.006059802344590634 0.004918827546651876
0.006059802344590634 0.004939353528317949
0.006059802344590634 0.004927931159403019
0.006059802344590634 0.0052898793622331705
0.006059802344590634 0.0052161066944893695
0.006059802344590634 0.005138613560644061
0.006059802344590634 0.005027527061479079
0.006059802344590634 0.0050229368177081455
0.006059802344590634 0.005141524325880964
0.006059802344590634 0.005176325139770704
0.006059802344590634 0.005231934549228126
0.006059802344590634 0.005429608064945884
0.006059802344590634 0.00517804086946406
0.006059802344590634 0.005055865335534957
0.006059802344590634 0.005138152298628269
0.006059802344590634 0.005130201628808547
0.006059802344590634 0.005222881697083386
0.006059802344590634 0.005301663830474797
0.006059802344590634 0.005304482787827806
0.006059802344590634 0.005436113835423402
0.006059802344590634 0.005554231140556095
0.006059802344590634 0.005061624415494065
0.006059802344590634 0.005159250389446353
0.006059802344590634 0.0052948739073481145
0.006059802344590634 0.005486917773310492
0.006059802344590634 0.005346197157449248
0.006059802344590634 0.0052471386635265585
0.006059802344590634 0.005181441804170074
0.006059802344590634 0.005311762627049002
0.006059802344590634 0.005510059436452611
0.006059802344590634 0.0051768140397040075
0.006059802344590634 0.005278384116619759
0.006059802344590634 0.005329850883814046
0.006059802344590634 0.005277536582311604
0.00613516175674577 0.0054349782934946566
0.00613516175674577 0.005230362972164592
0.00613516175674577 0.005096068709839658
0.00613516175674577 0.00538346664775673
0.00613516175674577 0.005535739939470276
0.00613516175674577 0.0053621357762179
0.00613516175674577 0.005329960257067946
0.006352710812449035 0.005242666755542492
0.006352710812449035 0.0053982121241083056
0.006352710812449035 0.005054617082107261
0.006352710812449035 0.0049182329175291
0.006352710812449035 0.004931635826898642
0.006352710812449035 0.005198136554513141
0.006352710812449035 0.005130737571887692
0.006352710812449035 0.005314042120348298
0.006352710812449035 0.005242295604936568
0.006352710812449035 0.005028566508030809
0.006352710812449035 0.0055967243863955405
0.006352710812449035 0.005292937076164965
0.008730600513975006 0.005351098969070525
0.008730600513975006 0.005593631510890303
0.008730600513975006 0.005508812321443612
0.008730600513975006 0.005428097497410018
0.008730600513975006 0.005538122226460652
0.008730600513975006 0.005589263245965512
0.008730600513975006 0.005413536095107605
0.008730600513975006 0.00631778243324594
0.008730600513975006 0.006491987691302132
0.008730600513975006 0.006867473110682702
0.008730600513975006 0.007212740984966897
0.008730600513975006 0.007727152208400231
0.008730600513975006 0.007916522246336231
0.008730600513975006 0.007784692174335738
0.008730600513975006 0.008027097060636895
0.008730600513975006 0.0076804656768701
0.008730600513975006 0.007701503649214149
0.008730600513975006 0.007599372582849956
0.008730600513975006 0.007807523735325964
0.008730600513975006 0.007893228867555191
0.008730600513975006 0.007833832072879849
0.008730600513975006 0.007807533408134009
0.008730600513975006 0.008108649287183472
0.008730600513975006 0.007990613059076317
0.008730600513975006 0.007962043673344583
0.008730600513975006 0.008070578681482499
0.008730600513975006 0.007684417587301318
0.008730600513975006 0.00818390535531205
0.008730600513975006 0.008019572295545736
0.008730600513975006 0.007841135272730565
0.008730600513975006 0.0075288273587289034
0.008730600513975006 0.007726011292705907
0.008730600513975006 0.007819855023957205
0.008730600513975006 0.007929999742029598
0.008730600513975006 0.007941228112943783
0.008730600513975006 0.007288021368968305
0.008730600513975006 0.00798543310208242
0.008730600513975006 0.007764984149963238
0.008730600513975006 0.0076037150451347115
0.008730600513975006 0.0074666602284195445
0.008730600513975006 0.007389602020555953
0.008730600513975006 0.007917775968498996
0.008730600513975006 0.007974727763462813
0.008730600513975006 0.007618505803700702
0.008730600513975006 0.00783290908607543
0.008730600513975006 0.008049265408895823
0.008730600513975006 0.008144435202329934
0.008730600513975006 0.007564864478669237
0.008730600513975006 0.008127800477135363
0.008730600513975006 0.007998070661683588
0.008730600513975006 0.00760867870249193
0.008730600513975006 0.007703675080792596
0.008730600513975006 0.007541714094256418
0.008730600513975006 0.007834765939937764
0.008730600513975006 0.007859344742607431
0.008730600513975006 0.008065082741545677
0.008730600513975006 0.0076769542526965995
0.008730600513975006 0.007920267025774112
0.008730600513975006 0.007857483800507822
0.008730600513975006 0.008002860813344915
0.008730600513975006 0.007889823255268734
0.008730600513975006 0.007840015913114647
0.008730600513975006 0.007814420655964837
0.008730600513975006 0.0076259847616778065
0.008730600513975006 0.007821381040662375
0.008730600513975006 0.007347847516322651
0.008730600513975006 0.007246701682075287
0.008730600513975006 0.007608866935050516
0.008730600513975006 0.007872702878392975
0.008730600513975006 0.007666334795529739
0.008730600513975006 0.007869697739417973
0.008730600513975006 0.007530308449598264
0.008730600513975006 0.00803166628685576
0.008730600513975006 0.007319959057508493
0.008730600513975006 0.007693137538792653
0.008730600513975006 0.007549307604921975
0.008730600513975006 0.007894469292686647
0.008730600513975006 0.007892515152258696
0.008730600513975006 0.007393077036160889
0.008730600513975006 0.007781038026782488
0.008730600513975006 0.007863863977308393
0.008730600513975006 0.007684808011755
0.008730600513975006 0.007872137040073186
0.008730600513975006 0.007853182656379316
0.008730600513975006 0.007664761265570518
0.008730600513975006 0.007769867187657456
0.008730600513975006 0.007838669028930436
0.008730600513975006 0.0077624707484261505
0.008730600513975006 0.007399111964440736
0.008730600513975006 0.008068456849065016
0.008730600513975006 0.007966596592249497
0.008730600513975006 0.00792903744409521
0.008730600513975006 0.00809840681446789
0.008730600513975006 0.007798186455524653
0.008730600513975006 0.007993283527792315
0.008730600513975006 0.00780073473410059
0.008730600513975006 0.007768175685949472
0.008730600513975006 0.007951537089733379
0.008730600513975006 0.007559528355729524
0.008730600513975006 0.0076135286733861555
0.008730600513975006 0.007678458901120846
0.008730600513975006 0.008101850460389212
0.008730600513975006 0.007656819881394293
0.008730600513975006 0.00788678670101629
0.008730600513975006 0.007810389299748084
0.008730600513975006 0.007642924149324496
0.008730600513975006 0.007474262266632178
0.008730600513975006 0.008231847965945154
0.008730600513975006 0.007985993231598838
0.008730600513975006 0.007881892664117054
0.008730600513975006 0.007853968020721221
0.008730600513975006 0.008166196110152646
0.008730600513975006 0.00751151379937267
