7.111156972271116E-4 3.254515081862596E-4
7.111156972271116E-4 3.624362406836951E-4
9.019897470919093E-4 4.1818280667433336E-4
9.019897470919093E-4 4.600454939502599E-4
9.019897470919093E-4 5.191006765971964E-4
0.001035109799221178 5.518204827016372E-4
0.001035109799221178 5.931046236959653E-4
0.0010916075101082656 6.470935103101644E-4
0.001574757804142637 6.845989336560443E-4
0.001574757804142637 8.058338575217247E-4
0.0016463096895035327 9.181151824570309E-4
0.0016463096895035327 9.788419829418746E-4
0.0020505048371999295 0.0010601624637304346
0.0020505048371999295 0.001148312393496271
0.002524065298544052 0.0012340959935212155
0.002524065298544052 0.0012645582814087457
0.002529243053970714 0.0013173486809010754
0.002529243053970714 0.0014372445158013925
0.0026684668088029027 0.001505189764838882
0.0026684668088029027 0.0017378514615969546
0.0036805078652989 0.0018274955593240722
0.0036805078652989 0.002025155107309697
0.0036805078652989 0.002139455967772598
0.0036805078652989 0.0023909255998954253
0.004129842304202297 0.002453580410322596
0.004634720746674432 0.0026058836613439273
0.004634720746674432 0.0029226370595414825
0.004634720746674432 0.003108237027918013
0.004634720746674432 0.0030540890300136073
0.004634720746674432 0.0033704490879844047
0.004634720746674432 0.0034189440097642247
0.004731272704167225 0.0034838767347824835
0.004731272704167225 0.003503292191489516
0.004731272704167225 0.0034446072948830626
0.004731272704167225 0.0036461707282124485
0.004731272704167225 0.0034333522471397928
0.004731272704167225 0.003691224048662949
0.004731272704167225 0.003666077998056922
0.004731272704167225 0.0038167121748680253
0.004731272704167225 0.003831561137082176
0.004731272704167225 0.003949971574979582
0.004731272704167225 0.0038344334630950757
0.004731272704167225 0.0038444669906798133
0.004731272704167225 0.004002884441013687
0.004731272704167225 0.003963261606532325
0.004731272704167225 0.003948269697194348
0.0066232105145802855 0.004056079327667067
0.0066232105145802855 0.0039714110106962965
0.0066232105145802855 0.004053183578924393
0.0066232105145802855 0.004385325001615659
0.0066232105145802855 0.004688286765529833
0.0066232105145802855 0.005081134983610929
0.0066232105145802855 0.005445115685640007
0.0066232105145802855 0.005482672928259237
0.0066232105145802855 0.005570850851089918
0.0066232105145802855 0.005661891072617973
0.0066232105145802855 0.005782106027259562
0.0066232105145802855 0.006016734647865946
0.0066232105145802855 0.005941809535570081
0.0066232105145802855 0.005825182571720699
0.0066232105145802855 0.005802807414625103
0.0066232105145802855 0.005599382303923695
0.0066232105145802855 0.005949917247893709
0.0066232105145802855 0.0058150816036729395
0.0066232105145802855 0.005893239953014847
0.0066232105145802855 0.005639283162702177
0.0066232105145802855 0.005751526677693673
0.0066232105145802855 0.005847233180611738
0.0066232105145802855 0.005694465631508676
0.0066232105145802855 0.005790699225798057
0.0066232105145802855 0.005927082302518154
0.0066232105145802855 0.006043957441156196
0.0066232105145802855 0.005786592974529947
0.0066232105145802855 0.006034425625808599
0.0066232105145802855 0.005563553044784909
0.0066232105145802855 0.005503355183143838
0.0066232105145802855 0.005630747994865364
0.0066232105145802855 0.005852760043851176
0.0066232105145802855 0.005680587662257241
0.0066232105145802855 0.005498022615122484
0.0066232105145802855 0.005963977808188871
0.007336388805677233 0.005767314464961943
0.007336388805677233 0.005782522773228258
0.007336388805677233 0.005575687423125892
0.007336388805677233 0.005650570088349948
0.007336388805677233 0.005780320534081351
0.007336388805677233 0.005778091417891892
0.007336388805677233 0.005964625145437785
0.007336388805677233 0.005864119383285611
0.007336388805677233 0.006150541960310774
0.007343506694593842 0.006511751295202888
0.007343506694593842 0.006025107171778725
0.007343506694593842 0.0065393851701419795
0.007343506694593842 0.006547055814729938
0.007343506694593842 0.006317233603292618
0.007343506694593842 0.006561062158011887
0.007343506694593842 0.006368290514776053
0.007343506694593842 0.006401511244739033
0.007343506694593842 0.0061914463997596245
0.007343506694593842 0.0064329439980323555
0.007343506694593842 0.00676357481568273
0.007343506694593842 0.0061220403551493765
0.007343506694593842 0.0061141708802145145
0.007343506694593842 0.006633657668850975
0.007343506694593842 0.006254260917123164
0.008661264577663376 0.006796241872559041
0.008661264577663376 0.006868169515229429
0.008661264577663376 0.006496591072430683
0.008661264577663376 0.006858220753950889
0.008661264577663376 0.00669640866898637
0.008661264577663376 0.006982699567071935
0.008661264577663376 0.0072310173905448215
0.008661264577663376 0.007371369619674502
0.008661264577663376 0.007776889291099407
0.008661264577663376 0.007596145928164425
0.008661264577663376 0.007272536954598292
0.008661264577663376 0.007750285006797455
0.008661264577663376 0.007691308526991257
0.008661264577663376 0.007646776552090751
0.008661264577663376 0.007701711727761142
0.008661264577663376 0.007809560998240447
0.008661264577663376 0.007860433116697561
0.008661264577663376 0.007757087605628144
0.008661264577663376 0.008187195988435758
0.008661264577663376 0.007761752298725507
0.008661264577663376 0.007922594012119226
0.008661264577663376 0.007765044428589475
0.008661264577663376 0.007872273709871414
0.008661264577663376 0.007477447839924049
0.008661264577663376 0.00770605037983621
0.008661264577663376 0.007341296443664496
0.008661264577663376 0.00749769333211783
0.008661264577663376 0.007883840593093596
0.008661264577663376 0.007904532658908328
0.008661264577663376 0.007435658889697547
0.008661264577663376 0.008057139369891468
0.008661264577663376 0.007331121804990895
0.008661264577663376 0.00806956889734522
0.008661264577663376 0.007718861053367232
0.008661264577663376 0.00773711881981274
0.008661264577663376 0.007979275722123898
0.008661264577663376 0.007419913106797178
0.008661264577663376 0.007703822682116179
0.008661264577663376 0.007917561425970044
0.008661264577663376 0.007634532417037998
0.008661264577663376 0.007500363078664052
0.008661264577663376 0.007734033735088568
0.008661264577663376 0.007750361647440589
0.008661264577663376 0.00783598921788295
0.008661264577663376 0.00793785714915772
0.008661264577663376 0.007639370340434715
0.008661264577663376 0.007964323525141682
0.008661264577663376 0.007858794337114543
0.008661264577663376 0.007591526606092457
0.008661264577663376 0.007813267214267195
0.008661264577663376 0.00763234213342555
0.008661264577663376 0.007712517384039127
0.008661264577663376 0.008196405202959443
0.008661264577663376 0.007799264251132845
0.008661264577663376 0.007891342204846328
0.008661264577663376 0.007623860051030436
0.008661264577663376 0.007653736836978271
0.008661264577663376 0.007714576467709852
0.008661264577663376 0.007842121000442633
0.008661264577663376 0.007879216909221573
0.008661264577663376 0.0077830569824427175
0.008661264577663376 0.007489190270536636
0.008661264577663376 0.007593314535324258
0.008661264577663376 0.007771090435321466
0.008661264577663376 0.00760666560967401
0.008661264577663376 0.007780067426636537
0.008661264577663376 0.007878818931256167
0.008661264577663376 0.007693408917984502
0.008661264577663376 0.00776988956470531
0.008661264577663376 0.007332982629267697
0.008661264577663376 0.007989410216874868
0.008661264577663376 0.007440442485539258
0.008661264577663376 0.008093408209301337
0.008661264577663376 0.007396179781691453
0.008661264577663376 0.007746334934023882
0.008661264577663376 0.007694217536376796
0.008661264577663376 0.007665122953265412
0.008661264577663376 0.007999140908235723
0.008661264577663376 0.007680475910778392
0.008661264577663376 0.00775429710045879
0.008661264577663376 0.008017605818890711
0.008661264577663376 0.0076378049472475675
0.008661264577663376 0.008142901142824132
0.008661264577663376 0.008030792755762475
0.008661264577663376 0.0077985863357071215
0.008661264577663376 0.007517735473242632
0.008661264577663376 0.0075109843489680325
0.008661264577663376 0.007294246923772356
0.008661264577663376 0.007345991758917796
0.008661264577663376 0.007799652314059958
0.008661264577663376 0.007928505881260383
0.008661264577663376 0.007996262615633538
0.008661264577663376 0.0077258627177818695
0.008661264577663376 0.007609587821718883
0.008661264577663376 0.007705421223739818
