6.91283694237442E-4 3.083275082632007E-4
6.91283694237442E-4 3.651939745271226E-4
7.568319166438396E-4 3.857666819319467E-4
9.514855532782538E-4 4.107764559536321E-4
9.813189345862696E-4 4.586279276378566E-4
0.0010890402094234856 5.161112798510065E-4
0.001106110625404576 5.788647806308085E-4
0.0012893029899487287 6.68418531540683E-4
0.0015308924187475272 6.829339403366549E-4
0.0015308924187475272 7.226014871272431E-4
0.0015308924187475272 7.732367318790191E-4
0.0015478714016477675 8.909709379880598E-4
0.0015755411603594854 9.121039555977363E-4
0.002052161210424728 0.0010554466710903517
0.002052161210424728 0.0010844988516227035
0.002052161210424728 0.001226827780615897
0.002052161210424728 0.0012766746951974964
0.002265078129894634 0.0013711943858711534
0.002265078129894634 0.001391012942628073
0.0028887581250197935 0.0014314726427440314
0.0028887581250197935 0.0015103182463400246
0.0031737450174258988 0.0017078809182591872
0.0031737450174258988 0.0017429773917154792
0.0031737450174258988 0.0018348439223941615
0.0031737450174258988 0.0018285508854401838
0.0034524474098062 0.0017708737498801667
0.0034524474098062 0.002034617125026956
0.003932702601719672 0.0019860565048864087
0.003932702601719672 0.0019450801845266638
0.003932702601719672 0.002142260175008314
0.003932702601719672 0.002253705440080368
0.003932702601719672 0.00239705718433795
0.003932702601719672 0.002462065233329112
0.003932702601719672 0.0025950503261673095
0.003932702601719672 0.0028179521055504723
0.004640405924991377 0.002885620765590094
0.004640405924991377 0.0029645007491439714
0.004640405924991377 0.0032663590591155635
0.004640405924991377 0.003397484595445772
0.004765472096649707 0.0033722783190118055
0.005433962326054395 0.003634800228464415
0.005474744253295672 0.0033790260770973305
0.005474744253295672 0.0035370317983877075
0.005474744253295672 0.003662987272023777
0.006258099484596702 0.003812735246456954
0.006258099484596702 0.004379973350732638
0.006258099484596702 0.00458281791142166
0.006258099484596702 0.004754443793365243
0.006320623710592895 0.004361432718257639
0.006320623710592895 0.004568642622242468
0.006320623710592895 0.0046396995270287225
0.006320623710592895 0.0048237929459671765
0.006320623710592895 0.0050650469200080326
0.006320623710592895 0.005127506644548045
0.006320623710592895 0.005289249953971437
0.006320623710592895 0.005323459871965126
0.006320623710592895 0.005607035419957831
0.006320623710592895 0.00553147149668869
0.006320623710592895 0.005454856523786797
0.006320623710592895 0.005232255046255793
0.007276411178496871 0.0054294697197046285
0.007276411178496871 0.0057021277873795006
0.007276411178496871 0.005534742347240904
0.007276411178496871 0.005506275234238216
0.007276411178496871 0.0057382982838158235
0.007276411178496871 0.00586851216098283
0.007276411178496871 0.006127812469188532
0.007276411178496871 0.006275307847419771
0.007276411178496871 0.006308220071091078
0.007276411178496871 0.00626494156925274
0.007276411178496871 0.00634826999473584
0.007276411178496871 0.006195626776388736
0.007276411178496871 0.006242308517480869
0.007276411178496871 0.0064498807668480875
0.007276411178496871 0.006462501071559672
0.007276411178496871 0.00653318515469389
0.007276411178496871 0.006374802150287031
0.007276411178496871 0.006636421431578728
0.007641879906807224 0.006316279397497778
0.007641879906807224 0.006328828703563327
0.007641879906807224 0.0063336125387137695
0.007641879906807224 0.006291485809646201
0.007641879906807224 0.006215347123460002
0.007641879906807224 0.0061915341395374305
0.007641879906807224 0.006719136073122868
0.007641879906807224 0.006466409909827467
0.007641879906807224 0.006626177110781061
0.007641879906807224 0.006732573430729817
0.007641879906807224 0.006608923161966356
0.007641879906807224 0.006883867612989989
0.007641879906807224 0.006628415396076213
0.007641879906807224 0.00645829481856074
0.007641879906807224 0.006867298276172282
0.007641879906807224 0.006706824289914085
0.007641879906807224 0.006893751932987533
0.007641879906807224 0.0064936976348799495
0.007641879906807224 0.006509716023420571
0.007641879906807224 0.006605171672284871
0.007641879906807224 0.006641876253592043
0.007641879906807224 0.0069908446435268815
0.007641879906807224 0.006966915245073539
0.007641879906807224 0.00699169333120142
0.007641879906807224 0.007022412676551472
0.007641879906807224 0.006677468149310057
0.007641879906807224 0.006378908287647787
0.007641879906807224 0.006745825039323725
0.007641879906807224 0.006636892443846113
0.007641879906807224 0.006580096766566681
0.007641879906807224 0.006497812897741937
0.007641879906807224 0.006516511037285986
0.007641879906807224 0.006762033955925626
0.007641879906807224 0.006602693354607629
0.007641879906807224 0.007035720335671788
0.007641879906807224 0.006684689977437344
0.007641879906807224 0.006578004257914521
0.007641879906807224 0.006855387108938011
0.007641879906807224 0.006612698821941475
0.007641879906807224 0.006782339054092372
0.007641879906807224 0.0064588997302398735
0.007641879906807224 0.00644109415099011
0.007641879906807224 0.006342575027331223
0.007641879906807224 0.006646193332723913
0.007641879906807224 0.006894659611734276
0.007641879906807224 0.006490931708223969
0.007641879906807224 0.006802164243515425
0.007641879906807224 0.00637737245285075
0.007641879906807224 0.0066345849592892
0.007641879906807224 0.0068003645610218285
0.007641879906807224 0.006633991673463135
0.007641879906807224 0.006336962673657165
0.007641879906807224 0.006648453163135265
0.007641879906807224 0.006790366438799707
0.007641879906807224 0.0066928880055775845
0.008723363229588853 0.0065110592627213235
0.008723363229588853 0.006943550318779895
0.008723363229588853 0.006741752500280823
0.008723363229588853 0.006741595681087406
0.008723363229588853 0.007183902630577991
0.008723363229588853 0.007005893018242077
0.008723363229588853 0.007324082382046455
0.008723363229588853 0.007539409691550313
0.008723363229588853 0.007303090629542824
0.008723363229588853 0.007480712248426606
0.008723363229588853 0.007700736681194617
0.008723363229588853 0.00790101003430449
0.008723363229588853 0.007798555353589226
0.008723363229588853 0.007809334628431688
0.008723363229588853 0.007525557832748306
0.008723363229588853 0.007781775580299466
0.008723363229588853 0.007854793571551454
0.008723363229588853 0.007808961680825562
0.008723363229588853 0.008034839468135652
0.008723363229588853 0.007857556454989183
0.008723363229588853 0.007872837656286798
0.008723363229588853 0.007656400395303281
0.008723363229588853 0.007546641208525809
0.008723363229588853 0.007852773951449446
0.008723363229588853 0.007726917779489694
0.008723363229588853 0.007389493570278182
0.008723363229588853 0.00788728686002813
0.008723363229588853 0.007655805234363594
0.008723363229588853 0.007867792942439
0.008723363229588853 0.00765078269270379
0.008723363229588853 0.007965420546961137
0.008723363229588853 0.00792673697283178
0.008723363229588853 0.007955294878639446
0.008723363229588853 0.008211948987809768
0.008723363229588853 0.007794801970203487
0.008723363229588853 0.007815246989068672
0.008723363229588853 0.007536126967104596
0.008723363229588853 0.008006319542873397
0.008723363229588853 0.007838133664216422
0.008723363229588853 0.008033379371876677
0.008723363229588853 0.007610545957747131
0.008723363229588853 0.007789507898125039
0.008723363229588853 0.007677009787406705
0.008723363229588853 0.007870333560288342
0.008723363229588853 0.00807908964065826
0.008723363229588853 0.007434480699678326
0.008723363229588853 0.007934207876888904
0.008723363229588853 0.007258251058690949
0.008723363229588853 0.007683086114902076
0.008723363229588853 0.007782788984294011
0.008723363229588853 0.007636649700819498
0.008723363229588853 0.007621483663472584
0.008723363229588853 0.008100715179344069
0.008723363229588853 0.0075776706762229855
0.008723363229588853 0.007758755272787644
0.008723363229588853 0.0077564223248664625
0.008723363229588853 0.007819278508226475
0.008723363229588853 0.0079040217382087
0.008723363229588853 0.007843118459282695
0.008723363229588853 0.007473771271925789
0.008723363229588853 0.007894798323731989
0.008723363229588853 0.00794599899805622
0.008723363229588853 0.007640024035480208
0.008723363229588853 0.007757829231924852
0.008723363229588853 0.00775652365995634
0.008723363229588853 0.007446555272174899
0.008723363229588853 0.007986116174580428
