6.972652300274897E-4 2.9934305593796193E-4
7.827922486601281E-4 3.459144851612442E-4
8.419392405053546E-4 3.932526169179043E-4
8.902894816871342E-4 4.538009278403911E-4
9.213841779048892E-4 4.929167542050503E-4
9.88962252680725E-4 5.541795898090796E-4
0.0011384740956680297 6.67147793110688E-4
0.001140427398690698 6.917735134106348E-4
0.0013409265310711023 7.2990197222511E-4
0.0013409265310711023 7.82873332943564E-4
0.0018106581943784154 8.246045416961118E-4
0.001954571189453494 9.47399233552988E-4
0.001954571189453494 0.0010850502361443727
0.00210346410262007 0.0011958778189570288
0.0021587494066827983 0.0012280279487738314
0.0021587494066827983 0.001251635615893783
0.002283357627048715 0.0013553846679072853
0.0025275243610922613 0.0014069217434232767
0.0025309238259653994 0.0014488837182753192
0.002624713101728994 0.001535470139201587
0.0026701870411373146 0.001564984410167842
0.003031562189677948 0.001720317773750053
0.003031562189677948 0.0017886617595683455
0.003031562189677948 0.0019385063656466432
0.003479908460124001 0.0019029465425288957
0.003479908460124001 0.0020173353937942068
0.0036760013573890757 0.0020821066349563976
0.0036760013573890757 0.0023304234469718778
0.0036760013573890757 0.0024786675573621477
0.0036760013573890757 0.0025604459546357955
0.0038829819545852544 0.002669135410828991
0.004322739645336835 0.002602842141464947
0.004322739645336835 0.002683328822909208
0.004322739645336835 0.0028688221508840024
0.004322739645336835 0.0028912781650913067
0.004322739645336835 0.0028888290477245026
0.00489093887012555 0.0030909060951758126
0.00489093887012555 0.00311850261807301
0.00489093887012555 0.0034962156907342823
0.0052430248628906415 0.0036216233244978045
0.0052430248628906415 0.003851685234505478
0.0052430248628906415 0.0038558288653991243
0.0052430248628906415 0.003890122963977088
0.0052430248628906415 0.003796764935836898
0.0052430248628906415 0.004028465982895144
0.005316358586870098 0.004150881454346021
0.0055477037674612276 0.004091743792713497
0.0055477037674612276 0.004246756670702633
0.0055477037674612276 0.004091216805597588
0.0055477037674612276 0.003809170117064519
0.0055477037674612276 0.0038097101630712843
0.0055477037674612276 0.004256044598795647
0.0055477037674612276 0.004114329796357643
0.0055477037674612276 0.004278512864238213
0.0055477037674612276 0.004489224806109155
0.0055477037674612276 0.004401894503302444
0.0055477037674612276 0.0047805003979119395
0.0055477037674612276 0.004880309794781229
0.0055477037674612276 0.004843317556035378
0.0055477037674612276 0.004770769209516701
0.0055477037674612276 0.0048876276999255406
0.0055477037674612276 0.004797993172125535
0.0055477037674612276 0.004755666637087653
0.0055477037674612276 0.004826018143749181
0.005792023877067852 0.004670051366009875
0.005792023877067852 0.004706976780105396
0.005792023877067852 0.004881991163559723
0.005867976974291304 0.004792006954525908
0.005867976974291304 0.004785009040043318
0.005867976974291304 0.004664344021292436
0.005867976974291304 0.004724493024980267
0.005867976974291304 0.004865290906450913
0.005867976974291304 0.0046365217482278905
0.005867976974291304 0.004799175179353109
0.005867976974291304 0.004963393747116931
0.005867976974291304 0.004726257001612758
0.005867976974291304 0.0051494320964757855
0.005867976974291304 0.0051577322913724764
0.005867976974291304 0.0050209558933961805
0.005867976974291304 0.005049464497911021
0.005867976974291304 0.005041713802095624
0.005867976974291304 0.0052991338967311365
0.005867976974291304 0.005252074641931851
0.005867976974291304 0.004848297970155349
0.005867976974291304 0.005098432189308406
0.005867976974291304 0.005219599170616528
0.006584967085453533 0.00496316556075591
0.006584967085453533 0.005105525298626772
0.006584967085453533 0.005070844389590973
0.006584967085453533 0.005265903652167589
0.006584967085453533 0.005244927470405308
0.006584967085453533 0.005218614342557793
0.006584967085453533 0.005189723835121827
0.006584967085453533 0.005228471137417468
0.006584967085453533 0.005185631563807514
0.006584967085453533 0.005173432457556951
0.006584967085453533 0.005132203320252397
0.006584967085453533 0.005371330845355433
0.006584967085453533 0.00536487677613851
0.006584967085453533 0.005539844043635212
0.006584967085453533 0.00555120076742594
0.006584967085453533 0.005684946485583573
0.006584967085453533 0.005809069009374577
0.006584967085453533 0.005656488564598108
0.006584967085453533 0.005686677697836212
0.006584967085453533 0.0054737227135376355
0.006584967085453533 0.0057379188938751205
0.006584967085453533 0.005593767180915702
0.006584967085453533 0.005672406724779442
0.006584967085453533 0.005778411436191871
0.006584967085453533 0.005830057159256791
0.006584967085453533 0.005617639899434887
0.006584967085453533 0.0056301026347166895
0.006584967085453533 0.005635662883834467
0.006584967085453533 0.005709608427536261
0.006584967085453533 0.006085891606494492
0.006584967085453533 0.005622846712891232
0.006584967085453533 0.00575509210303106
0.006584967085453533 0.00580487882652082
0.006584967085453533 0.005572355262705486
0.006584967085453533 0.005891056028066363
0.006584967085453533 0.005782860617255161
0.006584967085453533 0.00589804576392012
0.006584967085453533 0.005847548178480087
0.006584967085453533 0.00574733409136084
0.006584967085453533 0.005960881268230634
0.006584967085453533 0.005702201959942243
0.006584967085453533 0.005587606774624737
0.006584967085453533 0.005651525629937247
0.006584967085453533 0.005522294951126388
0.006584967085453533 0.005615230645452188
0.006584967085453533 0.0059526399858411605
0.006584967085453533 0.0059732542008175855
0.006584967085453533 0.006193011343906359
0.006584967085453533 0.005916489086720439
0.006584967085453533 0.005771508085521623
0.006584967085453533 0.006023336541779581
0.006584967085453533 0.0056181889805839965
0.006584967085453533 0.005816869265421646
0.006584967085453533 0.005749275271945471
0.006584967085453533 0.005710431588300889
0.006584967085453533 0.0060665646348934885
0.006584967085453533 0.005791870168474462
0.006584967085453533 0.005685289493664184
0.006584967085453533 0.00560980357445619
0.006584967085453533 0.005761060600349072
0.006584967085453533 0.005766702206341214
0.006584967085453533 0.005602148598723534
0.006584967085453533 0.005784430838624709
0.006584967085453533 0.005641319007879648
0.006584967085453533 0.005348624646812767
0.006584967085453533 0.005697788534882945
0.006584967085453533 0.005892763577479009
0.006584967085453533 0.005492217398976163
0.006584967085453533 0.005617306061173647
0.006584967085453533 0.005840498612529671
0.006584967085453533 0.005810103200133722
0.006584967085453533 0.005688529894954822
0.006584967085453533 0.005827231657367696
0.006584967085453533 0.005554691289254482
0.006584967085453533 0.0056921677823291075
0.006584967085453533 0.005868629189363661
0.006584967085453533 0.005771212525674332
0.006584967085453533 0.005549584493048254
0.006584967085453533 0.005902696464919932
0.006584967085453533 0.005936223708934143
0.006584967085453533 0.0055886110959960465
0.006584967085453533 0.005687303888901592
0.006584967085453533 0.005948914323931803
0.006584967085453533 0.005684839843467091
0.006584967085453533 0.005758390489331443
0.006584967085453533 0.005756831669738474
0.006584967085453533 0.00590107781825513
0.006584967085453533 0.005949205234091336
0.006584967085453533 0.0058900603615549
0.006584967085453533 0.005692607612010709
0.006584967085453533 0.005572884133347705
0.006584967085453533 0.005587161520648345
0.007504832792165951 0.0056944945828386025
0.007504832792165951 0.00562485731012009
0.007504832792165951 0.005579667164832056
0.007504832792165951 0.0059932621884474825
0.007504832792165951 0.006193298681528525
0.007504832792165951 0.005955172324543868
0.007765820801048193 0.006888386517504246
0.007765820801048193 0.00645949190297107
0.011062356017459467 0.0065053562904497575
0.011062356017459467 0.006864573783490134
0.011062356017459467 0.007049825528864092
0.011062356017459467 0.007439955412100412
0.011062356017459467 0.008601748237631372
0.011062356017459467 0.009066968751244076
0.011062356017459467 0.009345860797262009
0.011062356017459467 0.009710441825144179
0.011062356017459467 0.010120982486783265
0.011062356017459467 0.010392406876791493
0.011062356017459467 0.009870586816810545
0.011062356017459467 0.010098678093727876
0.011062356017459467 0.010338331341292164
0.011062356017459467 0.010115464959792073
