5073.0 11103.075
5073.0 10052.585
5030.0 8851.155
3689.0 8454.515
3514.0 7604.875
3514.0 7210.155
3202.0 6457.835
3832.0 6499.98
3393.0 6098.77
2313.0 5207.61
2313.0 4859.485
1779.0 3986.09
1722.0 3435.725
1722.0 3142.53
1836.0 2872.07
1836.0 2719.81
1440.0 2612.365
1440.0 2397.16
1440.0 2353.295
1227.0 2235.215
883.0 2102.505
883.0 1944.98
883.0 1778.26
883.0 1666.5
883.0 1661.62
883.0 1543.875
816.0 1474.565
879.0 1402.7
879.0 1288.195
766.0 1190.13
766.0 1084.065
724.0 1137.46
482.0 1152.1
395.0 1047.965
395.0 983.01
395.0 671.005
395.0 666.87
395.0 581.505
395.0 540.275
395.0 551.245
395.0 514.08
395.0 517.54
395.0 537.595
395.0 520.49
395.0 476.51
395.0 519.505
395.0 520.54
395.0 511.715
395.0 494.035
395.0 508.375
395.0 528.5
395.0 520.495
395.0 470.075
395.0 505.935
395.0 466.88
395.0 535.395
395.0 485.02
395.0 541.885
395.0 547.605
395.0 547.455
395.0 493.735
395.0 483.115
395.0 510.16
395.0 583.455
395.0 541.63
395.0 468.08
395.0 474.78
395.0 472.45
395.0 544.28
395.0 498.905
395.0 489.125
395.0 485.795
395.0 518.045
395.0 499.74
395.0 519.16
395.0 465.61
395.0 479.415
395.0 541.51
395.0 558.83
395.0 504.965
395.0 506.755
395.0 517.78
395.0 519.75
395.0 503.26
395.0 492.975
395.0 465.78
395.0 481.73
395.0 524.165
395.0 480.475
395.0 501.93
395.0 519.49
395.0 455.25
395.0 543.01
395.0 530.565
395.0 503.905
395.0 513.04
395.0 501.09
395.0 490.32
395.0 524.225
395.0 476.64
395.0 517.985
395.0 493.83
395.0 523.375
395.0 501.49
395.0 486.415
395.0 481.995
395.0 448.835
395.0 547.36
395.0 485.81
395.0 506.685
395.0 519.04
395.0 493.135
395.0 523.25
395.0 571.02
395.0 540.72
395.0 574.36
395.0 477.48
395.0 542.22
395.0 507.605
395.0 544.685
395.0 476.65
395.0 493.37
395.0 545.07
395.0 560.025
395.0 505.77
395.0 471.27
395.0 494.3
395.0 512.395
395.0 492.17
395.0 530.025
395.0 528.23
395.0 514.8
337.0 540.455
337.0 473.08
337.0 516.855
337.0 518.28
337.0 552.73
337.0 524.76
337.0 634.81
337.0 622.38
337.0 593.515
337.0 475.75
337.0 493.635
337.0 424.105
337.0 494.995
337.0 413.37
337.0 437.455
337.0 365.965
337.0 461.48
337.0 451.0
337.0 446.565
337.0 448.105
337.0 379.635
337.0 453.21
337.0 374.395
337.0 390.58
337.0 485.81
337.0 498.33
337.0 409.775
337.0 414.36
337.0 474.735
337.0 412.13
337.0 433.085
337.0 386.88
337.0 410.36
337.0 457.68
337.0 403.58
337.0 398.995
337.0 446.74
337.0 435.18
337.0 368.4
337.0 412.07
337.0 504.875
337.0 422.33
337.0 407.06
337.0 398.865
337.0 450.9
337.0 399.64
337.0 448.73
337.0 372.16
337.0 371.23
337.0 439.91
337.0 409.41
337.0 417.515
337.0 426.28
337.0 384.665
337.0 426.275
337.0 393.555
337.0 451.235
337.0 459.29
337.0 412.77
337.0 487.175
337.0 462.435
337.0 383.95
337.0 439.97
337.0 419.05
337.0 544.005
337.0 550.73
337.0 475.165
337.0 431.315
