6853.0 11109.45
4768.0 10233.715
4768.0 9099.25
4768.0 8607.465
3868.0 8098.62
3417.0 7292.7
3417.0 6827.155
2284.0 5769.005
2284.0 5413.555
2283.0 4931.255
2757.0 4390.07
1293.0 3925.405
1293.0 3511.475
1293.0 2998.875
1390.0 2576.565
1390.0 2070.035
1323.0 1927.755
970.0 1776.095
826.0 1665.065
826.0 1736.18
502.0 1590.235
502.0 1483.35
502.0 1395.98
502.0 1313.175
502.0 1239.075
502.0 1189.825
502.0 1010.05
502.0 1036.325
502.0 950.58
502.0 861.82
502.0 702.46
502.0 589.74
502.0 631.795
502.0 591.78
502.0 545.305
502.0 571.485
502.0 597.25
502.0 563.095
502.0 570.79
502.0 647.92
502.0 628.49
502.0 638.84
502.0 639.985
502.0 694.495
502.0 659.22
502.0 616.98
502.0 576.495
502.0 614.66
502.0 637.675
502.0 587.62
502.0 615.36
502.0 616.085
502.0 723.31
502.0 608.175
502.0 596.45
502.0 704.87
502.0 640.66
502.0 572.875
502.0 643.755
502.0 638.225
502.0 661.425
502.0 737.73
502.0 571.715
502.0 698.77
502.0 669.475
502.0 623.125
502.0 623.855
502.0 587.825
502.0 609.12
502.0 600.19
502.0 606.0
502.0 630.6
502.0 615.7
502.0 661.805
502.0 655.03
502.0 687.615
502.0 578.3
502.0 552.31
502.0 649.94
502.0 678.61
502.0 664.62
502.0 574.515
502.0 613.805
502.0 675.97
502.0 594.435
502.0 651.545
502.0 609.25
502.0 734.115
502.0 595.825
502.0 698.27
502.0 581.19
502.0 587.275
502.0 654.395
502.0 679.125
502.0 641.875
502.0 565.645
502.0 590.555
502.0 570.565
502.0 575.885
502.0 612.2
502.0 662.785
502.0 648.875
502.0 617.49
502.0 638.875
502.0 559.895
502.0 652.975
502.0 650.91
502.0 607.72
502.0 600.5
502.0 639.92
502.0 608.865
502.0 546.825
502.0 563.555
502.0 606.585
502.0 659.97
502.0 591.71
502.0 584.91
502.0 615.27
502.0 566.53
502.0 695.21
502.0 587.945
502.0 612.315
502.0 565.43
502.0 660.15
502.0 614.585
502.0 627.245
502.0 576.315
502.0 607.905
502.0 602.28
502.0 649.945
502.0 676.74
502.0 559.04
502.0 644.925
502.0 592.2
502.0 648.155
502.0 620.86
502.0 584.45
502.0 677.505
502.0 604.1
502.0 587.435
502.0 615.63
502.0 577.13
502.0 640.12
502.0 660.66
502.0 615.005
502.0 579.92
502.0 597.855
502.0 601.62
502.0 652.495
502.0 690.415
502.0 637.375
502.0 599.03
502.0 652.56
502.0 652.3
502.0 772.315
502.0 684.785
502.0 688.415
502.0 627.605
502.0 596.755
502.0 684.765
502.0 695.95
502.0 603.675
502.0 641.925
502.0 634.28
502.0 578.645
502.0 634.79
502.0 672.97
502.0 650.285
502.0 690.59
502.0 567.04
502.0 583.735
502.0 614.2
502.0 691.69
502.0 664.875
502.0 641.825
502.0 616.35
502.0 645.375
502.0 589.315
502.0 592.86
502.0 711.98
502.0 672.21
502.0 667.49
502.0 606.06
502.0 540.31
502.0 608.8
502.0 650.955
502.0 615.615
502.0 557.27
502.0 548.01
502.0 560.82
502.0 625.015
502.0 559.785
502.0 619.515
426.0 622.805
426.0 531.405
426.0 681.69
426.0 632.35
426.0 594.91
426.0 592.7
426.0 624.96
