5.972729611638775E-4 2.98376899610276E-4
6.330372369696432E-4 3.504501578748201E-4
6.578236548795666E-4 3.700236943949217E-4
7.203200268747866E-4 4.131613425400454E-4
7.25566251365649E-4 4.398994398637758E-4
0.0010137011933388908 4.54264672642252E-4
0.0010137011933388908 4.710971288513386E-4
0.0010137011933388908 5.078503436591919E-4
0.001017841946746107 5.523893196413739E-4
0.0013811662851568756 5.828657366384896E-4
0.0013811662851568756 6.146552056847176E-4
0.001724711677100027 6.450627556319546E-4
0.0018025610956579432 7.220745212973528E-4
0.0018025610956579432 8.093643332204586E-4
0.0024778415221755347 0.001004074787969735
0.0027250238215432657 0.0011495617826987124
0.0029888959555656805 0.0014026286933309631
0.0029888959555656805 0.0015575082122493721
0.0029888959555656805 0.0016108048081554763
0.0029888959555656805 0.001769819978617232
0.0035713121615064875 0.001949589773928455
0.0037949882239800624 0.002164206595229757
0.0037949882239800624 0.0023316669865598187
0.0037949882239800624 0.0024518535169581134
0.0037949882239800624 0.002580353885548351
0.0037949882239800624 0.0026557776025561758
0.0037949882239800624 0.002694018157076862
0.003996328616395099 0.0030255136497557593
0.0048648890294576775 0.0030317586495484518
0.0048648890294576775 0.003141489158940081
0.005924066200098274 0.003057867383318591
0.005924066200098274 0.0033764500354275533
0.005924066200098274 0.003564297158013814
0.005924066200098274 0.003674139196178824
0.005924066200098274 0.003922255008656579
0.005924066200098274 0.004120844941531502
0.005924066200098274 0.004392848894704277
0.005924066200098274 0.004552070121086128
0.005924066200098274 0.0044561680288134195
0.005985627805418427 0.0049937450047400165
0.005985627805418427 0.005272906552797822
0.005985627805418427 0.005134429822954246
0.005985627805418427 0.004949585732238089
0.005985627805418427 0.004878063747564467
0.005985627805418427 0.005191874676179166
0.005985627805418427 0.004951962305667856
0.005985627805418427 0.004998415956756258
0.005985627805418427 0.005069951212710538
0.005985627805418427 0.004976607517759239
0.005985627805418427 0.005090448854128128
0.005985627805418427 0.005104673392088179
0.005985627805418427 0.004778858713221544
0.005985627805418427 0.005298601009274265
0.005985627805418427 0.005148236878595537
0.005985627805418427 0.005293337317317856
0.005985627805418427 0.005216483614273488
0.005985627805418427 0.005131536381474157
0.005985627805418427 0.005185693828440013
0.005985627805418427 0.004968740596950582
0.005985627805418427 0.004944861890377288
0.005985627805418427 0.005206074631923812
0.005985627805418427 0.0055289109807605845
0.005985627805418427 0.0053305984491778535
0.005985627805418427 0.005218559625471321
0.005985627805418427 0.005199079365202553
0.005985627805418427 0.005456871686448778
0.005985627805418427 0.00525765721604606
0.005985627805418427 0.00519333838630125
0.005985627805418427 0.005156430441005039
0.005985627805418427 0.004898113921453004
0.005985627805418427 0.005369528336923806
0.005985627805418427 0.005197581018561845
0.005985627805418427 0.005245016692227496
0.005985627805418427 0.004884269986474759
0.005985627805418427 0.005035807960915827
0.005985627805418427 0.00523770525731878
0.005985627805418427 0.005047497128114988
0.005985627805418427 0.005117360254524793
0.005985627805418427 0.005423702564856025
0.005985627805418427 0.004970632802997838
0.005985627805418427 0.004995429803387505
0.005985627805418427 0.004966542046275617
0.005985627805418427 0.005169477314683351
0.005985627805418427 0.005353832939060753
0.009342395006979 0.005128761127448993
0.009342395006979 0.00543248972445288
0.009342395006979 0.00550218749907266
0.009342395006979 0.0053329278698554215
0.009342395006979 0.005816373486219197
0.009342395006979 0.007096843276982718
0.009342395006979 0.007624154364595771
0.009342395006979 0.008190182509539491
0.009342395006979 0.008488640698567522
0.009342395006979 0.008310452352318231
0.009342395006979 0.008465799664504269
0.009342395006979 0.008315603798986488
0.009342395006979 0.008392076877121936
0.009342395006979 0.008396993340204873
0.009342395006979 0.00830527389487971
0.009342395006979 0.008628657900786603
0.009342395006979 0.008368285262031629
0.009342395006979 0.008181536514402385
0.009342395006979 0.008322019264139856
0.009342395006979 0.008409607997446604
0.009342395006979 0.008381254962546554
0.009342395006979 0.00817848667443548
0.009342395006979 0.008260296094347747
0.009342395006979 0.008127771096110858
0.009342395006979 0.008541451455143319
0.009342395006979 0.00879471792136306
0.009342395006979 0.008529255298512202
0.009342395006979 0.0077721799134915235
0.009342395006979 0.00885916470849711
0.009342395006979 0.008197465010776844
0.009342395006979 0.008258533076460848
0.009342395006979 0.008273791598685513
0.009342395006979 0.008242279852629715
0.009342395006979 0.008346393357354702
0.009342395006979 0.008588961108727635
0.009342395006979 0.008316892302394224
0.009342395006979 0.00839219347547613
0.009342395006979 0.008843433228339796
0.009342395006979 0.008879196284699853
0.009342395006979 0.008641873624541795
0.009342395006979 0.008556785637869917
0.009342395006979 0.008307348335378193
0.009342395006979 0.008472861607050857
0.009342395006979 0.008336885507286852
0.009342395006979 0.008337106826396825
0.009342395006979 0.00830435660420928
0.009342395006979 0.008503170273352989
0.009342395006979 0.0087409905765213
0.009342395006979 0.008756083717942424
0.009342395006979 0.008207705881021567
0.009342395006979 0.008720570975193487
0.009342395006979 0.008421349995679681
0.009342395006979 0.008441425013370592
0.009342395006979 0.008831466966532125
0.009342395006979 0.008436561459156125
0.009342395006979 0.008703512543736119
0.009342395006979 0.008402625085952497
0.009342395006979 0.008215010871567183
0.009342395006979 0.008285984836935496
0.009342395006979 0.008539801262990926
0.009342395006979 0.008468445138023622
0.009342395006979 0.008081433954434104
0.009342395006979 0.008592513547499757
0.009342395006979 0.008044508874415246
0.009342395006979 0.008443429064839523
0.009342395006979 0.00838111845256688
0.009342395006979 0.00821381842831092
0.009342395006979 0.008761810063302239
0.009342395006979 0.00850680705048726
0.009342395006979 0.008529457579994891
0.009342395006979 0.0084734667537589
0.009342395006979 0.008869588710183755
0.009342395006979 0.008722684299405894
0.009342395006979 0.008329912706062896
0.009342395006979 0.008474697235784564
0.009342395006979 0.008339462295981134
0.009342395006979 0.008546312019317163
0.009342395006979 0.008352300999595774
0.009342395006979 0.008156573357709482
0.009342395006979 0.008298131054485833
0.009342395006979 0.008093820539969912
0.009342395006979 0.008182534562327499
0.009342395006979 0.008152465864165485
0.009342395006979 0.008325512761726469
0.009342395006979 0.008295731158429947
0.009342395006979 0.008555564873042732
0.009342395006979 0.00867296778338443
0.009342395006979 0.008572889785690964
0.009342395006979 0.008617208314043496
0.009342395006979 0.008671332071156512
0.009342395006979 0.008356685968939419
0.009342395006979 0.0090378270755199
0.009342395006979 0.008473633923128216
0.009342395006979 0.008678978452017755
0.009342395006979 0.008234502867183597
0.009342395006979 0.008505388949304766
0.009342395006979 0.008454896120683026
0.009342395006979 0.008357277316134481
0.009342395006979 0.008408700334588494
0.009342395006979 0.0084098377968652
0.009342395006979 0.008848959470466176
0.009342395006979 0.008679110414384102
0.009342395006979 0.008433774854329959
0.009342395006979 0.008386314452610554
0.009342395006979 0.008337109875735261
0.009342395006979 0.008465289724679564
0.009342395006979 0.00870415688840837
0.009342395006979 0.008569385288644352
0.009342395006979 0.008208262282043442
0.009342395006979 0.008593504020606432
0.009342395006979 0.008619858595723293
0.009342395006979 0.008338148055339487
0.009342395006979 0.008198389649953347
0.009342395006979 0.008077956744937321
0.009342395006979 0.00841585927856224
0.009342395006979 0.008019616683040185
