4715.0 11482.405
4715.0 9927.175
4095.0 9202.195
3515.0 8047.67
3838.0 7103.985
3838.0 6577.65
3033.0 5982.465
2257.0 5503.115
2262.0 4596.055
1756.0 4257.515
1533.0 3763.745
1533.0 3407.93
1256.0 3432.865
1256.0 3480.55
1065.0 3255.77
890.0 3073.2
804.0 2221.115
804.0 1657.52
804.0 1440.78
935.0 1196.095
935.0 1306.765
935.0 1227.375
935.0 1133.29
735.0 1181.615
735.0 1178.575
735.0 1217.305
603.0 1202.535
603.0 1159.045
603.0 1237.18
534.0 1137.265
534.0 1125.945
534.0 1106.71
534.0 946.595
534.0 792.015
534.0 890.575
534.0 836.26
534.0 887.795
534.0 850.005
534.0 939.035
534.0 889.835
534.0 799.145
534.0 712.83
534.0 968.77
534.0 790.915
466.0 946.425
466.0 854.725
466.0 874.5
466.0 801.545
466.0 662.21
466.0 888.665
466.0 864.745
466.0 799.555
466.0 713.86
466.0 750.92
466.0 758.515
466.0 740.33
466.0 693.235
466.0 781.42
466.0 723.6
466.0 833.28
466.0 789.465
466.0 697.05
451.0 782.525
451.0 756.435
451.0 731.98
451.0 730.84
451.0 796.705
451.0 749.765
451.0 845.325
451.0 751.84
451.0 792.01
451.0 836.51
451.0 709.375
451.0 754.56
451.0 745.64
451.0 734.605
451.0 774.135
451.0 760.925
451.0 717.99
415.0 814.15
415.0 654.89
415.0 746.31
415.0 679.035
415.0 730.495
415.0 811.105
415.0 712.405
415.0 675.715
415.0 704.775
415.0 612.17
415.0 767.315
415.0 679.34
415.0 706.78
415.0 600.12
415.0 844.12
415.0 716.87
415.0 715.225
415.0 590.64
415.0 644.935
415.0 635.635
415.0 728.435
415.0 807.37
415.0 617.95
415.0 620.335
415.0 628.285
415.0 634.62
415.0 723.97
415.0 683.915
415.0 680.055
415.0 702.79
415.0 597.61
415.0 703.395
415.0 782.145
415.0 774.4
415.0 673.645
415.0 808.725
415.0 708.85
415.0 712.365
415.0 720.94
415.0 632.65
415.0 708.555
415.0 798.955
415.0 690.305
415.0 655.42
415.0 662.68
415.0 686.855
415.0 627.865
415.0 582.59
415.0 700.995
415.0 721.755
415.0 615.895
415.0 626.47
415.0 675.085
415.0 605.69
415.0 570.94
415.0 601.935
415.0 727.915
415.0 640.02
415.0 698.32
415.0 655.055
415.0 746.825
415.0 744.435
415.0 783.09
415.0 624.66
415.0 648.755
415.0 704.345
415.0 758.06
415.0 873.17
415.0 678.67
415.0 729.605
415.0 692.76
415.0 722.32
415.0 670.37
415.0 605.87
415.0 659.825
415.0 623.69
415.0 701.97
415.0 684.93
415.0 780.335
415.0 726.335
415.0 600.74
415.0 743.39
415.0 770.595
415.0 694.175
415.0 701.805
415.0 590.385
415.0 521.67
415.0 758.885
415.0 682.445
415.0 630.07
415.0 575.975
415.0 608.405
415.0 568.285
415.0 652.095
415.0 532.05
415.0 675.21
415.0 706.725
415.0 878.305
415.0 680.79
415.0 705.665
415.0 716.645
415.0 748.865
415.0 752.835
415.0 780.93
415.0 710.33
415.0 890.18
415.0 672.725
415.0 685.12
415.0 777.77
415.0 703.375
415.0 693.375
415.0 658.715
415.0 674.495
415.0 715.65
415.0 633.98
415.0 716.715
415.0 612.98
415.0 677.76
415.0 642.87
415.0 692.755
415.0 660.875
