4929.0 10508.16
4929.0 9390.965
4929.0 8939.995
4929.0 8469.12
4266.0 7659.175
3489.0 7125.4
2823.0 6721.365
2823.0 6489.94
2168.0 5705.255
2168.0 4982.465
2019.0 4219.865
1740.0 3583.58
1740.0 3358.73
1552.0 2876.015
1313.0 2882.66
1318.0 2581.81
1318.0 2501.65
1278.0 2347.8
1278.0 2139.8
1278.0 2090.99
875.0 1915.405
875.0 1892.0
1068.0 1842.455
1014.0 1710.495
1014.0 1799.735
1014.0 1964.6
1014.0 1892.24
934.0 1734.745
934.0 1708.99
934.0 1816.91
713.0 1688.435
713.0 1451.51
713.0 1507.395
713.0 1497.41
713.0 1452.16
713.0 1450.34
713.0 1573.765
713.0 1467.455
713.0 1253.595
713.0 1248.475
713.0 1159.975
713.0 1221.435
713.0 1255.99
713.0 1197.145
713.0 1226.565
713.0 1057.665
713.0 1169.68
594.0 1067.545
594.0 1044.125
594.0 1057.77
594.0 1060.965
594.0 1065.115
594.0 1067.63
594.0 1084.245
594.0 1029.56
585.0 1076.67
585.0 1138.25
585.0 1078.165
585.0 1011.155
585.0 912.32
585.0 913.3
585.0 1027.475
585.0 871.07
585.0 882.915
500.0 895.305
500.0 1014.725
500.0 984.235
500.0 1012.66
500.0 1012.75
500.0 1045.91
500.0 718.205
500.0 869.75
500.0 783.58
500.0 885.15
500.0 825.705
500.0 746.485
500.0 838.185
500.0 900.435
500.0 771.82
500.0 871.25
500.0 726.695
500.0 790.695
500.0 819.8
500.0 757.635
500.0 759.66
500.0 905.59
500.0 986.915
500.0 998.225
500.0 878.135
500.0 757.815
500.0 898.185
500.0 887.365
500.0 827.615
500.0 850.7
500.0 850.63
500.0 999.08
500.0 824.76
500.0 712.975
500.0 732.755
500.0 742.31
500.0 844.575
500.0 782.77
500.0 812.145
500.0 795.405
500.0 832.905
500.0 814.54
500.0 850.24
500.0 670.71
500.0 750.19
500.0 846.195
500.0 791.815
500.0 862.675
500.0 923.355
500.0 885.375
500.0 639.005
500.0 801.885
500.0 851.575
500.0 848.325
500.0 819.195
500.0 858.47
500.0 805.13
500.0 710.595
500.0 607.635
500.0 720.635
500.0 721.45
500.0 809.745
500.0 787.99
500.0 723.665
500.0 815.02
500.0 910.99
500.0 822.015
500.0 913.225
500.0 668.36
500.0 710.375
500.0 875.97
500.0 895.66
500.0 860.135
500.0 816.005
500.0 736.945
500.0 837.56
500.0 910.54
500.0 775.315
500.0 722.755
500.0 674.335
500.0 781.075
500.0 803.24
500.0 826.055
500.0 695.995
500.0 763.4
500.0 691.88
500.0 742.17
500.0 853.685
500.0 853.23
500.0 806.215
500.0 772.78
500.0 789.85
500.0 791.99
494.0 731.275
494.0 770.555
494.0 854.245
494.0 859.99
494.0 761.595
494.0 788.45
494.0 790.945
494.0 795.085
494.0 864.455
494.0 835.945
494.0 744.31
494.0 655.24
494.0 768.315
494.0 920.4
494.0 819.605
494.0 873.27
494.0 952.7
494.0 715.01
494.0 749.855
494.0 912.585
311.0 756.87
311.0 728.515
311.0 748.09
311.0 744.095
311.0 714.29
311.0 604.055
311.0 486.575
311.0 427.0
311.0 546.305
311.0 569.765
311.0 463.24
311.0 464.15
311.0 757.795
311.0 578.73
311.0 584.345
311.0 625.42
311.0 601.43
311.0 455.605
311.0 497.625
311.0 605.335
311.0 436.86
311.0 559.025
311.0 526.7
