3973.0 9794.135
3747.0 8683.53
3747.0 7797.625
3174.0 7199.585
3131.0 6263.74
3047.0 5722.235
1093.0 4842.135
1093.0 4480.365
1093.0 3902.115
1009.0 3068.875
1009.0 2286.48
760.0 1675.395
760.0 1670.175
760.0 1520.16
760.0 1546.46
760.0 1367.01
721.0 1263.84
721.0 1207.445
721.0 1150.47
721.0 1164.46
721.0 1189.335
721.0 1053.78
721.0 1123.74
709.0 1110.855
709.0 1040.335
531.0 1066.59
531.0 1080.45
531.0 1171.39
531.0 1065.86
531.0 1099.17
486.0 1235.765
486.0 1009.005
486.0 1075.595
486.0 975.735
435.0 883.025
435.0 845.93
435.0 747.435
435.0 740.38
435.0 848.485
435.0 741.41
435.0 640.365
435.0 737.53
435.0 722.325
435.0 704.225
435.0 732.42
435.0 663.19
435.0 711.565
435.0 582.625
435.0 581.215
435.0 608.775
435.0 649.945
435.0 684.33
435.0 667.47
435.0 681.095
435.0 746.545
435.0 729.665
435.0 610.52
435.0 561.04
435.0 756.52
435.0 742.975
435.0 653.75
435.0 712.835
435.0 656.825
435.0 587.035
435.0 675.055
435.0 622.69
435.0 600.325
435.0 701.485
435.0 660.97
435.0 568.795
435.0 612.22
435.0 659.66
435.0 676.845
435.0 558.0
435.0 671.11
435.0 668.735
435.0 663.595
435.0 634.24
435.0 721.035
435.0 799.285
435.0 689.94
435.0 606.59
435.0 615.39
435.0 678.02
435.0 671.35
435.0 682.28
435.0 673.74
435.0 650.54
435.0 701.075
435.0 709.505
435.0 706.595
435.0 611.625
435.0 599.08
435.0 738.45
435.0 565.535
435.0 683.315
435.0 665.86
435.0 655.94
435.0 690.915
435.0 734.525
435.0 852.17
435.0 652.13
435.0 548.86
435.0 623.75
435.0 730.64
435.0 657.795
435.0 634.84
435.0 654.54
435.0 659.065
435.0 725.375
435.0 740.34
435.0 650.455
435.0 794.48
435.0 697.365
435.0 698.02
435.0 756.72
435.0 792.93
435.0 839.35
435.0 794.925
435.0 816.575
435.0 719.545
435.0 671.01
435.0 699.5
435.0 745.495
435.0 659.32
435.0 754.825
435.0 720.065
435.0 674.36
435.0 559.86
435.0 661.015
435.0 774.275
435.0 609.435
435.0 587.48
435.0 591.47
435.0 523.995
435.0 696.02
435.0 594.475
435.0 581.79
435.0 611.98
435.0 687.055
435.0 614.125
435.0 682.54
435.0 557.515
435.0 669.865
435.0 669.08
435.0 662.74
435.0 646.26
435.0 601.73
435.0 587.33
435.0 659.975
435.0 610.685
435.0 666.755
435.0 623.94
435.0 696.82
435.0 714.55
435.0 722.96
435.0 698.535
347.0 565.68
347.0 661.09
347.0 655.1
347.0 726.98
347.0 647.455
347.0 741.4
347.0 640.73
347.0 649.545
347.0 718.12
347.0 639.055
347.0 588.4
347.0 620.47
347.0 568.96
347.0 537.725
347.0 544.65
347.0 527.02
347.0 524.055
347.0 510.9
347.0 501.19
347.0 524.025
347.0 502.25
347.0 477.45
347.0 527.555
347.0 610.125
347.0 505.105
347.0 490.885
347.0 531.135
347.0 512.45
347.0 546.85
347.0 512.77
347.0 490.75
347.0 579.655
347.0 582.75
347.0 586.265
347.0 553.92
347.0 543.065
347.0 542.855
347.0 505.8
347.0 552.075
347.0 675.72
347.0 558.135
347.0 540.24
347.0 581.7
