8.933327545597725E-4 3.123349430124662E-4
8.933327545597725E-4 3.893890477425672E-4
8.933327545597725E-4 4.1347166626409186E-4
9.386949381979447E-4 4.912599249078221E-4
0.0012267333822282723 6.067536309751579E-4
0.0012267333822282723 7.145027951613036E-4
0.0012337583229501535 8.009032630046761E-4
0.0013530221094846737 8.871741661293004E-4
0.0016187814902434104 9.503457039855081E-4
0.0016845380211424578 0.0010037502996579576
0.0019825129401162098 0.0011061931995496573
0.0019825129401162098 0.001190668464880061
0.0022424894455660596 0.0012398154399260958
0.0022424894455660596 0.0012431270559947894
0.0022780442073468813 0.001317885480937228
0.002741918792740774 0.0014215369766765826
0.002741918792740774 0.0013923256975043178
0.002741918792740774 0.001329146181314232
0.002741918792740774 0.0014729992653906196
0.002741918792740774 0.0014575978284518266
0.002741918792740774 0.001560476009546781
0.002741918792740774 0.0015233542282234688
0.002839369052257995 0.0016627217156443257
0.002839369052257995 0.001672911629417445
0.002839369052257995 0.001739853467201097
0.00377467501709213 0.001735081462322925
0.00377467501709213 0.0017334675588689741
0.00377467501709213 0.0017324415456640898
0.00377467501709213 0.0018224726769102367
0.00377467501709213 0.0018994180472457491
0.00377467501709213 0.002123240230136803
0.00377467501709213 0.0025206447345335363
0.004420434352787072 0.002448460913789639
0.004420434352787072 0.002964191581518052
0.004420434352787072 0.003059418970348919
0.004420434352787072 0.003089688894888341
0.004420434352787072 0.003101735167848062
0.004420434352787072 0.0031218142507465946
0.004503580644141255 0.00340513537796867
0.004503580644141255 0.003502040817046092
0.005745208061163057 0.0038195761508901423
0.005745208061163057 0.0035102583535829217
0.005745208061163057 0.0037944479643491724
0.005745208061163057 0.004025660970959922
0.00600955075593135 0.0044929555524337835
0.00600955075593135 0.004795815688157523
0.00600955075593135 0.004777219578131163
0.00600955075593135 0.004792941764064644
0.00600955075593135 0.0049067109160917674
0.00600955075593135 0.005040229859348877
0.011411216805139535 0.005411928726588974
0.011411216805139535 0.005353924171119076
0.011411216805139535 0.006825560210569919
0.011411216805139535 0.008470605646367362
0.011411216805139535 0.009142826480200062
0.011411216805139535 0.009862466149573744
0.011411216805139535 0.010540602595555894
0.011411216805139535 0.010516160166045466
0.011411216805139535 0.010427891255341985
0.011411216805139535 0.01072084014925926
0.011411216805139535 0.010514553638695587
0.011411216805139535 0.01067238804981019
0.011411216805139535 0.00997336879114888
0.011411216805139535 0.010632629259248572
0.011411216805139535 0.010619526380322559
0.011411216805139535 0.01059410727184634
0.011411216805139535 0.010401403136043581
0.011411216805139535 0.010662405560295693
0.011411216805139535 0.010336967472645975
0.011411216805139535 0.00994109737312097
0.011411216805139535 0.010275966579813542
0.011411216805139535 0.010382977459473025
0.011411216805139535 0.010622429385657923
0.011411216805139535 0.01033214083139556
0.011411216805139535 0.010188415984365479
0.011411216805139535 0.010888319701585129
0.011411216805139535 0.010327262009800293
0.011411216805139535 0.010590666257867061
0.011411216805139535 0.009841577244062124
0.011411216805139535 0.010402959244922119
0.011411216805139535 0.010190090021537968
0.011411216805139535 0.010469154836295038
0.011411216805139535 0.010651604478847465
0.011411216805139535 0.010437102648944126
0.011411216805139535 0.010433546656481324
0.011411216805139535 0.010570650668372652
0.011411216805139535 0.010731207028875528
0.011411216805139535 0.010358036262963508
0.011411216805139535 0.010788420681024875
0.011411216805139535 0.010934388845198532
0.011411216805139535 0.01040872395264382
0.011411216805139535 0.010864515765743054
0.011411216805139535 0.010527188867489127
0.011411216805139535 0.010471086164374078
0.011411216805139535 0.011016481569321356
0.011411216805139535 0.010610771271142651
0.011411216805139535 0.010516155238876444
0.011411216805139535 0.011021002564506858
0.011411216805139535 0.010726773380340822
0.011411216805139535 0.01013296480143576
0.011411216805139535 0.010917180457118527
0.011411216805139535 0.010735590971225093
0.011411216805139535 0.010423710839836613
0.011411216805139535 0.010506009918974778
0.011411216805139535 0.010301191717318366
0.011411216805139535 0.010681117508408071
0.011411216805139535 0.010365282793046408
0.011411216805139535 0.010566681701095742
0.011411216805139535 0.01029620782412309
0.011411216805139535 0.010225671916602572
0.011411216805139535 0.010779570504707238
0.011411216805139535 0.010943616039920438
0.011411216805139535 0.010830771225609482
0.011411216805139535 0.010379899746375989
0.011411216805139535 0.010217346514497154
0.011411216805139535 0.010388987020238563
0.011411216805139535 0.010363592645990601
0.011411216805139535 0.01074899178822789
0.011411216805139535 0.010722470486407745
0.011411216805139535 0.0105055568861483
0.011411216805139535 0.010318952549594425
0.011411216805139535 0.01048379466838773
0.011411216805139535 0.010659373041521068
0.011411216805139535 0.010787564003289198
0.011411216805139535 0.010464863407604713
0.011411216805139535 0.010132843467035534
0.011411216805139535 0.010298452435436584
0.011411216805139535 0.010437215670964036
0.011411216805139535 0.010430160809418833
0.011411216805139535 0.010491188573282637
0.011411216805139535 0.010505611704367736
0.011411216805139535 0.009968839701591695
0.011411216805139535 0.010665453996726509
0.011411216805139535 0.010706693550593156
0.011411216805139535 0.01051422856904936
0.011411216805139535 0.009959847545939003
0.011411216805139535 0.00996676309805291
0.011411216805139535 0.010560806669580149
0.011411216805139535 0.010490550133787918
0.011411216805139535 0.010717296889480364
0.011411216805139535 0.01027866140322048
0.011411216805139535 0.01033695143779053
0.011411216805139535 0.010274291203160955
0.011411216805139535 0.010188558989628465
0.011411216805139535 0.010815634889851138
0.011411216805139535 0.010418361331438817
0.011411216805139535 0.010375031636903474
0.011411216805139535 0.010460223004430886
0.011411216805139535 0.010371472563639562
0.011411216805139535 0.009979401461760993
0.011411216805139535 0.010590049063345984
0.011411216805139535 0.010165913322228414
0.011411216805139535 0.010392013245616722
0.011411216805139535 0.010370236747568628
0.011411216805139535 0.010485464878804156
0.011411216805139535 0.01036000843930981
0.011411216805139535 0.010883639758025134
0.011411216805139535 0.010712064299116373
0.011411216805139535 0.010146031164963275
0.011411216805139535 0.010497875490055738
0.011411216805139535 0.010542695129869802
0.011411216805139535 0.01042966317642601
0.011411216805139535 0.01017021658479762
0.011411216805139535 0.01072297289009322
0.011411216805139535 0.010755753691214993
0.011411216805139535 0.010584909396908733
0.011411216805139535 0.010229277100039518
0.011411216805139535 0.01033972148728146
0.011411216805139535 0.01072437500823047
0.011411216805139535 0.010834907851675997
0.011411216805139535 0.010438653197240138
0.011411216805139535 0.010684859489174104
0.011411216805139535 0.010538687038685162
0.011411216805139535 0.0100759166806785
0.011411216805139535 0.010512528675724036
0.011411216805139535 0.010554322132361895
0.011411216805139535 0.010698205009316055
0.011411216805139535 0.010827438630858005
0.011411216805139535 0.010742183742509135
0.011411216805139535 0.010215802864946945
0.011411216805139535 0.009926459888838522
0.011411216805139535 0.010421489635217116
0.011411216805139535 0.010509793452367156
0.011411216805139535 0.01048023091868923
0.011411216805139535 0.01087301210757292
0.011411216805139535 0.010411563739684205
0.011411216805139535 0.010329743223434251
0.011411216805139535 0.010570645200424788
0.011411216805139535 0.010810854517363482
0.011411216805139535 0.010427009258513196
0.011411216805139535 0.010286053282108642
0.011411216805139535 0.01074326216609087
0.011411216805139535 0.010537223128669344
0.011411216805139535 0.010311443780656758
0.011411216805139535 0.01037878248265628
0.011411216805139535 0.01076171403316344
0.011411216805139535 0.010657625423454989
0.011411216805139535 0.010049965908239866
0.011411216805139535 0.010446813898055064
0.011411216805139535 0.010477132798208489
