5747.0 11413.09
4552.0 10269.16
4927.0 8978.855
4927.0 8590.84
3150.0 7771.85
3150.0 6834.295
3150.0 6265.38
2829.0 5724.335
2829.0 5547.41
1553.0 4566.8
1553.0 4014.565
1553.0 3725.0
1553.0 3321.185
1476.0 2925.705
1476.0 3002.475
1519.0 2987.83
1519.0 2809.445
1519.0 2783.23
1383.0 2747.98
1383.0 2543.565
1383.0 2624.55
1065.0 2623.215
1065.0 2439.655
904.0 2271.255
904.0 2021.665
904.0 1896.48
904.0 1864.64
815.0 1689.395
815.0 1585.53
815.0 1551.28
815.0 1494.62
660.0 1393.12
488.0 1187.56
488.0 1209.38
488.0 1098.34
497.0 1198.44
497.0 1062.05
497.0 1025.245
497.0 1003.03
497.0 907.145
497.0 1033.375
497.0 1018.21
497.0 937.87
497.0 859.235
497.0 719.465
497.0 831.36
497.0 791.78
497.0 834.905
497.0 899.13
497.0 807.275
497.0 860.125
497.0 779.985
497.0 767.89
497.0 798.585
497.0 824.815
497.0 795.27
497.0 853.215
497.0 808.05
471.0 854.78
471.0 905.875
471.0 822.01
471.0 774.835
471.0 710.515
471.0 851.015
471.0 764.89
471.0 693.115
471.0 692.925
471.0 758.06
471.0 748.67
471.0 804.665
471.0 720.215
471.0 716.98
471.0 735.2
471.0 755.92
471.0 716.25
471.0 930.755
276.0 756.515
276.0 796.485
276.0 747.565
276.0 627.545
276.0 821.935
276.0 602.9
276.0 560.925
276.0 618.945
276.0 497.75
276.0 488.785
276.0 612.185
276.0 463.975
276.0 482.885
276.0 450.84
276.0 468.63
276.0 447.435
276.0 548.53
276.0 589.425
276.0 513.535
276.0 497.39
276.0 457.195
276.0 537.045
276.0 472.745
276.0 517.485
276.0 525.6
276.0 646.8
276.0 521.925
276.0 510.25
276.0 514.005
276.0 518.19
276.0 574.76
276.0 475.13
276.0 482.015
276.0 574.85
276.0 523.815
276.0 595.33
276.0 475.26
276.0 570.57
276.0 612.715
276.0 474.345
276.0 527.285
276.0 482.66
276.0 500.535
276.0 518.04
276.0 395.665
276.0 600.315
276.0 457.275
276.0 440.235
276.0 440.205
276.0 445.865
276.0 510.63
276.0 570.645
276.0 550.475
276.0 486.12
276.0 490.505
276.0 583.205
276.0 451.445
276.0 520.295
276.0 496.225
276.0 523.285
276.0 511.23
276.0 450.445
276.0 431.265
276.0 450.495
276.0 417.42
276.0 496.665
276.0 508.98
276.0 472.4
276.0 517.32
276.0 502.28
276.0 508.775
276.0 466.925
276.0 530.5
276.0 537.12
276.0 546.89
276.0 511.45
276.0 513.17
276.0 587.045
276.0 506.97
276.0 525.135
276.0 460.145
276.0 436.92
276.0 541.835
276.0 533.58
276.0 471.85
276.0 526.56
276.0 454.54
276.0 459.72
276.0 387.695
276.0 363.705
276.0 585.53
276.0 466.58
276.0 464.105
276.0 497.51
276.0 532.525
276.0 483.65
276.0 549.615
276.0 460.3
276.0 582.03
276.0 423.95
276.0 456.305
276.0 534.715
276.0 467.205
276.0 510.135
276.0 496.04
276.0 408.055
276.0 464.935
276.0 456.035
276.0 422.835
276.0 500.795
276.0 469.185
276.0 532.5
276.0 477.67
276.0 430.915
276.0 459.115
276.0 449.515
276.0 469.055
276.0 501.79
276.0 470.845
276.0 586.31
276.0 512.35
276.0 482.46
276.0 560.815
276.0 440.815
