8.793115689116956E-4 3.198306977169609E-4
8.793115689116956E-4 3.77555647606023E-4
8.793115689116956E-4 4.2122852553063447E-4
8.830475831246123E-4 4.811133445308323E-4
8.997293841038904E-4 5.391363303317974E-4
9.770668394185687E-4 5.798687360033796E-4
0.0010012706399144555 5.935909281094015E-4
0.0012978891711169852 6.58014152943568E-4
0.0017305741041793667 7.231284764531613E-4
0.0017305741041793667 7.432601620794685E-4
0.0017305741041793667 8.144331647369021E-4
0.0017305741041793667 9.65424913201676E-4
0.0018497990682678385 0.0012042809953196438
0.0025420789636209904 0.001396450891966067
0.0025420789636209904 0.0014658506374023907
0.003296528144686482 0.0015137305629957115
0.0034415122457855077 0.0016995167049119067
0.0034415122457855077 0.0018137700541551447
0.003674065611043642 0.0020129362767130348
0.004239640083777796 0.0021535606723483945
0.004239640083777796 0.0025844849604739284
0.004239640083777796 0.0026288084828345348
0.004478669625850511 0.002976610315736463
0.005220131358950217 0.0031341989337170476
0.005220131358950217 0.003210105711548117
0.005220131358950217 0.0032308314133317785
0.005220131358950217 0.0032072443988995425
0.005220131358950217 0.003537814866788669
0.00548926024742132 0.003619336565948414
0.00548926024742132 0.003537322754076771
0.00548926024742132 0.00386513875005802
0.00548926024742132 0.0038571824519478713
0.00548926024742132 0.004018453231640907
0.00548926024742132 0.004156810301099301
0.00548926024742132 0.004156916761804843
0.00548926024742132 0.004315979203656468
0.00548926024742132 0.004183171178640137
0.00548926024742132 0.004410813940260959
0.00548926024742132 0.004671195887849966
0.00548926024742132 0.004754770310427105
0.00548926024742132 0.0045316721977542804
0.00548926024742132 0.004684139838006683
0.00548926024742132 0.004458281686246807
0.00548926024742132 0.0044447363166224526
0.00548926024742132 0.0045289590009663155
0.00548926024742132 0.004618645483361544
0.00548926024742132 0.004853651766904325
0.00548926024742132 0.005058168528771577
0.00548926024742132 0.0048650421330493
0.006629805922565063 0.004666554001358407
0.006629805922565063 0.004730890489629196
0.006629805922565063 0.004863429075210666
0.006629805922565063 0.004938756006974696
0.006629805922565063 0.005037584956127657
0.006629805922565063 0.0051386283971587435
0.006629805922565063 0.0054919486883252796
0.006629805922565063 0.005673637703058726
0.006629805922565063 0.0055568360041093525
0.006629805922565063 0.005897145233308884
0.006629805922565063 0.0058661044333516675
0.006629805922565063 0.00588804818441474
0.006629805922565063 0.005604952489767948
0.006629805922565063 0.0057905103481734645
0.006629805922565063 0.005447828181260649
0.006629805922565063 0.005571408674548629
0.006629805922565063 0.0060623300462624395
0.006629805922565063 0.005777321862951533
0.006629805922565063 0.005915054275693908
0.006629805922565063 0.005928828866599416
0.006629805922565063 0.005771542943493742
0.006629805922565063 0.0059957505484462235
0.006629805922565063 0.0057496223722269734
0.006629805922565063 0.005907966685797124
0.006629805922565063 0.005776639672716143
0.006629805922565063 0.006002275562537801
0.006629805922565063 0.00576530645278275
0.006760358467145675 0.005589134574228752
0.006760358467145675 0.005484251092132814
0.006760358467145675 0.005838692535616669
0.006760358467145675 0.005682676146534548
0.006760358467145675 0.0056596978200788624
0.006760358467145675 0.005808656086066803
0.006760358467145675 0.005614919027795905
0.006760358467145675 0.005899122606742374
0.006760358467145675 0.005845910432560205
0.006760358467145675 0.0056634210624138094
0.006760358467145675 0.005584020260208909
0.006760358467145675 0.00589327229607012
0.006760358467145675 0.005750523630123797
0.006760358467145675 0.005683081753783178
0.008887494307839453 0.005822335739879218
0.008887494307839453 0.005770958537646932
0.008887494307839453 0.00573560661150661
0.008887494307839453 0.005797012491407362
0.008887494307839453 0.0063340426714698665
0.008887494307839453 0.006886571033729976
0.008887494307839453 0.007317703878461808
0.008887494307839453 0.007796629225537274
0.008887494307839453 0.008066108856378526
0.008887494307839453 0.007993812690302917
0.008887494307839453 0.008062003396942378
0.008887494307839453 0.007687422625428477
0.008887494307839453 0.007708152628780985
0.008887494307839453 0.00826412522412627
0.008887494307839453 0.007944197576923143
0.008887494307839453 0.008117292336067738
0.008887494307839453 0.00807814802678462
0.008887494307839453 0.008164973359580158
0.008887494307839453 0.0074885977390307034
0.008887494307839453 0.007787648217371787
0.008887494307839453 0.007965133251725532
0.008887494307839453 0.007910181903281062
0.008887494307839453 0.008486054541810804
0.008887494307839453 0.007988464814736211
0.008887494307839453 0.008096305278656879
0.008887494307839453 0.008133866753902173
0.008887494307839453 0.007304052333215329
0.008887494307839453 0.007929807499586357
0.008887494307839453 0.007896853906016446
0.008887494307839453 0.007800145235847371
0.008887494307839453 0.00801089119601287
0.008887494307839453 0.007821430154235478
0.008887494307839453 0.008200103881616978
0.008887494307839453 0.008324663391497383
0.008887494307839453 0.007891289259975516
0.008887494307839453 0.0077130989244887475
0.008887494307839453 0.0076886783067339984
0.008887494307839453 0.008154266768397388
0.008887494307839453 0.007986994425385766
0.008887494307839453 0.008109567923714214
0.008887494307839453 0.0077509270970324414
0.008887494307839453 0.008220440489109386
0.008887494307839453 0.008397698431978707
0.008887494307839453 0.008100976074517117
0.008887494307839453 0.007696282142712336
0.008887494307839453 0.007553824604149238
0.008887494307839453 0.007752239437865561
0.008887494307839453 0.007771688096886255
0.008887494307839453 0.007937662551635723
0.008887494307839453 0.007744552778900721
0.008887494307839453 0.008016173297778139
0.008887494307839453 0.008039903324645728
0.008887494307839453 0.008107880137144627
0.008887494307839453 0.008103106701199675
0.008887494307839453 0.007944563076662622
0.008887494307839453 0.00787772817769779
0.008887494307839453 0.007873835434095772
0.008887494307839453 0.008153744100077224
0.008887494307839453 0.007786691231152256
0.008887494307839453 0.007629119088800861
0.008887494307839453 0.008238513796590184
0.008887494307839453 0.00810145775172556
0.008887494307839453 0.008206318934995712
0.008887494307839453 0.008048777953147526
0.008887494307839453 0.007927228521041135
0.008887494307839453 0.0075623494755081766
0.008887494307839453 0.007823990956200812
0.008887494307839453 0.007667456236629697
0.008887494307839453 0.008228539900848928
0.008887494307839453 0.008360667159986833
0.008887494307839453 0.00798090990660888
0.008887494307839453 0.008056811850396466
0.008887494307839453 0.007923591564841799
0.008887494307839453 0.00791726329790163
0.008887494307839453 0.008054334367826791
0.008887494307839453 0.00812125372293807
0.008887494307839453 0.00803588971911423
0.008887494307839453 0.008056105304792657
0.008887494307839453 0.008375843303450812
0.008887494307839453 0.008115313453934991
0.008887494307839453 0.008036108695102379
0.008887494307839453 0.008138731926526348
0.008887494307839453 0.008184155551878753
0.008887494307839453 0.008139132148745051
0.008887494307839453 0.007895873522446962
0.008887494307839453 0.007271143424824545
0.008887494307839453 0.007892199128833328
0.008887494307839453 0.008074140627691895
0.008887494307839453 0.0076561894784153775
0.008887494307839453 0.007792139211342419
0.008887494307839453 0.008020713762754882
0.008887494307839453 0.007845191932606306
0.008887494307839453 0.008157192239330573
0.008887494307839453 0.008289181979892967
0.008887494307839453 0.007635929876179459
0.008887494307839453 0.008293458051113917
0.008887494307839453 0.008061909423127643
0.008887494307839453 0.007562249030280852
0.008887494307839453 0.007656701989924247
0.008887494307839453 0.007979147834110302
0.008887494307839453 0.007939931767926438
0.008887494307839453 0.008264939690192265
0.008887494307839453 0.007945258770429878
0.008887494307839453 0.008310609921253086
0.008887494307839453 0.008150785010472627
0.008887494307839453 0.008010185791811187
0.008887494307839453 0.007976012296344821
0.008887494307839453 0.007721928319518607
0.008887494307839453 0.007881056862362257
0.008887494307839453 0.007922026637384604
