4708.0 11110.565
3752.0 9781.505
3752.0 8824.46
3223.0 7465.455
2992.0 6651.775
2746.0 5767.3
2006.0 5425.82
2006.0 4896.155
1849.0 4222.07
1979.0 3938.9
1644.0 3569.065
1427.0 3308.875
1427.0 3042.625
1427.0 2988.105
1427.0 2632.235
1427.0 2385.22
1427.0 2331.0
1147.0 2152.99
760.0 1933.295
760.0 1996.535
760.0 1809.95
760.0 1871.715
760.0 1799.405
760.0 1754.51
760.0 1734.73
590.0 1419.365
590.0 1470.96
590.0 1408.87
590.0 1353.315
590.0 1216.81
590.0 1267.54
590.0 1109.89
590.0 1171.805
590.0 1128.68
590.0 1286.9
590.0 1246.47
590.0 1187.945
590.0 1023.775
590.0 991.25
590.0 1016.555
590.0 1036.22
590.0 1014.965
590.0 935.245
590.0 972.83
590.0 896.665
590.0 1071.81
590.0 948.435
477.0 1026.18
477.0 952.515
477.0 996.76
477.0 982.305
477.0 1011.48
477.0 1086.43
477.0 1068.975
477.0 845.16
477.0 1156.455
477.0 1078.035
477.0 913.87
477.0 864.395
477.0 909.605
477.0 1011.66
477.0 955.565
477.0 909.73
477.0 991.145
477.0 801.48
477.0 874.24
477.0 856.76
477.0 799.275
477.0 940.605
477.0 859.845
477.0 969.82
477.0 793.8
454.0 921.75
454.0 860.24
454.0 1010.865
454.0 919.645
454.0 899.825
454.0 881.005
390.0 716.66
390.0 726.28
390.0 708.63
390.0 717.43
390.0 769.875
390.0 852.83
390.0 729.875
350.0 833.59
350.0 724.935
350.0 652.735
350.0 686.045
350.0 690.855
350.0 677.975
350.0 571.88
350.0 681.02
350.0 639.65
350.0 659.4
349.0 668.97
349.0 672.635
349.0 754.04
349.0 547.85
349.0 601.82
349.0 565.275
349.0 658.435
349.0 721.1
349.0 672.47
349.0 582.785
349.0 655.99
349.0 781.26
349.0 740.375
349.0 633.11
349.0 596.69
349.0 590.63
349.0 620.515
349.0 737.34
349.0 567.96
349.0 529.34
349.0 552.38
349.0 591.205
349.0 684.83
349.0 555.99
349.0 745.96
349.0 609.665
349.0 621.625
349.0 787.735
349.0 704.07
349.0 670.64
349.0 775.285
349.0 595.62
349.0 769.31
349.0 655.115
342.0 659.935
342.0 603.625
342.0 518.91
342.0 669.67
342.0 637.525
342.0 526.78
342.0 600.19
342.0 649.455
342.0 622.195
342.0 589.785
342.0 702.945
342.0 593.775
342.0 621.665
342.0 602.215
342.0 638.275
342.0 659.915
342.0 613.21
342.0 560.065
342.0 674.155
342.0 609.73
342.0 608.995
342.0 578.36
342.0 638.99
342.0 726.43
342.0 614.53
342.0 589.42
342.0 572.485
342.0 676.71
342.0 691.395
342.0 579.28
342.0 681.54
342.0 676.995
342.0 552.92
342.0 586.17
342.0 536.505
342.0 697.78
342.0 656.02
342.0 652.82
342.0 670.79
342.0 662.695
342.0 740.42
342.0 733.15
342.0 638.36
342.0 716.36
342.0 685.075
342.0 602.37
342.0 591.72
342.0 664.21
342.0 696.53
342.0 615.645
342.0 606.32
342.0 533.33
342.0 644.74
342.0 612.205
342.0 602.04
342.0 709.1
342.0 613.71
342.0 584.825
342.0 598.915
342.0 588.645
342.0 630.695
342.0 652.445
342.0 603.3
342.0 545.98
342.0 666.15
342.0 692.65
342.0 672.77
342.0 598.455
342.0 847.53
342.0 837.755
342.0 801.505
