4655.0 11175.215
3332.0 9274.185
4038.0 8282.44
4038.0 7536.12
3371.0 7193.58
2976.0 5808.155
2263.0 5130.515
1443.0 4315.89
1443.0 3927.205
1443.0 3745.365
1128.0 3277.135
680.0 2970.26
680.0 2645.855
680.0 2211.705
680.0 1980.945
680.0 1395.49
680.0 1125.915
510.0 1105.825
452.0 1118.96
452.0 1058.5
452.0 1045.4
452.0 1152.425
452.0 1297.21
452.0 893.7
452.0 954.07
452.0 880.205
452.0 819.53
452.0 775.72
452.0 788.81
452.0 773.08
452.0 755.21
452.0 677.785
452.0 762.975
452.0 752.57
452.0 731.095
452.0 713.11
452.0 688.98
452.0 689.57
452.0 795.55
452.0 704.22
452.0 821.975
452.0 732.7
452.0 659.465
452.0 729.78
452.0 735.825
452.0 676.145
450.0 663.01
450.0 765.79
450.0 787.785
450.0 782.255
450.0 759.57
450.0 629.315
450.0 753.25
450.0 667.83
450.0 760.815
450.0 728.985
450.0 615.285
450.0 730.91
450.0 786.08
450.0 694.485
450.0 746.855
450.0 929.78
450.0 724.57
450.0 700.215
450.0 716.795
450.0 820.32
450.0 741.765
450.0 730.59
416.0 721.6
416.0 717.365
416.0 775.04
416.0 759.315
414.0 680.815
414.0 669.095
414.0 731.74
414.0 642.97
414.0 764.605
414.0 735.035
414.0 707.36
414.0 702.38
414.0 740.74
414.0 677.065
414.0 776.225
414.0 781.57
414.0 662.255
414.0 689.7
414.0 768.89
414.0 694.73
414.0 611.475
414.0 725.605
414.0 591.01
414.0 729.815
414.0 744.57
414.0 658.68
414.0 695.58
414.0 619.665
414.0 820.17
414.0 624.65
414.0 603.215
414.0 737.14
414.0 759.215
414.0 772.835
414.0 654.795
414.0 814.315
321.0 631.375
321.0 722.71
321.0 866.225
321.0 755.465
321.0 696.42
321.0 667.615
321.0 719.885
321.0 639.535
321.0 669.435
321.0 529.53
321.0 808.56
321.0 550.5
321.0 617.44
321.0 596.11
321.0 632.455
321.0 584.735
321.0 591.775
321.0 721.255
321.0 558.06
321.0 579.11
321.0 467.055
321.0 593.3
321.0 642.245
321.0 675.03
321.0 600.98
321.0 547.915
321.0 556.055
321.0 635.735
321.0 548.28
321.0 591.99
321.0 568.165
321.0 526.135
321.0 575.725
321.0 635.145
321.0 546.275
321.0 583.645
321.0 467.28
321.0 628.84
321.0 607.79
321.0 445.325
321.0 627.145
321.0 606.9
321.0 608.06
321.0 617.245
321.0 535.85
321.0 494.095
321.0 519.685
321.0 726.325
321.0 573.46
321.0 627.95
321.0 786.6
321.0 521.35
321.0 547.52
321.0 589.985
321.0 585.89
321.0 470.945
321.0 576.865
321.0 556.1
321.0 547.685
321.0 578.755
321.0 480.85
321.0 576.805
321.0 674.935
321.0 662.405
321.0 690.725
321.0 570.92
321.0 504.32
321.0 655.985
321.0 597.52
321.0 693.0
321.0 600.195
321.0 513.98
321.0 475.205
321.0 521.06
321.0 616.505
321.0 494.38
321.0 636.08
321.0 543.73
321.0 571.165
321.0 531.765
321.0 573.755
321.0 629.855
321.0 637.245
321.0 574.71
321.0 576.87
321.0 465.19
321.0 568.84
321.0 589.645
321.0 542.94
321.0 575.215
321.0 536.805
321.0 724.75
321.0 573.98
321.0 495.785
321.0 623.81
321.0 655.43
