8.342126165467284E-4 3.100089093699334E-4
8.342126165467284E-4 3.4522306479413905E-4
8.944619365517668E-4 4.038037591732934E-4
0.0011117646364836213 4.67542605155535E-4
0.0011117646364836213 5.207587272269819E-4
0.0012445589537796993 6.609259601105013E-4
0.0015327027040595818 7.638681718766552E-4
0.001962559964039633 9.001349965645556E-4
0.001962559964039633 0.0010440545800780826
0.0020984624742110035 0.001181940752737671
0.0026644223919207624 0.0012806849753063993
0.0026644223919207624 0.0013426557269680451
0.0026644223919207624 0.0013617009319200853
0.0029106576227003007 0.0015436757756771306
0.002931001548384045 0.0015881815421192897
0.002931001548384045 0.001629784890449863
0.002931001548384045 0.0015920968879258946
0.002931001548384045 0.0017090646869871854
0.002931001548384045 0.001825737951979556
0.002931001548384045 0.001830841693140045
0.003260846449658139 0.00180609037535768
0.003260846449658139 0.0019015647775983688
0.0038421836201417174 0.0020510373439869955
0.0038421836201417174 0.0020590059154757217
0.004231981055784221 0.002163168377766983
0.004231981055784221 0.0022845403526526964
0.004231981055784221 0.002453754115847
0.004231981055784221 0.0026088027365594657
0.004353214937192384 0.0026705157927929017
0.00516840537779971 0.002762854825323434
0.00516840537779971 0.0033045059463005133
0.00516840537779971 0.0036353376311952013
0.00516840537779971 0.0037344086680244455
0.00516840537779971 0.0035925800465158066
0.00516840537779971 0.0036770190123770075
0.005255222015324575 0.0038979637048685645
0.005255222015324575 0.003692308357722995
0.005255222015324575 0.004195496896412307
0.005255222015324575 0.004049331809708422
0.005577229516702117 0.0042373475933094994
0.005577229516702117 0.004332997647991214
0.005577229516702117 0.003805739479172762
0.005577229516702117 0.0041543941427524475
0.005577229516702117 0.004007392864922032
0.005577229516702117 0.004388243426149849
0.005577229516702117 0.004138805220483385
0.005577229516702117 0.004406843371053954
0.005577229516702117 0.004510917751187856
0.005577229516702117 0.004677730368786638
0.005577229516702117 0.004637360843251529
0.005577229516702117 0.004868599668593133
0.005577229516702117 0.005086472167736483
0.005577229516702117 0.004778808696050019
0.005577229516702117 0.00471557771693198
0.005577229516702117 0.004881089154223109
0.005577229516702117 0.005030272034740895
0.005577229516702117 0.00468398147230403
0.005577229516702117 0.004723511564890038
0.005577229516702117 0.004768642076103995
0.005577229516702117 0.004666110301354191
0.005577229516702117 0.004561234264188497
0.005577229516702117 0.004601885184441094
0.005577229516702117 0.004680335381388102
0.006679742070747579 0.0048691034357786185
0.006679742070747579 0.004792708916417824
0.006679742070747579 0.004557997214079308
0.006679742070747579 0.004895493196079267
0.006679742070747579 0.005253284808892335
0.006679742070747579 0.005301685199246047
0.006679742070747579 0.005717368257972989
0.006679742070747579 0.0058252000587759424
0.006679742070747579 0.005702534547073737
0.006679742070747579 0.00559397958153131
0.00918139847756438 0.005833898569754661
0.00918139847756438 0.006207055583143868
0.00918139847756438 0.006067884107070246
0.00918139847756438 0.005971469867204503
0.00918139847756438 0.006195617857843572
0.00918139847756438 0.0071690317693472805
0.00918139847756438 0.007362895935219152
0.00918139847756438 0.007252095430646137
0.00918139847756438 0.007244154419974292
0.00918139847756438 0.007696911601859491
0.00918139847756438 0.008150845444385605
0.00918139847756438 0.008223759956410368
0.00918139847756438 0.00785578571822197
0.00918139847756438 0.008542902898471103
0.00918139847756438 0.008213328935460328
0.00918139847756438 0.00824321753113567
0.00918139847756438 0.008151499383657449
0.00918139847756438 0.00836388450581003
0.00918139847756438 0.008180198590372976
0.00918139847756438 0.008149577505681575
0.00918139847756438 0.008225439507661919
0.00918139847756438 0.008207004420153338
0.00918139847756438 0.008407033551148732
0.00918139847756438 0.00811773417947284
0.00918139847756438 0.008310607984142852
0.00918139847756438 0.008316283351633688
0.00918139847756438 0.008179128926215964
0.00918139847756438 0.008056829324090275
0.00918139847756438 0.008343624073105512
0.00918139847756438 0.008278438050418061
0.00918139847756438 0.008033357577840891
0.00918139847756438 0.008046973263441743
0.00918139847756438 0.007641216090690346
0.00918139847756438 0.008051780013890482
0.00918139847756438 0.008457930102311275
0.00918139847756438 0.008159991191636764
0.00918139847756438 0.008125130454862971
0.00918139847756438 0.008600899664982797
0.00918139847756438 0.008550302510174851
0.00918139847756438 0.008483546565289357
0.00918139847756438 0.008104773528656201
0.00918139847756438 0.007899821049349838
0.00918139847756438 0.008159894648360056
0.00918139847756438 0.008174844054294866
0.00918139847756438 0.008354986553838113
0.00918139847756438 0.008196563057754085
0.00918139847756438 0.008572364444859735
0.00918139847756438 0.008424301471660574
0.00918139847756438 0.008353089427324274
0.00918139847756438 0.008712972086455427
0.00918139847756438 0.007986053343409816
0.00918139847756438 0.008406092492321333
0.00918139847756438 0.008303502449637516
0.00918139847756438 0.008192552037800139
0.00918139847756438 0.008379441592831681
0.00918139847756438 0.008231878412783002
0.00918139847756438 0.008323208153906194
0.00918139847756438 0.008254621092551524
0.00918139847756438 0.0083761009234512
0.00918139847756438 0.008036443361332302
0.00918139847756438 0.007938127604275338
0.00918139847756438 0.008260228921483127
0.00918139847756438 0.00821688742341926
0.00918139847756438 0.008283610970077722
0.00918139847756438 0.008551291198577993
0.00918139847756438 0.008359874044258309
0.00918139847756438 0.008243554495091534
0.00918139847756438 0.008232286088406354
0.00918139847756438 0.008770154717159875
0.00918139847756438 0.008076583563516822
0.00918139847756438 0.00859725669479535
0.00918139847756438 0.008279051332596259
0.00918139847756438 0.008079551721608964
0.00918139847756438 0.008315422306546048
0.00918139847756438 0.008298023461219764
0.00918139847756438 0.008205721952957096
0.00918139847756438 0.00801489040314903
0.00918139847756438 0.008589831398720344
0.00918139847756438 0.008163826030182515
0.00918139847756438 0.008274740239417017
0.00918139847756438 0.008212315764404182
0.00918139847756438 0.008252797007102625
0.00918139847756438 0.008314330958280587
0.00918139847756438 0.008382513457930084
0.00918139847756438 0.00823352968596675
0.00918139847756438 0.008493681805408873
0.00918139847756438 0.008330145864760533
0.00918139847756438 0.008322748455145577
0.00918139847756438 0.008368902553247314
0.00918139847756438 0.008025313508366107
0.00918139847756438 0.008319691256220965
0.00918139847756438 0.008522139009385192
0.00918139847756438 0.008685513041337455
0.00918139847756438 0.008301067549226061
0.00918139847756438 0.008369085430932009
0.00918139847756438 0.008195559042707135
0.00918139847756438 0.008423449592374782
0.00918139847756438 0.00817854584682737
0.00918139847756438 0.008234409215299658
0.00918139847756438 0.00830672441025545
0.00918139847756438 0.00808477296146022
0.00918139847756438 0.00811802750659204
0.00918139847756438 0.008099489960871308
0.00918139847756438 0.008148888576634164
0.00918139847756438 0.00821887514111365
0.00918139847756438 0.00814395112254472
0.00918139847756438 0.008160882062019576
0.00918139847756438 0.008348180053233787
0.00918139847756438 0.00806179025326956
0.00918139847756438 0.008203737631922767
0.00918139847756438 0.008423923246873698
0.00918139847756438 0.008124500441089188
0.00918139847756438 0.00846476124542522
0.00918139847756438 0.008410137450357954
0.00918139847756438 0.00808001942723537
0.00918139847756438 0.008404305367020526
0.00918139847756438 0.008382024705793113
0.00918139847756438 0.008262517088338339
0.00918139847756438 0.008538781706438807
0.00918139847756438 0.008296892311878346
0.00918139847756438 0.008508333437360347
0.00918139847756438 0.00820027945355248
0.00918139847756438 0.008245259814696548
0.00918139847756438 0.008145852577420606
0.00918139847756438 0.008242661349874818
0.00918139847756438 0.008025139800832533
0.00918139847756438 0.007988913716349034
