3818.0 10880.045
3628.0 8924.64
3980.0 7751.83
3347.0 6762.71
3151.0 6577.545
2918.0 6403.005
2550.0 5380.86
2478.0 5096.585
2478.0 4715.07
1684.0 4651.095
1684.0 4630.375
1684.0 5070.595
1684.0 4011.775
1096.0 3363.665
1096.0 2467.995
1096.0 2125.475
1096.0 2120.12
1007.0 2052.89
1007.0 2171.74
859.0 2046.985
859.0 1919.26
658.0 1966.655
658.0 2019.11
658.0 1800.255
658.0 1718.36
658.0 1469.06
658.0 1389.31
644.0 1132.66
658.0 1016.425
537.0 1093.78
537.0 955.66
537.0 1090.985
537.0 940.565
537.0 947.525
537.0 1023.66
537.0 925.81
478.0 877.45
478.0 834.53
426.0 870.87
426.0 893.95
426.0 814.195
426.0 808.03
426.0 745.415
426.0 691.17
426.0 710.91
426.0 716.5
426.0 869.555
426.0 685.965
426.0 736.15
426.0 704.68
426.0 648.81
426.0 712.91
426.0 751.165
426.0 809.195
426.0 591.875
426.0 764.585
426.0 713.15
426.0 595.905
426.0 672.58
426.0 642.695
426.0 720.205
426.0 632.445
426.0 698.515
426.0 610.0
426.0 690.265
426.0 648.525
426.0 742.07
426.0 794.57
426.0 640.195
426.0 667.295
286.0 617.34
286.0 648.56
286.0 755.62
286.0 591.87
286.0 700.575
286.0 720.33
286.0 680.03
286.0 713.885
286.0 572.14
286.0 763.13
286.0 683.015
286.0 645.14
286.0 772.44
286.0 605.61
286.0 497.53
286.0 483.49
286.0 508.5
286.0 516.865
286.0 539.61
286.0 593.745
286.0 504.095
286.0 530.805
286.0 544.91
286.0 496.03
286.0 536.37
286.0 513.485
286.0 509.64
286.0 471.85
286.0 551.905
286.0 530.76
286.0 617.08
286.0 477.425
286.0 560.39
286.0 498.505
286.0 622.935
286.0 490.335
286.0 597.605
286.0 527.49
286.0 560.775
286.0 535.915
286.0 452.695
286.0 539.155
286.0 479.55
286.0 569.905
286.0 512.6
286.0 519.93
286.0 506.985
286.0 573.69
286.0 499.75
286.0 513.945
286.0 508.735
286.0 633.28
286.0 438.435
286.0 426.595
286.0 414.655
286.0 508.79
286.0 561.915
286.0 532.995
286.0 488.21
286.0 491.9
286.0 505.08
286.0 453.755
286.0 496.835
286.0 437.68
286.0 466.93
286.0 492.315
286.0 463.22
286.0 556.915
286.0 551.295
286.0 438.165
286.0 485.075
286.0 515.705
286.0 548.995
286.0 484.785
286.0 443.25
286.0 532.96
286.0 428.24
286.0 516.785
286.0 472.725
286.0 435.335
286.0 508.98
286.0 458.13
286.0 565.31
286.0 468.345
286.0 425.27
286.0 495.49
286.0 445.035
286.0 466.7
286.0 486.385
286.0 458.21
286.0 441.635
286.0 504.345
286.0 446.09
286.0 466.97
286.0 542.4
286.0 414.095
286.0 437.23
286.0 523.445
286.0 593.835
286.0 513.36
286.0 458.5
286.0 566.58
286.0 539.5
286.0 545.56
286.0 619.805
286.0 615.54
286.0 461.1
286.0 523.29
286.0 572.19
286.0 526.58
286.0 572.245
286.0 504.24
286.0 541.005
286.0 485.06
286.0 499.135
286.0 434.085
286.0 499.63
286.0 496.015
286.0 505.93
286.0 493.17
286.0 515.8
286.0 486.5
286.0 520.315
286.0 514.49
286.0 526.875
286.0 527.845
286.0 513.245
286.0 646.205
286.0 534.81
286.0 519.265
