5.066251534258701E-4 3.0138965023958244E-4
8.87365980914577E-4 3.5211429633245445E-4
9.125092078663668E-4 4.1034340251905555E-4
9.125092078663668E-4 4.5868162180870225E-4
0.001184408361180687 5.50093159559351E-4
0.0014125947147080337 6.520884779004993E-4
0.0014125947147080337 7.94290259188547E-4
0.0014125947147080337 9.270616126646397E-4
0.0015823775253270354 0.001077175607715812
0.0022485912772301983 0.0011218923926506917
0.0022839769280962353 0.001180578489087609
0.0022839769280962353 0.001198529459176875
0.0024759842213841437 0.0012570769269610851
0.0024759842213841437 0.0012950786142862884
0.0028868502489934533 0.0013817356799257028
0.0034191681095535388 0.0014943708894976523
0.0034191681095535388 0.0016449622184643428
0.0034191681095535388 0.001821810079759327
0.0034191681095535388 0.0020480259848103706
0.0034191681095535388 0.002330744604172442
0.004906954861533846 0.002589845191312051
0.004906954861533846 0.0026198664933501227
0.004906954861533846 0.0029249678004457202
0.004906954861533846 0.002942746448509845
0.004906954861533846 0.003447409072225011
0.004964669695253644 0.003919990384281324
0.004964669695253644 0.003908450282851172
0.004964669695253644 0.003961388287051307
0.006315495573803495 0.003891557635702184
0.006315495573803495 0.00421620689395596
0.006315495573803495 0.00441971769466824
0.006315495573803495 0.004618037862005742
0.006315495573803495 0.005077810328828551
0.006315495573803495 0.0053428028961248
0.006315495573803495 0.005414837778131497
0.006315495573803495 0.005377355403914241
0.006315495573803495 0.005640578026596119
0.006315495573803495 0.005788943987726194
0.006315495573803495 0.005440872726751489
0.006315495573803495 0.005520057757633256
0.006315495573803495 0.00543010942593014
0.006315495573803495 0.00541938678191527
0.006315495573803495 0.005426867973717366
0.006315495573803495 0.005549128882681632
0.006315495573803495 0.0052500782527728825
0.006315495573803495 0.005402968173006859
0.006315495573803495 0.0056048558278506385
0.006315495573803495 0.0056852175490977545
0.006315495573803495 0.005483984307687598
0.006315495573803495 0.005736799130614979
0.006315495573803495 0.0055162551055075535
0.006315495573803495 0.005525714672032194
0.006315495573803495 0.0053684124031546055
0.006315495573803495 0.005352838758762667
0.006315495573803495 0.00548638515123921
0.006315495573803495 0.005602890317096745
0.006315495573803495 0.0053984407374317745
0.006315495573803495 0.005665344934107609
0.006315495573803495 0.005753669354648136
0.006315495573803495 0.005372661818054831
0.006315495573803495 0.00553810294665742
0.006315495573803495 0.005423869330056449
0.006315495573803495 0.0053046829276501214
0.006315495573803495 0.005461048719226592
0.006315495573803495 0.005563676503992091
0.006315495573803495 0.005432494950022659
0.006315495573803495 0.005482319521980462
0.006315495573803495 0.005638999805560796
0.006315495573803495 0.0055530767633463875
0.006315495573803495 0.005383909348939668
0.006315495573803495 0.005154825717493931
0.006315495573803495 0.005399140136969246
0.006315495573803495 0.0054874984557936445
0.006315495573803495 0.005427471748313714
0.006315495573803495 0.0054310715051998255
0.006315495573803495 0.005337540667762025
0.006315495573803495 0.005492214360737724
0.006315495573803495 0.005108571462046083
0.006315495573803495 0.005447834601813651
0.006315495573803495 0.005424125287686213
0.006315495573803495 0.0055901917317779035
0.006315495573803495 0.005749348342726462
0.006315495573803495 0.005402330231659463
0.006315495573803495 0.005551574542099342
0.006315495573803495 0.005571616987380672
0.006315495573803495 0.005214500643139494
0.006315495573803495 0.0057726241059861405
0.006315495573803495 0.005360143937909201
0.006315495573803495 0.005480391560802971
0.006315495573803495 0.005441138321229361
0.006315495573803495 0.005389815844836323
0.006315495573803495 0.005212881867380003
0.006315495573803495 0.00557342823187906
0.006315495573803495 0.005404982937550798
0.006315495573803495 0.00560098274702089
0.006315495573803495 0.005363713746966394
0.006315495573803495 0.00554323690391461
0.006315495573803495 0.005453074346228299
0.006315495573803495 0.0055933510766210445
0.006315495573803495 0.00552949734870827
0.006315495573803495 0.005634738692419639
0.006315495573803495 0.0055223735512135
0.006315495573803495 0.005788646286052619
0.006315495573803495 0.005627328318581316
0.006315495573803495 0.005381237603704691
0.006315495573803495 0.005656606523991434
0.006355504303022657 0.0054852272493671065
0.006355504303022657 0.005452422012547935
0.006355504303022657 0.005558601091893116
0.006355504303022657 0.005421289142441565
0.006355504303022657 0.005404089118635512
0.006355504303022657 0.005481203231251503
0.006355504303022657 0.0054029599630854444
0.006355504303022657 0.005293056523050133
0.006355504303022657 0.005139086214549795
0.006355504303022657 0.005408614519029108
0.008947692570788594 0.005347496750001791
0.008947692570788594 0.005645949589773746
0.008947692570788594 0.006532604134505283
0.008947692570788594 0.007272597297740748
0.008947692570788594 0.0077704659963818146
0.008947692570788594 0.008104872573146727
0.008947692570788594 0.008182860909614313
0.008947692570788594 0.00813558881236742
0.008947692570788594 0.007854785707943256
0.008947692570788594 0.007735019643505793
0.008947692570788594 0.008293766525311228
0.008947692570788594 0.008135206434585807
0.008947692570788594 0.008076946889150699
0.008947692570788594 0.0077657559938973915
0.008947692570788594 0.008082274014024766
0.008947692570788594 0.008536719768141125
0.008947692570788594 0.008141141072490154
0.008947692570788594 0.0076038444411213515
0.008947692570788594 0.008319682339745721
0.008947692570788594 0.007871276061507951
0.008947692570788594 0.008004977531605945
0.008947692570788594 0.008119511626764537
0.008947692570788594 0.008032885389406962
0.008947692570788594 0.008194427837641856
0.008947692570788594 0.008120205202647187
0.008947692570788594 0.00812374255990903
0.008947692570788594 0.007612170778655507
0.008947692570788594 0.007829210181983723
0.008947692570788594 0.007598814740379462
0.008947692570788594 0.008404315453560952
0.008947692570788594 0.007766415199616988
0.008947692570788594 0.007868071321152616
0.008947692570788594 0.007996480433212187
0.008947692570788594 0.007980537868847486
0.008947692570788594 0.008255495124612964
0.008947692570788594 0.007757955173498702
0.008947692570788594 0.008110716200519268
0.008947692570788594 0.007824155123212894
0.008947692570788594 0.007887776643959003
0.008947692570788594 0.007934993541480416
0.008947692570788594 0.007817685026563692
0.008947692570788594 0.007771311413522315
0.008947692570788594 0.007875000461217259
0.008947692570788594 0.007991442445791967
0.008947692570788594 0.00824156596719938
0.008947692570788594 0.008285456352817681
0.008947692570788594 0.008044756801981641
0.008947692570788594 0.008114141691418709
0.008947692570788594 0.008307187955061359
0.008947692570788594 0.00801806865254381
0.008947692570788594 0.007871398002992106
0.008947692570788594 0.007951196358463936
0.008947692570788594 0.007917162917350364
0.008947692570788594 0.008090213608269616
0.008947692570788594 0.007700172890922081
0.008947692570788594 0.008417784613359772
0.008947692570788594 0.008118209506789278
0.008947692570788594 0.008042843681888082
0.008947692570788594 0.007852719401158998
0.008947692570788594 0.007751533455652513
0.008947692570788594 0.00820895180962484
0.008947692570788594 0.007901521956695851
0.008947692570788594 0.008232416259691023
0.008947692570788594 0.008057813963292602
0.008947692570788594 0.007921642453429087
0.008947692570788594 0.008145219846241267
0.008947692570788594 0.00841755697641611
0.008947692570788594 0.00789449181425611
0.008947692570788594 0.008012222284983805
0.008947692570788594 0.008225048872549918
0.008947692570788594 0.008110397219823894
0.008947692570788594 0.007989336132087669
0.008947692570788594 0.00792666835041675
0.008947692570788594 0.008161650902884373
0.008947692570788594 0.008234474701912924
0.008947692570788594 0.007925381094893783
0.008947692570788594 0.008198846192123658
0.008947692570788594 0.008262067932825105
0.008947692570788594 0.008058993712987121
0.008947692570788594 0.008200508587428212
0.008947692570788594 0.0076586332879318856
0.008947692570788594 0.008178471976160957
0.008947692570788594 0.008185225821322467
0.008947692570788594 0.00782103199174706
