4610.0 11366.33
6243.0 9862.29
3997.0 9177.985
3697.0 9035.43
2876.0 7979.525
2876.0 6917.23
2809.0 6779.27
2280.0 5552.955
2064.0 4527.3
2064.0 4244.845
1996.0 3837.48
1996.0 3524.18
1363.0 3313.41
1363.0 3115.08
1363.0 2656.345
1346.0 2475.995
821.0 2358.915
821.0 2235.675
821.0 2102.98
821.0 1815.225
533.0 1658.815
533.0 1505.165
533.0 1544.39
464.0 1387.165
464.0 1154.7
464.0 1177.545
396.0 916.86
396.0 869.72
396.0 861.91
396.0 742.88
396.0 807.26
396.0 731.455
396.0 797.06
396.0 799.545
396.0 790.95
396.0 649.44
396.0 811.025
396.0 698.66
396.0 585.955
396.0 724.93
396.0 686.175
396.0 772.34
396.0 714.85
396.0 768.81
396.0 588.085
396.0 708.98
396.0 671.215
396.0 734.0
396.0 606.215
396.0 754.36
396.0 690.115
396.0 722.585
396.0 624.965
396.0 621.89
396.0 616.37
396.0 657.73
396.0 791.555
396.0 706.44
396.0 709.655
396.0 774.35
396.0 716.91
396.0 736.135
396.0 742.475
396.0 810.505
396.0 696.18
396.0 819.97
396.0 725.57
396.0 842.64
396.0 793.99
396.0 707.41
396.0 748.345
396.0 705.0
396.0 656.745
396.0 803.31
396.0 770.955
396.0 689.27
396.0 646.245
396.0 755.465
396.0 693.63
396.0 879.94
396.0 752.29
396.0 706.225
396.0 663.09
396.0 678.205
396.0 675.335
396.0 790.795
396.0 837.54
396.0 562.475
396.0 671.535
396.0 606.725
396.0 661.475
396.0 688.815
396.0 719.435
396.0 616.55
396.0 650.665
396.0 685.02
396.0 731.235
396.0 625.435
396.0 705.695
396.0 749.04
396.0 719.545
396.0 713.06
396.0 610.045
396.0 695.265
396.0 734.01
396.0 778.655
396.0 593.615
396.0 692.71
396.0 774.7
396.0 677.975
396.0 647.21
396.0 766.51
396.0 661.81
396.0 702.45
396.0 828.615
396.0 780.955
396.0 760.885
396.0 805.285
396.0 659.385
396.0 619.335
396.0 768.03
396.0 596.71
396.0 715.365
396.0 692.685
396.0 836.33
396.0 823.25
396.0 827.595
396.0 671.23
396.0 820.485
396.0 633.915
396.0 691.555
396.0 740.145
396.0 737.09
396.0 685.685
396.0 674.565
396.0 687.015
396.0 802.74
396.0 757.47
396.0 671.285
396.0 615.035
396.0 681.105
396.0 613.06
396.0 836.135
396.0 707.965
396.0 686.39
396.0 777.34
396.0 794.65
396.0 762.53
375.0 664.645
375.0 668.2
375.0 669.48
375.0 781.61
375.0 804.945
375.0 643.13
375.0 738.335
375.0 594.275
375.0 651.765
375.0 606.595
375.0 650.065
375.0 643.28
375.0 522.84
375.0 735.285
375.0 735.745
375.0 632.38
375.0 806.785
375.0 573.295
375.0 730.0
375.0 731.165
375.0 605.71
375.0 762.08
375.0 618.925
375.0 681.7
375.0 725.27
375.0 701.8
375.0 708.82
375.0 691.955
375.0 603.8
375.0 780.885
375.0 830.885
375.0 649.665
375.0 677.045
375.0 771.685
375.0 584.265
375.0 704.6
375.0 644.73
375.0 575.14
375.0 829.415
375.0 842.455
375.0 743.425
375.0 712.005
375.0 717.3
375.0 575.0
375.0 697.145
375.0 555.625
375.0 667.97
375.0 545.79
375.0 722.685
375.0 699.285
375.0 608.58
375.0 726.645
