4447.0 10668.06
4020.0 9009.5
4020.0 7913.93
3621.0 7511.345
3621.0 6926.52
3476.0 6284.94
3476.0 6097.97
3476.0 5985.31
3476.0 5883.58
3071.0 5801.525
2638.0 5677.3
2638.0 5606.04
2638.0 5134.85
2267.0 4193.725
2267.0 3572.525
2050.0 3330.285
2050.0 3339.44
2050.0 3415.725
1246.0 3222.53
1246.0 3166.39
1246.0 3230.985
1246.0 3268.53
901.0 2840.57
901.0 2819.01
901.0 2652.185
901.0 2536.435
901.0 2059.7
941.0 2026.81
834.0 1748.22
758.0 1585.155
758.0 1599.305
571.0 1479.925
571.0 1406.745
571.0 1527.005
571.0 1473.66
571.0 1454.845
571.0 1302.96
571.0 1123.855
571.0 953.99
571.0 846.13
571.0 1000.485
571.0 914.86
459.0 870.165
459.0 1003.125
459.0 938.38
459.0 1060.695
459.0 955.1
459.0 863.91
459.0 859.155
459.0 801.12
459.0 874.45
459.0 812.765
459.0 898.935
459.0 894.01
459.0 783.19
459.0 894.55
459.0 661.555
459.0 797.17
459.0 740.79
459.0 794.095
459.0 928.75
459.0 853.93
459.0 782.665
459.0 709.74
459.0 707.785
459.0 730.12
459.0 753.565
459.0 766.145
459.0 779.945
459.0 631.9
459.0 704.77
459.0 701.35
459.0 749.295
459.0 746.06
459.0 766.645
459.0 742.615
459.0 811.225
459.0 811.095
459.0 747.185
459.0 810.73
459.0 719.545
459.0 784.3
459.0 645.28
459.0 878.175
459.0 888.675
459.0 892.965
459.0 789.88
459.0 703.685
459.0 675.22
459.0 815.9
459.0 792.08
459.0 710.325
450.0 776.025
450.0 682.34
450.0 685.82
450.0 750.505
450.0 712.09
450.0 708.69
450.0 845.56
450.0 771.895
450.0 685.465
450.0 722.79
450.0 736.835
450.0 759.18
450.0 807.59
450.0 897.685
450.0 735.18
450.0 811.365
450.0 772.89
450.0 809.615
450.0 716.735
450.0 695.14
450.0 823.01
450.0 680.8
450.0 710.05
450.0 810.75
450.0 792.075
450.0 794.43
450.0 716.48
450.0 740.935
450.0 698.035
450.0 593.53
450.0 778.655
450.0 631.075
450.0 915.14
450.0 743.38
450.0 856.31
450.0 743.325
450.0 753.01
450.0 768.96
450.0 680.435
450.0 771.88
450.0 756.225
450.0 803.59
450.0 776.7
450.0 791.765
450.0 813.455
450.0 730.47
450.0 887.16
450.0 744.07
450.0 743.665
450.0 683.24
450.0 696.325
450.0 801.51
450.0 789.49
450.0 742.565
450.0 812.49
450.0 790.865
450.0 773.22
450.0 708.265
450.0 839.96
450.0 811.065
450.0 641.595
450.0 723.58
450.0 680.75
450.0 718.77
450.0 834.545
450.0 812.035
450.0 739.535
450.0 748.105
450.0 785.335
450.0 886.095
450.0 768.2
450.0 718.835
450.0 751.675
450.0 772.86
450.0 664.265
450.0 613.245
450.0 786.14
450.0 807.8
450.0 835.055
450.0 765.25
450.0 812.53
450.0 710.81
450.0 655.325
450.0 787.93
450.0 818.39
450.0 754.265
450.0 736.015
450.0 718.25
450.0 779.49
450.0 827.395
450.0 746.405
450.0 723.305
450.0 735.235
450.0 874.52
450.0 774.915
450.0 677.675
450.0 784.695
450.0 767.73
450.0 821.115
450.0 828.795
450.0 698.205
450.0 688.935
450.0 792.025
354.0 764.52
354.0 742.73
354.0 811.9
354.0 769.955
354.0 755.645
