6.273757279050526E-4 3.1568548315220565E-4
6.549791514593811E-4 3.7269182666789335E-4
9.112865833987142E-4 4.117075985704492E-4
9.112865833987142E-4 4.476733594891152E-4
0.0010319885079060106 5.209469604203782E-4
0.0012116176319559963 5.924782719138225E-4
0.0014117192189702997 6.706742932232519E-4
0.0014117192189702997 7.15503177854856E-4
0.0015587938977765319 7.854976551255552E-4
0.002366703521202413 9.323929164699391E-4
0.0024405961440511358 0.0011870287644300563
0.0025441604879373942 0.0014473418775642203
0.0025441604879373942 0.0015420090526528823
0.002785497309609224 0.001716397994393559
0.0034144168619236388 0.0017146584362151293
0.0034144168619236388 0.0020441584825395026
0.0034144168619236388 0.0021202898543148194
0.0036114709137737965 0.002187462558709878
0.005697453351706079 0.002333169166598998
0.00674458795340941 0.00249972372659618
0.00674458795340941 0.002843517028979692
0.00674458795340941 0.003439425155801745
0.00674458795340941 0.004155055163440815
0.00674458795340941 0.004485434883034584
0.00674458795340941 0.004455963967800831
0.00674458795340941 0.004600368881458268
0.00674458795340941 0.005192799216976812
0.00674458795340941 0.005628744432093792
0.00674458795340941 0.005659284663050265
0.00674458795340941 0.005612735304073973
0.00674458795340941 0.0058451611933397155
0.00674458795340941 0.005430159300169205
0.00674458795340941 0.00604245021967422
0.00674458795340941 0.00606737447969131
0.00674458795340941 0.0060710346884810485
0.00674458795340941 0.0057904520076356054
0.00674458795340941 0.005969925646570153
0.00674458795340941 0.006222418094045577
0.00674458795340941 0.006196568548729965
0.00674458795340941 0.005813304147264085
0.00674458795340941 0.005994398024789067
0.00674458795340941 0.006006693064478941
0.007278509601814785 0.005814242756778321
0.008844671717331193 0.005898965183428809
0.008844671717331193 0.005954843439367577
0.008844671717331193 0.005929179053550857
0.008844671717331193 0.00626556438977324
0.008844671717331193 0.006098812984591563
0.008844671717331193 0.005686561136920691
0.008844671717331193 0.006421819838533267
0.008844671717331193 0.007161939700002779
0.008844671717331193 0.007574916440941338
0.008844671717331193 0.007253683212766685
0.008844671717331193 0.0077822584065843515
0.008844671717331193 0.007603612431676248
0.008844671717331193 0.0077390501678889344
0.008844671717331193 0.007676444359630101
0.008844671717331193 0.007683867422342957
0.008844671717331193 0.00759047907230489
0.008844671717331193 0.007649333834158198
0.008844671717331193 0.007609856087070253
0.008844671717331193 0.007986405376992394
0.008844671717331193 0.008021497423802853
0.008844671717331193 0.00815820034073026
0.008844671717331193 0.008016618223422877
0.008844671717331193 0.008188364187086065
0.008844671717331193 0.008058319714864785
0.008844671717331193 0.007646149586411458
0.008844671717331193 0.008071428210713385
0.008844671717331193 0.007936239985466652
0.008844671717331193 0.008012660942509589
0.008844671717331193 0.007877701359925516
0.008844671717331193 0.00754174137186373
0.008844671717331193 0.008037186272611758
0.008844671717331193 0.008022718264837404
0.008844671717331193 0.008258456657264492
0.008844671717331193 0.007829277487229187
0.008844671717331193 0.007653524675419021
0.008844671717331193 0.00806432437552431
0.008844671717331193 0.007869171997544883
0.008844671717331193 0.008019926954410688
0.008844671717331193 0.007992092609067499
0.008844671717331193 0.008191613911510383
0.008844671717331193 0.008301311298057851
0.008844671717331193 0.007645854626820527
0.008844671717331193 0.00786834898928576
0.008844671717331193 0.00803821496119809
0.008844671717331193 0.00797935144849512
0.008844671717331193 0.0081000257069082
0.008844671717331193 0.008153597446700014
0.008844671717331193 0.007475339789199579
0.008844671717331193 0.00816335031445499
0.008844671717331193 0.00796178980518374
0.008844671717331193 0.00805982978127389
0.008844671717331193 0.008249785418381016
0.008844671717331193 0.007928228024580626
0.008844671717331193 0.008212544379697668
0.008844671717331193 0.008267530133347781
0.008844671717331193 0.008176946943032774
0.008844671717331193 0.007900289689720875
0.008844671717331193 0.007680998311956264
0.008844671717331193 0.008225715139063615
0.008844671717331193 0.007921076369926235
0.008844671717331193 0.008030076585731792
0.008844671717331193 0.008208326912742614
0.008844671717331193 0.008274864492141619
0.008844671717331193 0.00758251724306333
0.008844671717331193 0.007805156094940663
0.008844671717331193 0.008000771810804736
0.008844671717331193 0.007663240981412745
0.008844671717331193 0.007323724673455834
0.008844671717331193 0.007786630720326144
0.008844671717331193 0.007782891334797124
0.008844671717331193 0.00752796341165615
0.008844671717331193 0.008055842683567509
0.008844671717331193 0.008275353705911086
0.008844671717331193 0.008286495582684723
0.008844671717331193 0.007902747317014737
0.008844671717331193 0.008239808015892714
0.008844671717331193 0.008064740948555377
0.008844671717331193 0.007935747875913182
0.008844671717331193 0.007754100544564859
0.008844671717331193 0.007968214485751426
0.008844671717331193 0.008091128134250168
0.008844671717331193 0.007831538738444974
0.008844671717331193 0.00795265068657823
0.008844671717331193 0.008119974424010381
0.008844671717331193 0.008095935050165232
0.008844671717331193 0.007943419241767552
0.008844671717331193 0.007984903843007074
0.008844671717331193 0.007790767595895005
0.008844671717331193 0.008024053092182647
0.008844671717331193 0.008064330449329232
0.008844671717331193 0.0077999474020934954
0.008844671717331193 0.008111204092486491
0.008844671717331193 0.008132073658256345
0.008844671717331193 0.008020678832017576
0.008844671717331193 0.007929545582277655
0.008844671717331193 0.008182391850133103
0.008844671717331193 0.008062124253638375
0.008844671717331193 0.007871214176745437
0.008844671717331193 0.007678140813847106
0.008844671717331193 0.0076329571922542595
0.008844671717331193 0.007763607553607077
0.008844671717331193 0.007681176504612858
0.008844671717331193 0.008048456395952927
0.008844671717331193 0.007736669802038194
0.008844671717331193 0.00794101673222612
0.008844671717331193 0.00771506927623308
0.008844671717331193 0.007723477528158131
0.008844671717331193 0.00802285364187819
0.008844671717331193 0.008191206934541943
0.008844671717331193 0.008080581500240281
0.008844671717331193 0.007784146925191102
0.008844671717331193 0.007929698264106355
0.008844671717331193 0.008100300961134446
0.008844671717331193 0.00781347222538949
0.008844671717331193 0.008168736425607554
0.008844671717331193 0.0078766568888009
0.008844671717331193 0.007895101767766132
0.008844671717331193 0.007898172695601342
0.008844671717331193 0.007797760934079422
0.008844671717331193 0.007941406380480406
0.008844671717331193 0.008219869884392494
0.008844671717331193 0.008174038535456282
0.008844671717331193 0.008141497722319877
0.008844671717331193 0.008046144217347014
0.008844671717331193 0.008091372055434113
0.008844671717331193 0.007689251937208259
0.008844671717331193 0.007359079768483037
0.008844671717331193 0.00804716247438184
0.008844671717331193 0.007961951541749059
0.008844671717331193 0.0077201771722434235
0.008844671717331193 0.007995581495446383
0.008844671717331193 0.007972334267602861
0.008844671717331193 0.007874214240319444
0.008844671717331193 0.007851483716993722
0.008844671717331193 0.0077204472114519715
0.008844671717331193 0.00764475639560111
0.008844671717331193 0.007869929464233408
0.008844671717331193 0.008014473665984128
0.008844671717331193 0.008118822221213729
0.008844671717331193 0.007989200169737776
0.008844671717331193 0.008128616498435924
0.008844671717331193 0.007944406233168643
0.008844671717331193 0.008114808986166764
0.008844671717331193 0.008053865757203208
0.008844671717331193 0.008150488547945547
0.008844671717331193 0.00796331091967062
0.008844671717331193 0.008379546275732475
0.008844671717331193 0.008220722969036021
0.008844671717331193 0.0080777191277184
0.008844671717331193 0.00809587065097636
0.008844671717331193 0.008063153999963886
0.008844671717331193 0.007979839956724587
0.008844671717331193 0.007938169752003357
0.008844671717331193 0.007729462163807686
0.008844671717331193 0.00783046418139115
0.008844671717331193 0.00806569031406644
0.008844671717331193 0.008134318067174047
