5.539554421384539E-4 3.0629988994032147E-4
6.608178309442354E-4 3.382770485829399E-4
6.608178309442354E-4 3.735675138198367E-4
6.608178309442354E-4 4.103276638371682E-4
7.046795818602936E-4 4.3146909251816525E-4
9.817898820109901E-4 4.909551422707002E-4
9.817898820109901E-4 5.278735994126651E-4
0.0012618560232994461 6.041747420406094E-4
0.0012618560232994461 6.508921922535164E-4
0.001343525192929079 7.045837124591921E-4
0.0013721603105646197 7.752510944649014E-4
0.00200287463021264 8.784346688789278E-4
0.00200287463021264 0.0010258582152185619
0.00200287463021264 0.001187687400714597
0.0026813731145117385 0.0013689426009991514
0.0026813731145117385 0.0016152378218112662
0.002733260836069597 0.0017293854800556215
0.0028412836606753005 0.0018971288090000032
0.004117935371888906 0.0020526076568925587
0.004117935371888906 0.002118616628845698
0.006020334911984497 0.00229558724195114
0.006020334911984497 0.0024511258425292046
0.006020334911984497 0.002735173046802814
0.006020334911984497 0.0029977537006224296
0.006020334911984497 0.003296811563106358
0.006020334911984497 0.003475042415654189
0.006020334911984497 0.00386673321140523
0.006020334911984497 0.003993224970541502
0.006020334911984497 0.004454607511064936
0.006020334911984497 0.004832209577366911
0.006020334911984497 0.005438027210005803
0.006020334911984497 0.005716693078967902
0.006020334911984497 0.005642033944222128
0.006020334911984497 0.005784211160181841
0.006020334911984497 0.005855140829945097
0.006020334911984497 0.005840327664987955
0.006020334911984497 0.005754302564757303
0.006020334911984497 0.005856163731874611
0.006020334911984497 0.005812135990656192
0.006020334911984497 0.005609423372748357
0.006020334911984497 0.005673917014208556
0.006020334911984497 0.005688662179469946
0.006020334911984497 0.00570336820897451
0.006020334911984497 0.005565441400468867
0.006020334911984497 0.00564467407806419
0.006020334911984497 0.005741871838717977
0.006020334911984497 0.005836630088982374
0.006020334911984497 0.0057301181462723234
0.006020334911984497 0.005706625817258068
0.006020334911984497 0.005831093250935123
0.006020334911984497 0.0057270029419558485
0.006020334911984497 0.005763884190641917
0.006020334911984497 0.005508019187511789
0.006020334911984497 0.005722492847242364
0.006020334911984497 0.005741205114683217
0.006020334911984497 0.00550458575754704
0.006020334911984497 0.005626407854870396
0.006020334911984497 0.005825660491554156
0.006020334911984497 0.00564750042787524
0.006020334911984497 0.005701673869487705
0.006020334911984497 0.005655438327576246
0.006020334911984497 0.005620424059339165
0.006020334911984497 0.005860685288524896
0.006020334911984497 0.0055184221056345795
0.006020334911984497 0.005575654831253495
0.006020334911984497 0.005764784700457799
0.006020334911984497 0.0057321117884894055
0.006020334911984497 0.005825075129390207
0.006020334911984497 0.005729627118900633
0.006020334911984497 0.005778643274471545
0.006020334911984497 0.005761207109352342
0.006020334911984497 0.005704076102674525
0.006020334911984497 0.005783414443056341
0.006020334911984497 0.00571055554565312
0.006020334911984497 0.005656409748932347
0.006020334911984497 0.005563658153916409
0.006020334911984497 0.005847855110592872
0.006020334911984497 0.005874027959056676
0.006020334911984497 0.005712581350769353
0.006020334911984497 0.005623800689532795
0.006020334911984497 0.005664486224928612
0.006020334911984497 0.0057928225105677925
0.006020334911984497 0.005757188885355324
0.006020334911984497 0.0056498736458644
0.006020334911984497 0.0057925427371606575
0.006020334911984497 0.005654335993712978
0.006020334911984497 0.005766769469045124
0.006020334911984497 0.005475029177211011
0.006020334911984497 0.005723527312699455
0.006020334911984497 0.005600832082871301
0.006020334911984497 0.005781747752847934
0.006020334911984497 0.005848065288545035
0.006020334911984497 0.005646702517425878
0.006020334911984497 0.00553104782282798
0.006020334911984497 0.005663655189649258
0.006020334911984497 0.005855541977931923
0.006020334911984497 0.005806369476002801
0.006020334911984497 0.005861842404197234
0.006020334911984497 0.005874443355967688
0.006020334911984497 0.005704483308974734
0.006020334911984497 0.005609479288592011
0.006020334911984497 0.005657008094100035
0.006020334911984497 0.005731157729484876
0.006020334911984497 0.005681510716848494
0.006020334911984497 0.005873862138201833
0.006020334911984497 0.005667930252013168
0.006020334911984497 0.005671058035036094
0.006020334911984497 0.005747247525071081
0.006020334911984497 0.005764686675270381
0.006020334911984497 0.005714944747048103
0.006020334911984497 0.0057433777119013305
0.006020334911984497 0.005881458944836116
0.006020334911984497 0.005892932962371775
0.006020334911984497 0.005771679016248739
0.006020334911984497 0.005665191969617836
0.006020334911984497 0.005749509731278626
0.006020334911984497 0.005751712016687626
0.006020334911984497 0.005716844846261393
0.006020334911984497 0.005831179642876324
0.006020334911984497 0.005638335552219154
0.006020334911984497 0.005797666896262048
0.006020334911984497 0.005753446556712528
0.006020334911984497 0.005826309787586827
0.006020334911984497 0.00560948974138061
0.006020334911984497 0.005687819796460766
0.006020334911984497 0.0056720106036836394
0.006020334911984497 0.005812451794709981
0.006020334911984497 0.005742280483615689
0.006020334911984497 0.005797044589193859
0.006020334911984497 0.005670711393927926
0.006020334911984497 0.005643298832017116
0.006020334911984497 0.00586658360408897
0.006020334911984497 0.0056555238721868375
0.006020334911984497 0.005746349187197619
0.006020334911984497 0.005647119159681932
0.006020334911984497 0.005698623959028636
0.006020334911984497 0.005801651683857211
0.006020334911984497 0.005646182878573779
0.006020334911984497 0.005726523318212456
0.006020334911984497 0.005812117728613573
0.006020334911984497 0.005762155947321509
0.006020334911984497 0.005796161114292078
0.006020334911984497 0.005657382620244594
0.006020334911984497 0.005619746348908452
0.006020334911984497 0.0057596490397801205
0.006020334911984497 0.0058177795720628245
0.006020334911984497 0.005814553406418273
0.006020334911984497 0.005754634559552822
0.006020334911984497 0.005623381793564126
0.006020334911984497 0.005585937886685802
0.006020334911984497 0.005735780802723505
0.006020334911984497 0.005754988363728845
0.006020334911984497 0.0056711354012570995
0.006020334911984497 0.005699424344015264
0.006020334911984497 0.005410756001908549
0.006020334911984497 0.005575128010210377
0.006020334911984497 0.005516961122508732
0.006020334911984497 0.0057247026398946025
0.006020334911984497 0.0057915664525577185
0.006020334911984497 0.0056108411228538045
0.006020334911984497 0.005611613466269732
0.006020334911984497 0.005775929068304799
0.006020334911984497 0.0056892399216759825
0.006020334911984497 0.0057517970040595005
0.006020334911984497 0.005841368050648654
0.006020334911984497 0.005652440868976819
0.006020334911984497 0.005622597017545828
0.006020334911984497 0.005583384027839924
0.006020334911984497 0.005571959868415498
0.006020334911984497 0.0058820662144569245
0.006020334911984497 0.005795505494532872
0.006020334911984497 0.005702720503705115
0.006020334911984497 0.005627220298338974
0.006020334911984497 0.005591072108613906
0.006020334911984497 0.005706079971319655
0.006020334911984497 0.0057532067362430295
0.006020334911984497 0.005670120234452848
0.006020334911984497 0.005782161784729388
0.006020334911984497 0.005807665382231584
0.006020334911984497 0.005509737585430171
0.006020334911984497 0.005601610917626236
0.006020334911984497 0.005538284078197463
0.006020334911984497 0.0056981583376184254
0.006020334911984497 0.005889400595767749
0.006020334911984497 0.0057233334200564
0.006020334911984497 0.005637433519107174
0.006020334911984497 0.005713851297766782
0.006020334911984497 0.005855415455129271
0.006020334911984497 0.0059248594320962375
0.006020334911984497 0.005818448930168253
0.006020334911984497 0.0057377680125449216
0.006020334911984497 0.005885372535692407
0.006020334911984497 0.00571600592852728
0.006778488421916145 0.00573631307613837
0.006778488421916145 0.00594840207047443
0.006778488421916145 0.005664446209748458
0.006778488421916145 0.00582097083277921
0.006778488421916145 0.005914052812617963
0.006778488421916145 0.0059613316015694
0.006778488421916145 0.005940359118252255
