5484.0 11221.62
4603.0 10059.95
5420.0 8612.48
4054.0 8281.87
3459.0 7723.485
3438.0 7284.34
3438.0 6972.02
3035.0 5804.345
1405.0 5031.195
1405.0 4235.29
1405.0 3818.97
1405.0 3419.57
1173.0 2857.075
1173.0 2754.82
971.0 2286.67
1227.0 2202.64
971.0 2154.515
1090.0 2100.52
1090.0 2109.62
909.0 1932.535
846.0 1828.12
846.0 1664.645
846.0 1704.685
537.0 1349.985
537.0 1240.345
537.0 1236.175
537.0 1201.03
537.0 1206.265
450.0 1107.43
450.0 960.925
450.0 1125.705
450.0 1030.825
450.0 869.44
450.0 830.585
450.0 894.51
450.0 814.505
450.0 666.79
450.0 706.185
450.0 642.84
450.0 656.24
450.0 757.395
450.0 870.11
450.0 774.02
450.0 681.185
450.0 733.065
450.0 708.55
450.0 733.115
450.0 699.265
450.0 634.45
450.0 654.285
450.0 869.865
450.0 817.305
450.0 736.085
450.0 665.21
450.0 677.725
450.0 769.47
450.0 806.84
450.0 806.21
450.0 775.045
450.0 707.99
450.0 775.73
450.0 737.765
450.0 890.925
450.0 637.105
450.0 711.36
450.0 760.39
450.0 719.06
450.0 823.795
450.0 799.33
450.0 752.555
450.0 650.085
450.0 710.28
450.0 846.92
450.0 716.945
450.0 763.66
450.0 771.105
450.0 723.78
450.0 740.6
450.0 822.47
450.0 729.635
450.0 816.425
450.0 764.25
450.0 688.395
450.0 732.985
450.0 728.1
450.0 673.54
450.0 705.835
450.0 719.365
450.0 747.34
450.0 868.0
450.0 671.835
450.0 781.415
450.0 868.74
450.0 732.335
450.0 782.28
450.0 764.405
450.0 676.3
450.0 721.1
450.0 753.175
450.0 735.87
450.0 646.94
450.0 681.23
450.0 703.395
450.0 706.13
450.0 717.835
450.0 667.195
450.0 769.03
450.0 803.91
450.0 610.53
450.0 785.465
450.0 737.14
450.0 766.28
450.0 671.04
450.0 719.695
450.0 725.185
450.0 648.02
450.0 843.135
450.0 664.335
450.0 804.43
450.0 826.615
450.0 734.015
450.0 678.12
450.0 658.745
450.0 909.47
450.0 746.52
450.0 770.105
450.0 748.685
450.0 742.01
450.0 703.08
450.0 652.41
450.0 693.415
450.0 751.205
450.0 815.655
450.0 679.645
450.0 709.875
450.0 746.575
450.0 852.925
450.0 703.835
450.0 817.105
450.0 668.68
450.0 770.7
450.0 731.75
450.0 768.585
450.0 693.455
450.0 715.195
450.0 680.045
450.0 612.605
450.0 759.455
450.0 761.245
450.0 699.525
450.0 673.475
450.0 777.36
450.0 838.665
450.0 708.825
450.0 732.765
450.0 766.57
450.0 802.05
450.0 717.74
450.0 794.505
450.0 787.18
450.0 787.22
450.0 731.35
450.0 726.845
450.0 730.375
450.0 799.82
450.0 671.035
450.0 734.3
450.0 738.97
450.0 698.715
450.0 737.83
450.0 669.145
450.0 668.105
450.0 771.13
450.0 760.91
450.0 700.46
450.0 809.91
450.0 722.51
450.0 745.635
450.0 675.75
450.0 745.9
450.0 665.765
450.0 764.79
450.0 739.355
450.0 748.96
450.0 750.74
450.0 666.39
450.0 707.68
450.0 781.315
450.0 785.245
450.0 772.915
450.0 727.75
450.0 687.515
450.0 623.76
450.0 715.3
450.0 697.405
450.0 630.115
450.0 722.74
450.0 746.935
450.0 721.45
450.0 708.775
