3690.0 10598.615
3690.0 9440.79
3690.0 9066.22
3690.0 8145.09
3690.0 7413.765
3690.0 6904.47
2732.0 6483.605
2732.0 6091.945
2732.0 6109.325
2137.0 5281.33
1724.0 4587.18
1724.0 4109.97
1695.0 3685.075
1318.0 3879.55
1318.0 3620.97
1318.0 3312.895
1318.0 2687.45
1318.0 2210.285
1291.0 1856.805
906.0 1576.365
988.0 1541.225
988.0 1323.955
988.0 1315.99
655.0 1233.7
655.0 1225.375
614.0 1166.63
614.0 1092.855
614.0 1053.095
614.0 939.055
614.0 889.265
614.0 812.195
614.0 825.935
614.0 730.35
614.0 702.93
614.0 707.62
614.0 741.96
614.0 725.505
614.0 740.41
614.0 710.585
614.0 781.48
614.0 741.45
614.0 707.78
614.0 784.195
614.0 724.39
614.0 763.915
614.0 764.565
614.0 709.84
614.0 710.835
614.0 688.005
614.0 810.28
614.0 700.41
614.0 871.22
614.0 828.355
614.0 729.16
614.0 724.82
614.0 748.63
614.0 700.14
614.0 737.98
614.0 768.09
614.0 702.505
614.0 760.295
614.0 754.935
614.0 709.64
614.0 727.675
614.0 735.265
601.0 704.14
601.0 737.295
601.0 747.13
601.0 735.54
601.0 748.11
601.0 632.295
601.0 768.2
601.0 756.965
601.0 669.675
601.0 674.745
601.0 722.125
601.0 692.915
601.0 724.82
601.0 727.605
601.0 704.46
601.0 787.075
562.0 756.19
562.0 704.39
562.0 640.955
562.0 703.815
562.0 641.48
562.0 760.545
562.0 653.915
562.0 700.085
562.0 696.605
562.0 716.96
562.0 695.635
562.0 730.445
562.0 632.1
562.0 724.76
562.0 684.725
562.0 623.705
562.0 721.52
562.0 758.37
562.0 697.065
562.0 679.935
562.0 616.965
562.0 692.86
562.0 674.12
562.0 654.015
562.0 674.95
562.0 604.22
562.0 680.81
562.0 650.72
562.0 674.205
562.0 700.605
562.0 673.595
562.0 680.295
562.0 678.905
418.0 669.48
418.0 677.45
418.0 760.8
418.0 707.255
418.0 582.045
418.0 595.375
418.0 562.875
418.0 583.885
418.0 578.185
418.0 524.115
418.0 466.99
418.0 487.075
418.0 484.32
418.0 484.44
418.0 571.615
418.0 479.485
418.0 440.62
418.0 470.695
418.0 460.835
418.0 539.41
418.0 540.525
418.0 491.045
418.0 493.32
418.0 557.925
418.0 567.955
418.0 505.055
418.0 510.12
418.0 525.51
418.0 461.125
418.0 556.925
418.0 545.395
418.0 494.53
418.0 544.915
418.0 556.29
418.0 488.23
418.0 549.24
418.0 562.55
418.0 539.635
418.0 487.965
418.0 533.535
418.0 475.385
418.0 511.13
418.0 463.71
418.0 503.265
418.0 449.985
418.0 483.735
418.0 488.855
418.0 493.065
418.0 500.655
418.0 468.02
418.0 473.76
418.0 581.635
418.0 467.525
418.0 534.8
418.0 458.305
418.0 516.025
418.0 582.67
418.0 561.74
418.0 571.305
418.0 509.72
418.0 484.4
418.0 517.215
418.0 490.87
418.0 469.88
418.0 534.22
418.0 509.97
418.0 444.915
418.0 521.64
418.0 519.555
418.0 480.03
418.0 513.445
418.0 480.305
418.0 533.34
418.0 503.335
418.0 476.61
418.0 563.375
418.0 581.05
418.0 519.5
418.0 469.4
418.0 570.445
418.0 468.705
418.0 490.845
418.0 559.805
418.0 506.755
418.0 536.885
418.0 588.795
