6.778056921668563E-4 3.1159803712697967E-4
6.778056921668563E-4 3.539408369592245E-4
8.685097101048771E-4 3.867333940813597E-4
8.685097101048771E-4 4.154006813188411E-4
8.685097101048771E-4 4.353253166086214E-4
0.0012939487432974321 4.961480435521804E-4
0.0012939487432974321 5.893173500991557E-4
0.0012939487432974321 6.828552622411316E-4
0.0015554722834741407 8.870829683150174E-4
0.002103261448185841 9.600887911285981E-4
0.002103261448185841 0.001091297778142574
0.002103261448185841 0.0012805928760704496
0.0030645352359322197 0.0013878602105584356
0.0030645352359322197 0.001493327086293212
0.0030645352359322197 0.0016336425247873937
0.003375716677432598 0.001707677508301058
0.003375716677432598 0.001894505461001803
0.0034378947314735297 0.0021971022826263453
0.0038073580014171622 0.002386765579165803
0.003968573391217736 0.002475575339285181
0.003968573391217736 0.002609645237323409
0.003968573391217736 0.0027784899600072493
0.003968573391217736 0.0027797554285619547
0.004536517369878022 0.0029976794209245427
0.006418995926753252 0.002855857967859386
0.006418995926753252 0.003043951691184621
0.006418995926753252 0.0035431254258832317
0.006418995926753252 0.0036530931833107533
0.006418995926753252 0.004021156999355353
0.006418995926753252 0.004544245416529047
0.006418995926753252 0.0047731347659511715
0.006418995926753252 0.0053637936489155
0.006418995926753252 0.0053503955697966656
0.006418995926753252 0.005269154147590328
0.007151944751039688 0.005338375004822818
0.008985177697348497 0.005662693133173192
0.008985177697348497 0.005421894191546162
0.008985177697348497 0.00561005322681682
0.008985177697348497 0.006216753939140244
0.01142063929909101 0.00655964002466141
0.01142063929909101 0.007178092261653762
0.011435564560471668 0.008146143903493872
0.011435564560471668 0.008376055449362386
0.011435564560471668 0.008867197645498953
0.011435564560471668 0.009199900360364586
0.011435564560471668 0.009540999606492552
0.011435564560471668 0.009718240442643133
0.011435564560471668 0.00999479385268044
0.011435564560471668 0.010350219470883206
0.011435564560471668 0.010485829969592303
0.011435564560471668 0.010564913724922995
0.011435564560471668 0.01041859816377136
0.011435564560471668 0.010437075978211972
0.011435564560471668 0.010689358154358031
0.011435564560471668 0.010486346723461064
0.011435564560471668 0.010750821210599518
0.011435564560471668 0.010483865902757364
0.011435564560471668 0.010510661330834664
0.011435564560471668 0.010683725602749121
0.011435564560471668 0.01049262591603989
0.011435564560471668 0.010792544262991904
0.011435564560471668 0.010293931535681124
0.011435564560471668 0.00997108477766161
0.011435564560471668 0.010739349151586858
0.011435564560471668 0.010606962916597382
0.011435564560471668 0.010280763781668156
0.011435564560471668 0.010696514966037305
0.011435564560471668 0.010597103052782919
0.011435564560471668 0.010441441333511275
0.011435564560471668 0.010635036545555344
0.011435564560471668 0.010167224804031367
0.011435564560471668 0.010850537317440229
0.011435564560471668 0.010743051287150751
0.011435564560471668 0.010462555833559053
0.011435564560471668 0.010358573726332311
0.011435564560471668 0.010405133837622127
0.011435564560471668 0.01050713287627225
0.011435564560471668 0.010303219173556876
0.011435564560471668 0.010910347550820479
0.011435564560471668 0.010755517565444055
0.011435564560471668 0.01027624254847763
0.011435564560471668 0.010532179175954084
0.011435564560471668 0.010730423147476275
0.011435564560471668 0.010632684775747187
0.011435564560471668 0.010462369808290578
0.011435564560471668 0.010280981266830152
0.011435564560471668 0.010438099714511382
0.011435564560471668 0.010855362915729572
0.011435564560471668 0.010035692784339316
0.011435564560471668 0.010167631722467242
0.011435564560471668 0.010147656811872838
0.011435564560471668 0.010373803015887114
0.011435564560471668 0.0107012611775206
0.011435564560471668 0.010433042904743535
0.011435564560471668 0.010504346739089867
0.011435564560471668 0.010472340635224732
0.011435564560471668 0.010432309267558644
0.011435564560471668 0.010747985002056754
0.011435564560471668 0.009884395882482123
0.011435564560471668 0.010401344929707982
0.011435564560471668 0.010321363273501881
0.011435564560471668 0.010339896522828075
0.011435564560471668 0.009644432212839098
0.011435564560471668 0.010403894307770048
0.011435564560471668 0.010642567007103344
0.011435564560471668 0.010203751019886567
0.011435564560471668 0.01050557378684983
0.011435564560471668 0.010558680022030286
0.011435564560471668 0.010210602051247582
0.011435564560471668 0.01064162996323783
0.011435564560471668 0.010473304277391062
0.011435564560471668 0.010785852236505139
0.011435564560471668 0.01071905261266283
0.011435564560471668 0.010415512242111553
0.011435564560471668 0.010788571429006735
0.011435564560471668 0.01042544657421296
0.011435564560471668 0.010215126980989088
0.011435564560471668 0.010555509369648632
0.011435564560471668 0.01058255040200085
0.011435564560471668 0.010539612151860419
0.011435564560471668 0.010792833950390079
0.011435564560471668 0.010680116393403138
0.011435564560471668 0.010506593228619932
0.011435564560471668 0.010553661520451965
0.011435564560471668 0.010604838872305558
0.011435564560471668 0.010401752670639966
0.011435564560471668 0.010796993845005525
0.011435564560471668 0.010487357108117894
0.011435564560471668 0.010851481538785235
0.011435564560471668 0.010408149361903742
0.011435564560471668 0.010322878200413457
0.011435564560471668 0.010237690008783835
0.011435564560471668 0.010682877686940422
0.011435564560471668 0.01050967373263391
0.011435564560471668 0.010431358181910625
0.011435564560471668 0.010712034465596366
0.011435564560471668 0.010770043349083958
0.011435564560471668 0.010427875151294265
0.011435564560471668 0.010449324191479273
0.011435564560471668 0.010410216806602883
0.011435564560471668 0.010792587486182172
0.011435564560471668 0.010508777169417697
0.011435564560471668 0.010451327950416391
0.011435564560471668 0.0103917833555093
0.011435564560471668 0.010412159590407009
0.011435564560471668 0.010600113603145984
0.011435564560471668 0.010005112385434273
0.011435564560471668 0.010376810991486374
0.011435564560471668 0.010897150130016176
0.011435564560471668 0.010651473322361533
0.011435564560471668 0.010385488877293467
0.011435564560471668 0.010835862231144135
0.011435564560471668 0.010883076669489455
0.011435564560471668 0.010087158509389477
0.011435564560471668 0.010183401863597546
0.011435564560471668 0.010345970160127558
0.011435564560471668 0.010365753454920475
0.011435564560471668 0.01065364358966578
0.011435564560471668 0.010597270498325803
0.011435564560471668 0.010749465125253719
0.011435564560471668 0.010679419016945057
0.011435564560471668 0.010282157555857511
0.011435564560471668 0.010788028812798691
0.011435564560471668 0.010193675477649822
0.011435564560471668 0.01022723528918031
0.011435564560471668 0.010161884073269924
0.011435564560471668 0.01071015687944566
0.011435564560471668 0.009820552359716857
0.011435564560471668 0.010306201593423407
0.011435564560471668 0.010546466845174508
0.011435564560471668 0.01076425688444203
0.011435564560471668 0.010595262351426039
0.011435564560471668 0.010728128930703929
0.011435564560471668 0.01068036859551231
0.011435564560471668 0.010644895250917923
0.011435564560471668 0.010700430139296082
0.011435564560471668 0.009784044487667431
0.011435564560471668 0.010727630677604426
0.011435564560471668 0.010694479813890292
0.011435564560471668 0.010198341038308014
0.011435564560471668 0.010648821145755353
0.011435564560471668 0.0103909034432243
0.011435564560471668 0.01066066142093639
0.011435564560471668 0.010477793867035724
0.011435564560471668 0.009937366222407042
0.011435564560471668 0.009959905121355955
0.011435564560471668 0.010269072404056162
0.011435564560471668 0.01058364485840884
0.011435564560471668 0.010279434656026678
0.011435564560471668 0.010386324286547182
0.011435564560471668 0.010403911587134718
0.011435564560471668 0.010715720642770163
0.011435564560471668 0.010643428984368151
0.011435564560471668 0.010309310739919829
0.011435564560471668 0.01053700844814796
0.011435564560471668 0.010789666264683974
0.011435564560471668 0.010688124331314618
0.011435564560471668 0.010659918314501757
0.011435564560471668 0.010289111795350143
0.011435564560471668 0.01034262510816328
