6.111662923191671E-4 3.062648071719058E-4
6.468643915362354E-4 3.197007094337631E-4
7.238626917533516E-4 3.7187365437730126E-4
7.238626917533516E-4 3.8212234565705516E-4
9.410885847610385E-4 4.1634039458864053E-4
9.410885847610385E-4 4.5662137559866555E-4
9.475920161505373E-4 5.087453496852433E-4
0.0010858763998083374 5.698261962761043E-4
0.0010858763998083374 6.03292263295607E-4
0.0011144109228850092 6.11255064303204E-4
0.0011144109228850092 6.239872273218757E-4
0.0011193874000388787 6.828108212973158E-4
0.0012213910577261202 7.290906672325963E-4
0.001623998741267213 8.081957037483777E-4
0.0017051560423174328 9.311639982186995E-4
0.0017051560423174328 9.571511632942148E-4
0.0017051560423174328 0.0010165002639228014
0.001831168121124187 0.0010405524083251419
0.002024433450475476 0.001115986006767589
0.0024945560283114506 0.0012142094122054394
0.0024945560283114506 0.001243341348531676
0.0024945560283114506 0.0014501593667825099
0.0024945560283114506 0.0016470572784618295
0.003025956012910318 0.0018196364172302219
0.003025956012910318 0.0019372722022036346
0.0033011191700797822 0.0019299017994297153
0.0033011191700797822 0.001996623476924112
0.0033011191700797822 0.0020722110973215146
0.003852395934774861 0.002190736340405692
0.003852395934774861 0.002351751294006383
0.003871009634462061 0.002564457066392892
0.003871009634462061 0.00268334242495289
0.003871009634462061 0.002616476507285904
0.003871009634462061 0.0027799681652391343
0.003871009634462061 0.002960407357280065
0.003871009634462061 0.0030704802968587737
0.003958831082247681 0.0031559938369282842
0.004536527743411538 0.0032053429084957126
0.004536527743411538 0.0032861482983431154
0.005411232171972478 0.0032366295738609123
0.005411232171972478 0.003282058710572764
0.005411232171972478 0.0032321816097554625
0.005411232171972478 0.003395345621038084
0.005411232171972478 0.0034513067894743773
0.005411232171972478 0.0036394116707499824
0.005411232171972478 0.004038171772669649
0.005411232171972478 0.00405418592049692
0.005411232171972478 0.004073187023950234
0.005411232171972478 0.004659392735235566
0.005411232171972478 0.004540575660780791
0.005411232171972478 0.004654987198835025
0.005411232171972478 0.004352471045171728
0.005411232171972478 0.0045327946505744465
0.005411232171972478 0.004578838904495164
0.005411232171972478 0.0046214850657186725
0.005411232171972478 0.004687164748859128
0.005411232171972478 0.004600003623082004
0.005411232171972478 0.004724462608583856
0.005411232171972478 0.004663757231134821
0.005411232171972478 0.004548969760440249
0.005411232171972478 0.004461806416287605
0.005411232171972478 0.00451965456186521
0.005411232171972478 0.004803152547376072
0.005842837929756252 0.00482281575100434
0.005842837929756252 0.004690152515015948
0.005842837929756252 0.004908164962446327
0.005842837929756252 0.004625359201257991
0.009813043399546287 0.00454241311203919
0.009813043399546287 0.004863659099064042
0.009813043399546287 0.005906436281729556
0.009813043399546287 0.006831893572865644
0.009813043399546287 0.008315075925376284
0.009813043399546287 0.008999959768611907
0.009813043399546287 0.008963713225219626
0.009813043399546287 0.009021307501552236
0.009813043399546287 0.0087312794609358
0.009813043399546287 0.00881741235564491
0.009813043399546287 0.008685863667367772
0.009813043399546287 0.008815454762050394
0.009813043399546287 0.009030494098974506
0.009813043399546287 0.00891975206230818
0.009813043399546287 0.008658237020069225
0.009813043399546287 0.008979079408388574
0.009813043399546287 0.00887969546817129
0.009813043399546287 0.009135233729392706
0.009813043399546287 0.008787936299307986
0.009813043399546287 0.008391179357360935
0.009813043399546287 0.00891749770982131
0.009813043399546287 0.00879945899309232
0.009813043399546287 0.009294964391392341
0.009813043399546287 0.00890564261585294
0.009813043399546287 0.009143677377259572
0.009813043399546287 0.00922611364281311
0.009813043399546287 0.008794655154638896
0.009813043399546287 0.008801430739854729
0.009813043399546287 0.009291405525061011
0.009813043399546287 0.00886973273298613
0.009813043399546287 0.008787685434974492
0.009813043399546287 0.00854833281570955
0.009813043399546287 0.00865399826540555
0.009813043399546287 0.008745329688330406
0.009813043399546287 0.008994585090857961
0.009813043399546287 0.008411671040485324
0.009813043399546287 0.00891034306996567
0.009813043399546287 0.008889411201053308
0.009813043399546287 0.008972092699134916
0.009813043399546287 0.008854630015737395
0.009813043399546287 0.008698988216406243
0.009813043399546287 0.008940791019527683
0.009813043399546287 0.008732636804399986
0.009813043399546287 0.008823750963005722
0.009813043399546287 0.009027733337217368
0.009813043399546287 0.008721372982948407
0.009813043399546287 0.008873460650267248
0.009813043399546287 0.008926752512488013
0.009813043399546287 0.008865230512892477
0.009813043399546287 0.008867731285826469
0.009813043399546287 0.008662697305832906
0.009813043399546287 0.009271707538695688
0.009813043399546287 0.009251287080297559
0.009813043399546287 0.008860180157403577
0.009813043399546287 0.009021093989432826
0.009813043399546287 0.009135448791655348
0.009813043399546287 0.008934526113122059
0.009813043399546287 0.009304757061220754
0.009813043399546287 0.008774795348413675
0.009813043399546287 0.009062861802325623
0.009813043399546287 0.008927073657364056
0.009813043399546287 0.008527358243077909
0.009813043399546287 0.008610993870306281
0.009813043399546287 0.008548989644488709
0.009813043399546287 0.008960604420171573
0.009813043399546287 0.009042956234739994
0.009813043399546287 0.009165234523375653
0.009813043399546287 0.008989460479951908
0.009813043399546287 0.008875034059556662
0.009813043399546287 0.009013307747613533
0.009813043399546287 0.009182695982979102
0.009813043399546287 0.009308262678375243
0.009813043399546287 0.00895874642241485
0.009813043399546287 0.008886186066291208
0.009813043399546287 0.009152964899121166
0.009813043399546287 0.00864964814777837
0.009813043399546287 0.00863711378346092
0.009813043399546287 0.008482900179706375
0.009813043399546287 0.008725398823683827
0.009813043399546287 0.009048823807945701
0.009813043399546287 0.008945149775808747
0.009813043399546287 0.009026646781126548
0.009813043399546287 0.00891951201917426
0.009813043399546287 0.009071549904001979
0.009813043399546287 0.00893495839144068
0.009813043399546287 0.008924401063791996
0.009813043399546287 0.008848176728116343
0.009813043399546287 0.008904089277692113
0.009813043399546287 0.009022899825434118
0.009813043399546287 0.009044593639945635
0.009813043399546287 0.008894701303145925
0.009813043399546287 0.008565594333660737
0.009813043399546287 0.008763903948802146
0.009813043399546287 0.008964768313838207
0.009813043399546287 0.008982998264977685
0.009813043399546287 0.008880697651008844
0.009813043399546287 0.00907014703132593
0.009813043399546287 0.008533522665782034
0.009813043399546287 0.008827001779291443
0.009813043399546287 0.008769609418261657
0.009813043399546287 0.008920079935286448
0.009813043399546287 0.008905536402801003
0.009813043399546287 0.008774644015701515
0.009813043399546287 0.00873026575058441
0.009813043399546287 0.008533280260280612
0.009813043399546287 0.009049574460071728
0.009813043399546287 0.009064936834011302
0.009813043399546287 0.00903110225234675
0.009813043399546287 0.008717828497203133
0.009813043399546287 0.009106740734566467
0.009813043399546287 0.008760788737615759
0.009813043399546287 0.008461494494307418
0.009813043399546287 0.008989214606737028
0.009813043399546287 0.008986573476154208
0.009813043399546287 0.008959650289776412
0.009813043399546287 0.008567261476963066
0.009813043399546287 0.008747593142765232
0.009813043399546287 0.008924413913564746
0.009813043399546287 0.00852272438215079
0.009813043399546287 0.008627454759635644
0.009813043399546287 0.009150369065915463
0.009813043399546287 0.008969981432279407
0.009813043399546287 0.008547608699195419
0.009813043399546287 0.00914169234938327
0.009813043399546287 0.008878403798936903
0.009813043399546287 0.009151616604984779
0.009813043399546287 0.00904223520397201
0.009813043399546287 0.009028226557777215
0.009813043399546287 0.008822028772296044
0.009813043399546287 0.008863126836224283
0.009813043399546287 0.008759378518740481
0.009813043399546287 0.008825367389315419
0.009813043399546287 0.008997097358903514
