7.493875323010768E-4 3.118578320817293E-4
9.363269429284135E-4 3.4067710709433124E-4
9.363269429284135E-4 4.191541615999578E-4
9.363269429284135E-4 4.978574996138672E-4
0.0010241786963864834 6.464450128283687E-4
0.0011552584489896473 7.432908230110013E-4
0.0011552584489896473 8.083162600229169E-4
0.0013674862842411805 8.850473332699464E-4
0.0014096334294955628 9.155797442303508E-4
0.001838932079181749 9.570680834074236E-4
0.001838932079181749 0.0010474858758464307
0.0019417601815567627 0.0011553801205409192
0.0023480245899780323 0.0012329346934229755
0.0023480245899780323 0.001344319424277797
0.002690499641953488 0.0013601643188939888
0.002690499641953488 0.001401351101513174
0.0032761713915447975 0.0014913642858424248
0.0032761713915447975 0.0016679350116286476
0.0032761713915447975 0.0015715151413717937
0.0032761713915447975 0.001683652279278184
0.0032761713915447975 0.001899505129508731
0.0032761713915447975 0.0018675016927764709
0.004009555912324888 0.0019793122795955316
0.004009555912324888 0.002058702306379966
0.004009555912324888 0.0022470583533910297
0.004009555912324888 0.0023846079201199142
0.004009555912324888 0.0024604171046406532
0.004009555912324888 0.002542770684833477
0.005543099477883068 0.002687074417305283
0.005543099477883068 0.002728086430364687
0.005543099477883068 0.0029132469146369248
0.005543099477883068 0.003859511503874761
0.005543099477883068 0.004069150644277483
0.005543099477883068 0.0043866744293111735
0.005543099477883068 0.004550852656003253
0.005543099477883068 0.004506977311036074
0.006349693424800625 0.004552719345673168
0.006349693424800625 0.004638603488097741
0.006349693424800625 0.004744871864726227
0.006349693424800625 0.004815593135670274
0.006349693424800625 0.005067144459818017
0.006843467351922708 0.005158911478475982
0.006843467351922708 0.005471197736092872
0.006843467351922708 0.00519735277252776
0.006843467351922708 0.005342099545531586
0.006843467351922708 0.005237199757358118
0.008572058378446054 0.005336123176098656
0.008572058378446054 0.005429635480641512
0.008572058378446054 0.005869924550983941
0.008572058378446054 0.005959555923744676
0.008572058378446054 0.006009115902907663
0.008572058378446054 0.006365256966855314
0.008572058378446054 0.006631455444184883
0.008572058378446054 0.006924946169572509
0.008572058378446054 0.007422754063285082
0.008572058378446054 0.006958502511396086
0.008572058378446054 0.007425042982099283
0.008572058378446054 0.007368587342765212
0.008572058378446054 0.007295409129821171
0.008572058378446054 0.006959541425708689
0.008572058378446054 0.007367170206975594
0.008572058378446054 0.00778985521092412
0.008572058378446054 0.007131352198971199
0.008572058378446054 0.006953004589441541
0.008572058378446054 0.007043413661258946
0.008572058378446054 0.007475943647843407
0.008572058378446054 0.007469636434290733
0.008572058378446054 0.007193822418960988
0.008572058378446054 0.0076170322999436655
0.008572058378446054 0.0073340642091524145
0.008572058378446054 0.00725891222151948
0.008572058378446054 0.007718599045683895
0.008572058378446054 0.007337014877105144
0.008572058378446054 0.007280606234958265
0.008572058378446054 0.007347354469612466
0.008572058378446054 0.007364821861987687
0.008572058378446054 0.007275637085465003
0.008572058378446054 0.007296982737498817
0.008572058378446054 0.006877772869157442
0.008572058378446054 0.007378446861138563
0.008572058378446054 0.007358903086772022
0.008572058378446054 0.00714230414176441
0.008572058378446054 0.0070959677674785285
0.008572058378446054 0.007095198329167507
0.008572058378446054 0.00726008601543845
0.008572058378446054 0.007412102405305785
0.008572058378446054 0.007518923300049846
0.008572058378446054 0.007804702677724977
0.008572058378446054 0.007747390548576563
0.008572058378446054 0.007299454053722585
0.008572058378446054 0.007579769829976784
0.008572058378446054 0.007468280762138068
0.008572058378446054 0.007451787517389812
0.008572058378446054 0.00780894467656443
0.008572058378446054 0.00734393272621867
0.008572058378446054 0.007420868656621517
0.008572058378446054 0.007288239088808323
0.008572058378446054 0.007301857750687092
0.008572058378446054 0.007194660415978696
0.008572058378446054 0.006967703527552146
0.008572058378446054 0.007110116656570707
0.008572058378446054 0.00697654487189783
0.008572058378446054 0.00720183746538525
0.008572058378446054 0.0072368528231996
0.008572058378446054 0.0073971860323644575
0.008572058378446054 0.007635854962525628
0.008572058378446054 0.007616991895961053
0.008572058378446054 0.007570591178649301
0.008572058378446054 0.007601670650666303
0.008572058378446054 0.007548002092538365
0.008572058378446054 0.007799278551754012
0.008572058378446054 0.007660451748248634
0.008572058378446054 0.007660104371571873
0.008572058378446054 0.0074325943191753
0.008572058378446054 0.0076988895381691624
0.008572058378446054 0.007565443702697577
0.008572058378446054 0.007351830921167469
0.008572058378446054 0.007139162452769731
0.008572058378446054 0.007752275711421243
0.008572058378446054 0.007166102267401352
0.008572058378446054 0.007412089875325643
0.008572058378446054 0.007394332553806118
0.008572058378446054 0.007500535722643439
0.008572058378446054 0.007107820187088551
0.008572058378446054 0.007076183705733276
0.008849827053944681 0.007522047597796284
0.008849827053944681 0.007092874038382031
0.008849827053944681 0.007207317731360246
0.008849827053944681 0.007374667404582445
0.008849827053944681 0.006722410066369823
0.008849827053944681 0.0071894641187801285
0.008849827053944681 0.007497547943149585
0.008849827053944681 0.0071686999410237595
0.008849827053944681 0.007318917555753244
0.008849827053944681 0.007802233663696337
0.008849827053944681 0.007900056729962784
0.008849827053944681 0.007667418218116168
0.008849827053944681 0.00755442805083913
0.008849827053944681 0.007910397718657522
0.008849827053944681 0.00821591222101773
0.008849827053944681 0.007839895357556931
0.008849827053944681 0.008020504120524019
0.008849827053944681 0.00794608637208386
0.008849827053944681 0.008123112372553518
0.008849827053944681 0.008037416612114911
0.008849827053944681 0.008210196524936
0.008849827053944681 0.0076742113373349
0.008849827053944681 0.0076426471436656295
0.008849827053944681 0.007862262329593887
0.008849827053944681 0.007973361830751584
0.008849827053944681 0.00789865430475827
0.008849827053944681 0.008075666241362914
0.008849827053944681 0.008188210587357614
0.008849827053944681 0.007692145854842898
0.008849827053944681 0.008084816406264753
0.008849827053944681 0.008070415310246895
0.008849827053944681 0.007862021096222124
0.008849827053944681 0.007573655021793958
0.008849827053944681 0.00790578623874994
0.008849827053944681 0.00784821496637798
0.008849827053944681 0.007905593904398931
0.008849827053944681 0.007788157689134489
0.008849827053944681 0.007719117247150364
0.008849827053944681 0.008082107528266418
0.008849827053944681 0.0079644905313965
0.008849827053944681 0.008406078300524955
0.008849827053944681 0.007686717186019206
0.008849827053944681 0.008335313060597023
0.008849827053944681 0.007621145651815625
0.008849827053944681 0.007900653890586857
0.008849827053944681 0.0077965444418441965
0.008849827053944681 0.007903295039100935
0.008849827053944681 0.008107007008498639
0.008849827053944681 0.007770467134831514
0.008849827053944681 0.00806287676335148
0.008849827053944681 0.008357069892674825
0.008849827053944681 0.008118023279043903
0.008849827053944681 0.007947914665420637
0.008849827053944681 0.008202478175296306
0.008849827053944681 0.008015195063287373
0.008849827053944681 0.007758300781068127
0.008849827053944681 0.007990175847029702
0.008849827053944681 0.007959746092368256
0.008849827053944681 0.00791856035299469
0.008849827053944681 0.007985590551968727
0.008849827053944681 0.007549098139652713
0.008849827053944681 0.007808264642319179
0.008849827053944681 0.007535607773637076
0.008849827053944681 0.00782281588471655
0.008849827053944681 0.007889287698397541
0.008849827053944681 0.008011657551221296
0.008849827053944681 0.008080126785447166
0.008849827053944681 0.007909522971992952
0.008849827053944681 0.00784386095498109
0.008849827053944681 0.007901061513412154
0.008849827053944681 0.0077801247662249
0.008849827053944681 0.007540903212485413
0.008849827053944681 0.007889905426029022
0.008849827053944681 0.00788202925668665
0.008849827053944681 0.007658136343433309
