5.939149649407613E-4 3.038636807543274E-4
6.977993090623821E-4 3.521998141410425E-4
6.977993090623821E-4 3.928081321700817E-4
6.977993090623821E-4 4.277697635316335E-4
7.49100542513739E-4 4.441218989225934E-4
7.823223855150506E-4 4.7255706608033453E-4
8.511491501958666E-4 5.019091974654379E-4
0.001233164268205698 5.529873064779241E-4
0.001233164268205698 5.846978388743377E-4
0.001233164268205698 6.776346683396821E-4
0.0013343339648013485 8.092085592762378E-4
0.0015867743936709958 9.414392454170629E-4
0.0015867743936709958 0.0010709738135029298
0.0020359576465384848 0.0011174334195780409
0.002086702188359363 0.0011713562821682908
0.002086702188359363 0.0012291836774689475
0.0031301293820854567 0.0012520428569895053
0.003677691429875827 0.0013842757548794013
0.003677691429875827 0.0014943939630903153
0.003677691429875827 0.0016100211569152476
0.003677691429875827 0.0017771407302455992
0.003677691429875827 0.002267214772579764
0.003677691429875827 0.002505067774861919
0.003677691429875827 0.002751404748202019
0.003677691429875827 0.002779599969013252
0.003677691429875827 0.0030522727186482303
0.003677691429875827 0.002991387003070375
0.003677691429875827 0.0029196865314738414
0.003677691429875827 0.0030479800325676205
0.003677691429875827 0.0031217985648670328
0.003677691429875827 0.0031059951992446684
0.003677691429875827 0.003027711413196751
0.003677691429875827 0.0030149995274775586
0.003677691429875827 0.003128207610350559
0.003677691429875827 0.0029728696494980772
0.0040344160210089635 0.0031191343914457386
0.0040344160210089635 0.0032178768337794454
0.0040344160210089635 0.0031766174014167385
0.0040344160210089635 0.003145223141144003
0.0040344160210089635 0.003179784041126712
0.004246013361211688 0.0032471564664404077
0.004246013361211688 0.003217037845437888
0.004246013361211688 0.0031558344172346047
0.004246013361211688 0.0031202701567637475
0.004246013361211688 0.0034606088494611954
0.004246013361211688 0.003237662622047424
0.004246013361211688 0.003390264909187426
0.004246013361211688 0.003338986877646475
0.004246013361211688 0.0032480659052801096
0.004246013361211688 0.003210947810310594
0.004397229562785592 0.0032785532825837177
0.004397229562785592 0.0033078488322881767
0.004397229562785592 0.003404008255382667
0.004397229562785592 0.003213507869606298
0.00721783913657027 0.003248309778264047
0.00721783913657027 0.0035074044324274263
0.00721783913657027 0.003738499424560693
0.00721783913657027 0.004236391886995112
0.00783356573256404 0.005926233565021893
0.00783356573256404 0.00623775079524752
0.00783356573256404 0.006362247213302387
0.00783356573256404 0.006173843064289719
0.00783356573256404 0.006406305682268278
0.00783356573256404 0.006024043431101763
0.00783356573256404 0.006108497271010486
0.00783356573256404 0.005748058613693714
0.00783356573256404 0.006291042787037221
0.00783356573256404 0.0061518058557585575
0.00783356573256404 0.0056270347444282946
0.00783356573256404 0.006328589609253821
0.00783356573256404 0.006693584695863826
0.00783356573256404 0.006968700853457229
0.00783356573256404 0.007170077457107128
0.00783356573256404 0.0072526911676189555
0.00783356573256404 0.006836530157990882
0.00783356573256404 0.006948279584509021
0.00783356573256404 0.006922290303475139
0.00783356573256404 0.007053833356958792
0.00783356573256404 0.007194599063554231
0.00783356573256404 0.00691162806185838
0.00783356573256404 0.006997179859453031
0.00783356573256404 0.0066472459641162655
0.00783356573256404 0.007022743440346523
0.00783356573256404 0.007195212957416386
0.00783356573256404 0.006978995458611903
0.00783356573256404 0.006957159108293175
0.00783356573256404 0.007046006759852641
0.00783356573256404 0.006880081978618478
0.00783356573256404 0.006653772710786619
0.00783356573256404 0.006833000953484405
0.00783356573256404 0.006996491005937664
0.00783356573256404 0.006808898165813434
0.00783356573256404 0.0063437960970762035
0.00783998300711658 0.006849663757152082
0.00783998300711658 0.007016417756262806
0.00783998300711658 0.006927825113571134
0.00783998300711658 0.006872093442766943
0.00783998300711658 0.006728431136150247
0.00783998300711658 0.006851087948207856
0.00783998300711658 0.006988961400570522
0.00783998300711658 0.006384248258575793
0.00783998300711658 0.006457636093651924
0.00783998300711658 0.006195673520869702
0.00783998300711658 0.00607547101175382
0.00783998300711658 0.006505603775811472
0.00783998300711658 0.006088255722569938
0.00783998300711658 0.006899261098528325
0.00783998300711658 0.006834542903127221
0.00783998300711658 0.006676446509205443
0.00783998300711658 0.006795142909296048
0.00783998300711658 0.006725674007729674
0.00783998300711658 0.007065003066932754
0.00783998300711658 0.006709980988440845
0.00783998300711658 0.006786807050052851
0.00783998300711658 0.007130855728243603
0.00783998300711658 0.00682583794827595
0.00783998300711658 0.007099834888236403
0.00783998300711658 0.007294503146280401
0.00783998300711658 0.006573908916903178
0.00783998300711658 0.007022970995074137
0.00783998300711658 0.00721634635999039
0.00783998300711658 0.007147802658210788
0.00783998300711658 0.007099589526736855
0.00783998300711658 0.006723796076409222
0.00783998300711658 0.007003915441377111
0.00783998300711658 0.006836461385591855
0.00783998300711658 0.006957580280124153
0.00783998300711658 0.006899680818624135
0.00783998300711658 0.006970146608839528
0.00783998300711658 0.006922598659126394
0.00783998300711658 0.006669353058753333
0.00783998300711658 0.006966256649068703
0.00783998300711658 0.007192550717011513
0.00783998300711658 0.007206807036013782
0.00783998300711658 0.007028445829919485
0.00783998300711658 0.006834824283847143
0.00783998300711658 0.006989864284437802
0.00783998300711658 0.006773077174096126
0.00783998300711658 0.006776663951934432
0.00783998300711658 0.007109945089227324
0.00783998300711658 0.0068733117112333
0.00783998300711658 0.0066465141490446265
0.00783998300711658 0.007135306749969812
0.00783998300711658 0.006869047038165064
0.00783998300711658 0.007164457870129157
0.00783998300711658 0.007108927095066028
0.00783998300711658 0.006774724540002161
0.00783998300711658 0.006991361976937628
0.00783998300711658 0.006591996561140101
0.00783998300711658 0.006880253779843926
0.00783998300711658 0.00705299108313075
0.00783998300711658 0.006717667074547367
0.00783998300711658 0.006848154156611833
0.00783998300711658 0.006786474694848749
0.00783998300711658 0.007055455846063604
0.00783998300711658 0.006888366493153886
0.00783998300711658 0.007377769197745902
0.00783998300711658 0.006971983229086982
0.00783998300711658 0.007055053073360152
0.00783998300711658 0.006970183876099439
0.00783998300711658 0.007060976752141931
0.00783998300711658 0.0070809732556460616
0.00783998300711658 0.006939521292735292
0.00783998300711658 0.006753966961249448
0.00783998300711658 0.006965849908228576
0.00783998300711658 0.006866414501504738
0.00783998300711658 0.00641095890882742
0.00783998300711658 0.007223049441249571
0.00783998300711658 0.007156283466662659
0.00783998300711658 0.007252463459526875
0.00783998300711658 0.007248899155326358
0.00783998300711658 0.007331147971383897
0.00783998300711658 0.007080443527902827
0.00783998300711658 0.007138839984766641
0.00783998300711658 0.006918034855627175
0.00783998300711658 0.00720556412176311
0.00783998300711658 0.006979632811682904
0.00783998300711658 0.007030235060313067
0.00783998300711658 0.00697477574218027
0.00783998300711658 0.006739562302863453
0.00783998300711658 0.006876656755617771
0.00783998300711658 0.00737765233981974
0.00783998300711658 0.006972453710533511
0.00783998300711658 0.00694240140533126
0.00783998300711658 0.006567711808943238
0.00783998300711658 0.006914353727190034
0.00783998300711658 0.006944481252198641
0.00783998300711658 0.006814704393893022
0.00783998300711658 0.0070150023113550565
0.00783998300711658 0.007055702436072235
0.00783998300711658 0.0069161737847256086
0.00783998300711658 0.0070974233929399924
0.00783998300711658 0.007238997897840505
0.00783998300711658 0.006818370114431096
0.007951436039752569 0.006889028327454695
0.007951436039752569 0.006864526123397133
0.007951436039752569 0.006723607910136895
0.007951436039752569 0.006582429864121131
0.007951436039752569 0.006953370656450903
0.007951436039752569 0.00646308156832619
