5718.0 10774.24
4445.0 9523.355
3727.0 8470.895
3727.0 7860.375
3727.0 7079.18
2677.0 6535.725
2191.0 5647.96
2231.0 5725.23
2231.0 4922.575
2231.0 4481.285
1636.0 3395.915
1329.0 3079.98
1329.0 2973.76
1289.0 2615.61
1289.0 2524.77
1289.0 2477.49
1289.0 2458.925
1289.0 2179.795
1289.0 2070.755
1289.0 1910.79
1289.0 1795.51
1289.0 1730.23
795.0 1855.775
773.0 1739.49
773.0 1592.22
773.0 1663.035
735.0 1570.04
686.0 1263.565
686.0 1268.8
686.0 1183.75
686.0 1162.565
686.0 1168.19
636.0 1151.03
636.0 1166.65
636.0 1036.815
636.0 1008.79
636.0 1158.38
636.0 1126.21
636.0 1319.275
636.0 1132.465
636.0 1171.285
636.0 976.98
636.0 932.07
636.0 941.355
636.0 1002.245
636.0 1025.705
636.0 996.475
636.0 952.84
636.0 889.155
636.0 972.2
636.0 1012.1
636.0 890.625
636.0 919.65
636.0 960.66
636.0 941.24
636.0 962.36
636.0 1068.405
636.0 955.99
636.0 999.075
636.0 945.155
636.0 944.14
333.0 929.16
333.0 923.155
333.0 877.82
333.0 1099.715
333.0 792.37
333.0 732.44
333.0 562.5
333.0 633.86
333.0 424.75
333.0 604.33
333.0 443.37
333.0 472.01
333.0 565.68
333.0 512.575
333.0 656.12
333.0 560.53
333.0 558.52
333.0 566.8
333.0 567.045
333.0 632.04
333.0 524.56
333.0 578.86
333.0 582.23
333.0 529.935
333.0 522.75
333.0 594.49
333.0 527.16
333.0 428.8
333.0 604.335
333.0 585.675
333.0 625.34
333.0 587.18
333.0 538.335
333.0 560.31
333.0 532.285
333.0 639.83
333.0 642.05
333.0 569.095
333.0 523.58
333.0 495.03
333.0 561.425
333.0 584.77
333.0 640.915
333.0 480.835
333.0 564.545
333.0 509.12
333.0 434.86
333.0 556.09
333.0 621.025
333.0 605.305
333.0 597.94
333.0 474.885
333.0 610.115
333.0 564.88
333.0 600.215
333.0 562.49
333.0 552.075
333.0 500.205
333.0 549.775
333.0 583.345
333.0 507.59
333.0 574.975
333.0 604.3
333.0 449.22
333.0 475.315
333.0 532.855
333.0 647.34
333.0 588.235
333.0 508.055
333.0 597.75
333.0 504.625
333.0 517.345
333.0 458.26
333.0 508.17
333.0 500.3
333.0 489.01
333.0 597.795
333.0 546.67
333.0 482.945
333.0 536.68
333.0 569.855
333.0 563.0
333.0 513.07
333.0 541.37
333.0 576.565
333.0 539.21
333.0 518.66
333.0 486.47
333.0 589.55
333.0 449.835
333.0 506.6
333.0 581.075
333.0 719.52
333.0 603.14
333.0 693.39
333.0 584.775
333.0 520.255
333.0 550.46
333.0 510.34
333.0 517.595
333.0 537.735
333.0 577.145
333.0 536.075
333.0 591.29
333.0 551.32
333.0 592.4
333.0 471.445
333.0 563.465
333.0 568.48
333.0 618.065
333.0 557.355
333.0 553.045
333.0 532.895
333.0 479.355
333.0 671.955
333.0 551.205
333.0 494.97
333.0 562.61
333.0 519.96
333.0 540.14
333.0 532.325
333.0 494.685
333.0 530.975
333.0 547.75
333.0 523.715
333.0 548.44
333.0 566.455
333.0 626.81
333.0 459.055
333.0 485.25
333.0 547.995
333.0 541.425
333.0 520.41
333.0 651.915
333.0 553.11
333.0 470.82
333.0 475.665
333.0 606.245
333.0 594.65
