7.256852011423068E-4 3.580641203486182E-4
7.48348859206155E-4 4.1239848016400764E-4
7.48348859206155E-4 4.518659779385373E-4
8.645755734104587E-4 4.885619800797055E-4
9.126154326186553E-4 5.592520756600714E-4
0.001026739983285242 6.07101089665808E-4
0.002333019491314276 7.275402253577482E-4
0.002333019491314276 7.877408821581841E-4
0.002333019491314276 9.726759683144506E-4
0.002808358530836547 0.001313987582912646
0.003158069703999446 0.0016762919875953762
0.004495049182200403 0.002052996216151336
0.004495049182200403 0.002101541858096907
0.004495049182200403 0.0024274508215688796
0.004495049182200403 0.0026345573287544226
0.004495049182200403 0.0030097792923283297
0.00463731139270736 0.00330541188964245
0.00463731139270736 0.003522686853900503
0.00463731139270736 0.003663413386359794
0.00463731139270736 0.0036475099928115094
0.00463731139270736 0.003662287133806684
0.00463731139270736 0.003954151465461897
0.00463731139270736 0.0038734277945829516
0.004778075738433061 0.0038889014307358417
0.004778075738433061 0.003988949737544601
0.005689537797309674 0.003966317015114489
0.005689537797309674 0.003916897987503186
0.005689537797309674 0.00378202183945261
0.005689537797309674 0.0039048057959281874
0.005689537797309674 0.0038296934540599714
0.007872253431692434 0.0036407184946895834
0.007872253431692434 0.00417163914959881
0.007872253431692434 0.004284875140298263
0.007872253431692434 0.004973982723272268
0.009277482856503174 0.005877240289759963
0.009277482856503174 0.0065002933683060106
0.009277482856503174 0.006867171940128406
0.009277482856503174 0.007117913658083258
0.009277482856503174 0.0069102302002631245
0.009277482856503174 0.007332098418619055
0.009277482856503174 0.007945163201223873
0.009277482856503174 0.007812500440575802
0.009277482856503174 0.007940219965069713
0.009277482856503174 0.008012523739990222
0.009277482856503174 0.008031220428545116
0.009277482856503174 0.008275891467223247
0.009277482856503174 0.008097516131274187
0.009277482856503174 0.008681550353587876
0.009277482856503174 0.00856955155891432
0.009277482856503174 0.008518680576139413
0.009277482856503174 0.008331888155825324
0.009277482856503174 0.008316315479456823
0.009277482856503174 0.00837220705471324
0.009277482856503174 0.008328927269909542
0.009277482856503174 0.007991990604283928
0.009277482856503174 0.008017505819977662
0.009277482856503174 0.008472549565154279
0.009277482856503174 0.008701749371338795
0.009277482856503174 0.008161643857850181
0.009277482856503174 0.008087170596942792
0.009277482856503174 0.008271146437954706
0.009277482856503174 0.008241342268932363
0.009277482856503174 0.008247912742611496
0.009277482856503174 0.008506008855692455
0.009277482856503174 0.008278877757446434
0.009277482856503174 0.008478206931346178
0.009277482856503174 0.008601487583720348
0.009277482856503174 0.008229477630854042
0.009277482856503174 0.008286572794244962
0.009277482856503174 0.00858767482428946
0.009277482856503174 0.00858687826348967
0.009277482856503174 0.008317927687252499
0.009277482856503174 0.008380251347039363
0.009277482856503174 0.008837156187075885
0.009277482856503174 0.008306991365376213
0.009277482856503174 0.008390445154607636
0.009277482856503174 0.008324957700114037
0.009277482856503174 0.00842681607201699
0.009277482856503174 0.007878991677205101
0.009277482856503174 0.00785022384895691
0.009277482856503174 0.008151120838211918
0.009277482856503174 0.008445867570130033
0.009277482856503174 0.008532028564406073
0.009277482856503174 0.008303764158258146
0.009277482856503174 0.008289942847080865
0.009277482856503174 0.008261629781540502
0.009277482856503174 0.008306913747161497
0.009277482856503174 0.008389102849222476
0.009277482856503174 0.008167019721978856
0.009277482856503174 0.008203229048455322
0.009277482856503174 0.008155941104483127
0.009277482856503174 0.008625820631344322
0.009277482856503174 0.008524760595676332
0.009277482856503174 0.007951499689978854
0.009277482856503174 0.008690717777694762
0.009277482856503174 0.008286012847256245
0.009277482856503174 0.008342027353132098
0.009277482856503174 0.008299240551242926
0.009277482856503174 0.00826163792362851
0.009277482856503174 0.008226612851990552
0.009277482856503174 0.007709408459629041
0.009280145764600524 0.008423705506444976
0.009280145764600524 0.00872948781152621
0.009280145764600524 0.00845249097753485
0.009280145764600524 0.008048375329625355
0.009280145764600524 0.008326389539738958
0.009280145764600524 0.008473020956081961
0.009280145764600524 0.008491766018445509
0.009280145764600524 0.008442825158205604
0.009280145764600524 0.007897764143869635
0.009280145764600524 0.007977215118288923
0.009280145764600524 0.008204373174754736
0.009280145764600524 0.007786128113207962
0.009280145764600524 0.00803866047444675
0.009280145764600524 0.007946706140857296
0.009280145764600524 0.007910451719395783
0.009280145764600524 0.007678963176277495
0.009280145764600524 0.007527711995181183
0.009280145764600524 0.007439768141864636
0.009280145764600524 0.007661967569696385
0.009280145764600524 0.0082411915185995
0.009280145764600524 0.008286637612904872
0.009280145764600524 0.008186108436911333
0.009280145764600524 0.008130490389767023
0.009280145764600524 0.008513732260229279
0.009280145764600524 0.008164279291866233
0.009280145764600524 0.008175176764727489
0.009280145764600524 0.008305286323095155
0.009280145764600524 0.008735108525586706
0.009280145764600524 0.008346006243155225
0.009280145764600524 0.007941125226963277
0.009280145764600524 0.008539306177336309
0.009280145764600524 0.00869953040494694
0.009280145764600524 0.008548628945922955
0.009280145764600524 0.008791780223701771
0.009280145764600524 0.008262431939824117
0.009280145764600524 0.008533163658864126
0.009280145764600524 0.008700080802966952
0.009280145764600524 0.008602325021688038
0.009280145764600524 0.008266085498131992
0.009280145764600524 0.008574948293905035
0.009280145764600524 0.008359038702189882
0.009280145764600524 0.008774770028302433
0.009280145764600524 0.008247282610381377
0.009280145764600524 0.008353335363952852
0.009280145764600524 0.008250505591119551
0.009280145764600524 0.008450661333543488
0.009280145764600524 0.008650933508438962
0.009280145764600524 0.00852555546023221
0.009280145764600524 0.008450407246069814
0.009280145764600524 0.008463123495109266
0.009280145764600524 0.00838731803464299
0.009280145764600524 0.008417811813147942
0.009280145764600524 0.008197075406860505
0.009280145764600524 0.008087413539906966
0.009280145764600524 0.008060841280774724
0.009280145764600524 0.008208874800951498
0.011395728769648244 0.0086796238245022
0.011395728769648244 0.008334091907735906
0.011395728769648244 0.008318445775713596
0.011395728769648244 0.008087053233826792
0.011395728769648244 0.008369996251467159
0.011395728769648244 0.00809428628408785
0.011395728769648244 0.008662120067481889
0.011395728769648244 0.008709093797647791
0.011395728769648244 0.008242959847218916
0.011395728769648244 0.009288828866918068
0.011395728769648244 0.009944759124457126
0.011395728769648244 0.009929994979477918
0.011395728769648244 0.010052762117200109
0.011395728769648244 0.010298932417358894
0.011395728769648244 0.010449635229556147
0.011395728769648244 0.010586274369972065
0.011395728769648244 0.01046957239713859
0.011395728769648244 0.010519881437996757
0.011395728769648244 0.010439430397794934
0.011395728769648244 0.010585053044903592
0.011395728769648244 0.010612350891920546
0.011395728769648244 0.010752241464895259
0.011395728769648244 0.010376403827003462
0.011395728769648244 0.010089134992264603
0.011395728769648244 0.010566234629936319
0.011395728769648244 0.010570856696036164
0.011395728769648244 0.010458878684003707
0.011395728769648244 0.01068936494417149
0.011395728769648244 0.010372672729902728
0.011395728769648244 0.010488383819870781
0.011395728769648244 0.01066026899673915
0.011395728769648244 0.010264719292683425
0.011395728769648244 0.010260933624619807
0.011395728769648244 0.010337546815923701
0.011395728769648244 0.0102077931341007
0.011395728769648244 0.010290661402442938
0.011395728769648244 0.01041229514760178
0.011395728769648244 0.010524090881355242
0.011395728769648244 0.010358060578853879
0.011395728769648244 0.00991405946267804
0.011395728769648244 0.010313720016378336
0.011395728769648244 0.010411832114004226
0.011395728769648244 0.010213439836175706
