5053.0 10914.695
5622.0 9108.2
3923.0 8481.95
3923.0 7899.575
2645.0 6989.59
1991.0 6223.02
2139.0 5377.905
2139.0 5074.405
2144.0 4874.665
1229.0 4369.19
1401.0 3389.46
1375.0 2634.07
1375.0 2437.255
1096.0 2261.575
978.0 2305.64
978.0 1812.7
978.0 1789.59
944.0 1790.64
531.0 1746.36
465.0 1718.305
465.0 1655.94
465.0 1458.365
465.0 1154.355
465.0 1012.625
465.0 1025.875
465.0 1026.01
465.0 854.48
465.0 788.07
465.0 840.43
465.0 860.405
465.0 779.035
465.0 898.52
465.0 700.525
465.0 684.73
465.0 705.43
465.0 797.205
465.0 704.17
465.0 648.14
465.0 674.865
465.0 830.25
465.0 726.99
465.0 716.54
400.0 775.995
377.0 817.56
377.0 765.66
377.0 780.1
377.0 666.5
377.0 758.435
377.0 983.095
377.0 737.77
377.0 698.335
377.0 589.94
377.0 719.945
377.0 636.075
377.0 694.45
377.0 649.935
377.0 652.0
377.0 646.33
377.0 737.27
377.0 704.735
377.0 739.315
377.0 608.895
377.0 587.79
377.0 552.915
377.0 579.03
377.0 541.725
377.0 561.92
377.0 752.96
377.0 601.435
377.0 620.975
377.0 607.15
377.0 631.74
377.0 748.48
377.0 575.66
377.0 590.005
377.0 527.745
377.0 658.465
377.0 708.21
377.0 612.695
377.0 635.94
377.0 561.92
377.0 625.805
377.0 531.95
377.0 505.715
377.0 736.86
377.0 632.63
377.0 607.98
377.0 590.315
377.0 576.33
377.0 571.83
377.0 750.2
377.0 544.25
377.0 589.76
377.0 572.21
377.0 546.27
377.0 603.64
377.0 510.97
377.0 530.265
377.0 570.705
377.0 628.34
377.0 677.62
377.0 522.335
377.0 613.45
377.0 578.97
377.0 561.335
377.0 546.485
377.0 697.54
377.0 647.665
377.0 596.65
377.0 707.395
377.0 748.77
377.0 613.105
377.0 627.23
377.0 704.805
377.0 568.42
377.0 522.79
377.0 509.455
377.0 619.635
377.0 513.975
377.0 583.78
377.0 609.365
377.0 655.555
377.0 604.56
377.0 559.135
377.0 628.52
377.0 593.44
377.0 563.545
377.0 554.55
377.0 615.795
377.0 600.905
377.0 678.31
377.0 589.795
377.0 573.64
377.0 649.34
377.0 563.385
377.0 539.57
377.0 637.42
377.0 628.135
377.0 556.095
377.0 609.01
377.0 667.765
377.0 719.895
377.0 731.39
377.0 649.12
377.0 704.805
377.0 570.905
377.0 695.37
377.0 616.285
377.0 705.245
377.0 688.095
377.0 571.52
377.0 556.305
377.0 576.02
377.0 662.2
377.0 638.76
377.0 584.515
377.0 605.905
377.0 546.25
377.0 682.245
377.0 682.94
377.0 634.015
377.0 644.27
377.0 588.745
377.0 523.0
377.0 535.78
377.0 559.37
377.0 554.255
377.0 578.955
377.0 728.18
377.0 795.93
377.0 585.675
377.0 640.315
377.0 679.48
377.0 578.385
377.0 612.395
377.0 595.055
377.0 660.135
377.0 657.445
377.0 718.795
377.0 618.07
377.0 587.66
377.0 561.075
377.0 580.5
377.0 554.81
377.0 603.075
377.0 566.785
377.0 571.34
377.0 548.96
377.0 607.165
377.0 501.135
377.0 552.0
377.0 577.43
377.0 560.69
377.0 549.805
377.0 572.715
377.0 618.71
377.0 691.755
377.0 643.35
377.0 589.515
377.0 539.22
