6.414773916968529E-4 3.015015338429693E-4
7.310927789534426E-4 3.5336314995515613E-4
7.65612799680088E-4 4.140137325205294E-4
0.0012282411229133504 4.815484061688163E-4
0.0013381926916744603 5.572754243520453E-4
0.0013381926916744603 6.459794295359963E-4
0.001358799337356844 7.595365827285648E-4
0.001358799337356844 8.169567341780424E-4
0.0031078489423222657 9.14239452886199E-4
0.0031078489423222657 9.97672995888643E-4
0.0031078489423222657 0.001187362331483451
0.0031078489423222657 0.0015847963761008873
0.0031078489423222657 0.0019818746303763503
0.0034865764688260213 0.0022386870000316896
0.003605675473091503 0.0023880385419959545
0.003605675473091503 0.002378803626986787
0.003605675473091503 0.0024746858611268355
0.003605675473091503 0.002553074322440446
0.0037809052419599297 0.0025666621599813246
0.005103753455593143 0.0027059918521338054
0.005103753455593143 0.002619087490191882
0.005886428004319313 0.0028185284037797187
0.005886428004319313 0.003250189753949156
0.005886428004319313 0.0034802983707563667
0.005886428004319313 0.00379007549013358
0.005886428004319313 0.003967488989009927
0.005886428004319313 0.004345540328360655
0.005886428004319313 0.004295531195230936
0.005886428004319313 0.0047694526389455184
0.005886428004319313 0.004805262959029602
0.005886428004319313 0.004994991251228946
0.005886428004319313 0.005137225554880699
0.005886428004319313 0.0051533555987387
0.005886428004319313 0.004993106772897295
0.005886428004319313 0.0050290327337659535
0.005886428004319313 0.004943722244265623
0.005886428004319313 0.005087679655211639
0.005886428004319313 0.005040427479071322
0.0061475926130276455 0.005140778838525703
0.0061475926130276455 0.005000126697137254
0.0061475926130276455 0.005011618483288796
0.0061475926130276455 0.005227874642590994
0.0061475926130276455 0.005032026250782559
0.0061475926130276455 0.004836879770722649
0.0061475926130276455 0.005110737855356746
0.0061475926130276455 0.00519780969070986
0.0061475926130276455 0.0047445859329285104
0.0061475926130276455 0.0050003450675856
0.0061475926130276455 0.005252079129483529
0.0061475926130276455 0.005418694714694297
0.0061475926130276455 0.0052564076266195525
0.0061475926130276455 0.005237258778516013
0.0061475926130276455 0.004995899356433274
0.0061475926130276455 0.005215626427809894
0.0061475926130276455 0.005424202683818607
0.0061475926130276455 0.005247037348123541
0.0061475926130276455 0.005055363844296073
0.0061475926130276455 0.005604243682095302
0.0061475926130276455 0.0051324565711388355
0.0061475926130276455 0.005259124285585928
0.0061475926130276455 0.005101382159757793
0.0061475926130276455 0.005350656404969897
0.0061475926130276455 0.005249863310816061
0.0061475926130276455 0.005349524296832967
0.0061475926130276455 0.0054820680535397895
0.0061475926130276455 0.0054306363724247984
0.0061475926130276455 0.005523393331498339
0.0061475926130276455 0.005497664241274322
0.0061475926130276455 0.005335500393467581
0.0061475926130276455 0.005250938405928186
0.0061475926130276455 0.005322805117907487
0.0061475926130276455 0.005224331575507264
0.0061475926130276455 0.005251466229425382
0.0061475926130276455 0.00530522083342228
0.0061475926130276455 0.005523996146408084
0.0061475926130276455 0.005228299666227425
0.0061475926130276455 0.005237657748917372
0.0061475926130276455 0.005320999955892819
0.0061475926130276455 0.005106158052664925
0.0061475926130276455 0.005672572245660681
0.0061475926130276455 0.005209736739682689
0.0061475926130276455 0.005367143002986662
0.0061475926130276455 0.005559589542166617
0.0061475926130276455 0.005111363171597257
0.0061475926130276455 0.005388213631455747
0.0061475926130276455 0.005370065065957127
0.0061475926130276455 0.0053619330408399245
0.0061475926130276455 0.005203414343033227
0.0061475926130276455 0.00532648352820923
0.0061475926130276455 0.005328082807149087
0.0061475926130276455 0.0050134676630599504
0.0061475926130276455 0.005176312665195157
0.0061475926130276455 0.005209175918482024
0.0061475926130276455 0.00534744212232277
0.0061475926130276455 0.005369602692438319
0.0061475926130276455 0.005151991438041228
0.0061475926130276455 0.005295333376152431
0.0061475926130276455 0.005469845768331767
0.0061475926130276455 0.005177234429705535
0.0061475926130276455 0.005273561297156247
0.0061475926130276455 0.005166568083440237
0.0061475926130276455 0.00553172515227562
0.0061475926130276455 0.005212019608677791
0.0061475926130276455 0.005146406716750446
0.0061475926130276455 0.005342142714821544
0.0061475926130276455 0.005288686539243624
0.0061475926130276455 0.00534986901167233
0.0061475926130276455 0.005270163884936118
0.0061475926130276455 0.005304652740483822
0.0061475926130276455 0.005162026459859332
0.0061475926130276455 0.005332489475153444
0.0061475926130276455 0.005455151407282156
0.0061475926130276455 0.005448416789487095
0.0061475926130276455 0.005399702180604158
0.0061475926130276455 0.0054819993369086975
0.0061475926130276455 0.0052048259944283085
0.0061475926130276455 0.005394428197536513
0.0061475926130276455 0.0052357887871544466
0.0061475926130276455 0.005420890465920195
0.0061475926130276455 0.00542727482316781
0.0061475926130276455 0.005210280501913477
0.0061475926130276455 0.005279040978758048
0.0061475926130276455 0.005046913187783548
0.0061475926130276455 0.005616537126514957
0.0061475926130276455 0.005464367011107009
0.0061475926130276455 0.005507921179501626
0.0061475926130276455 0.005294571945419241
0.0061475926130276455 0.0050509602788221565
0.0061475926130276455 0.005326865036161192
0.0061475926130276455 0.005134051948353543
0.0061475926130276455 0.00513307161680164
0.0061475926130276455 0.005204285776411604
0.0061475926130276455 0.004977263374994219
0.0061475926130276455 0.005163702190948487
0.0061475926130276455 0.0053011512244270165
0.0061475926130276455 0.0055907256851248635
0.0061475926130276455 0.005178072054552956
0.0061475926130276455 0.005385830593999524
0.0061475926130276455 0.005126738696607429
0.0061475926130276455 0.005381268312226359
0.0061475926130276455 0.005235565355688495
0.0061475926130276455 0.0050524778239141414
0.0061475926130276455 0.005111958017514048
0.0061475926130276455 0.0052223527991150185
0.0061475926130276455 0.005042318879019983
0.0061475926130276455 0.005482288755741824
0.0061475926130276455 0.005200810784057836
0.006427358215246756 0.005346014584890321
0.006427358215246756 0.005248771735393184
0.006427358215246756 0.005399718094585465
0.006427358215246756 0.005252985953491253
0.006427358215246756 0.005267459697880418
0.006427358215246756 0.005139400002148681
0.006427358215246756 0.005182826806207302
0.006427358215246756 0.005065796341768039
0.006427358215246756 0.005229087352163456
0.006427358215246756 0.00535612951698648
0.006427358215246756 0.00567551869638015
0.006427358215246756 0.0053713483606985316
0.006427358215246756 0.005400256616068605
0.006427358215246756 0.005566385663107341
0.006427358215246756 0.0052635908508543395
0.006427358215246756 0.005464921646352897
0.006427358215246756 0.005492529875912745
0.006427358215246756 0.005638643095232467
0.006427358215246756 0.005731709651350914
0.006427358215246756 0.005560288271506786
0.006427358215246756 0.005661251085823488
0.006427358215246756 0.005716979353385786
0.009988353710381809 0.00539497942528877
0.009988353710381809 0.005415712820846776
0.009988353710381809 0.005793261124568123
0.009988353710381809 0.006217700881610174
0.009988353710381809 0.007355020155637116
0.009988353710381809 0.008065270278474385
0.009988353710381809 0.008896134400286027
0.009988353710381809 0.008795206699206644
0.009988353710381809 0.008873670977451835
0.009988353710381809 0.008813606305059814
0.009988353710381809 0.008993599827992005
0.009988353710381809 0.008900992779028432
0.009988353710381809 0.009308276351197185
0.009988353710381809 0.009134489708627068
0.009988353710381809 0.009482747090227806
0.009988353710381809 0.008844944395600404
0.009988353710381809 0.008792402860772265
0.009988353710381809 0.009047914987271543
0.009988353710381809 0.009307025264883181
0.009988353710381809 0.008775521760129619
0.009988353710381809 0.009126527986720716
0.009988353710381809 0.008956988088633416
0.009988353710381809 0.008689347675180988
0.009988353710381809 0.009024540769620676
0.009988353710381809 0.008753941465953785
0.009988353710381809 0.008854714993269855
0.009988353710381809 0.008986861682686715
0.009988353710381809 0.009227266282157693
0.009988353710381809 0.008989430943397232
0.009988353710381809 0.00910872616927579
0.009988353710381809 0.00893842750621765
