4285.0 10812.885
2794.0 10029.72
2794.0 8615.03
2794.0 7477.71
2601.0 5727.915
2358.0 4594.195
2358.0 3989.295
2237.0 3540.49
1948.0 3473.44
1772.0 3421.705
1772.0 3247.59
1644.0 2964.295
1362.0 2795.745
1362.0 2595.065
1136.0 2661.815
1136.0 2696.875
1018.0 2590.755
1018.0 2313.16
1018.0 2589.265
1018.0 2400.28
1018.0 1982.99
1018.0 2118.725
856.0 2038.23
856.0 2009.48
856.0 1824.87
856.0 1673.095
856.0 1607.38
856.0 1610.445
491.0 1583.78
491.0 1622.395
491.0 1525.19
491.0 1118.11
491.0 1104.96
491.0 999.205
491.0 887.09
491.0 960.15
491.0 932.285
491.0 867.19
491.0 850.66
491.0 843.575
491.0 740.73
456.0 761.89
456.0 702.885
456.0 856.775
456.0 784.635
456.0 857.165
355.0 899.12
355.0 838.85
355.0 704.86
355.0 712.945
355.0 792.955
355.0 737.665
355.0 750.605
355.0 677.22
355.0 581.55
355.0 688.835
355.0 594.09
355.0 632.07
355.0 651.43
355.0 759.8
355.0 655.685
355.0 523.27
355.0 692.965
355.0 713.02
355.0 743.125
355.0 591.695
355.0 615.22
355.0 721.62
355.0 590.535
355.0 683.195
355.0 686.56
355.0 545.045
355.0 649.605
355.0 629.895
355.0 651.54
355.0 665.1
355.0 714.83
355.0 703.58
355.0 741.43
355.0 644.595
355.0 668.94
355.0 696.94
355.0 650.535
355.0 667.675
355.0 635.22
355.0 618.635
355.0 584.185
355.0 521.11
355.0 559.715
355.0 659.23
355.0 620.15
355.0 612.91
355.0 640.86
355.0 505.72
355.0 637.375
355.0 597.94
355.0 663.79
355.0 675.815
355.0 751.075
355.0 738.76
355.0 713.145
355.0 780.425
355.0 668.925
355.0 652.315
355.0 628.21
355.0 545.355
355.0 559.63
355.0 594.07
355.0 573.685
355.0 596.08
355.0 539.715
355.0 619.685
355.0 615.435
355.0 707.945
355.0 569.365
355.0 639.345
355.0 630.565
355.0 717.395
355.0 546.985
355.0 721.145
355.0 650.14
355.0 631.7
355.0 644.555
355.0 770.645
355.0 763.295
333.0 583.97
333.0 706.57
333.0 704.77
333.0 638.12
333.0 845.14
333.0 663.235
333.0 650.315
333.0 688.96
333.0 679.49
333.0 606.125
333.0 592.26
333.0 587.68
333.0 732.62
333.0 580.655
333.0 501.055
333.0 634.12
333.0 544.74
333.0 560.075
333.0 521.785
333.0 566.595
333.0 491.375
333.0 706.815
333.0 645.89
333.0 599.175
333.0 582.675
333.0 598.985
333.0 529.3
333.0 515.265
333.0 637.41
333.0 522.97
333.0 526.4
333.0 602.485
333.0 682.545
333.0 549.945
333.0 620.37
333.0 568.225
333.0 613.93
333.0 635.055
333.0 527.58
333.0 549.875
333.0 432.955
333.0 692.495
333.0 481.415
333.0 644.665
333.0 590.11
333.0 620.1
333.0 580.325
333.0 517.66
333.0 656.82
333.0 542.71
333.0 460.725
333.0 532.625
333.0 564.81
333.0 495.535
333.0 539.565
333.0 619.14
333.0 578.775
333.0 596.895
333.0 583.535
333.0 527.57
333.0 716.095
333.0 652.385
333.0 663.63
333.0 593.155
333.0 559.1
333.0 566.315
333.0 540.765
333.0 575.845
333.0 582.695
333.0 582.765
333.0 612.45
333.0 676.735
333.0 603.505
333.0 595.525
333.0 684.93
