4613.0 10564.98
4952.0 9491.575
4105.0 8436.995
3660.0 7650.35
3078.0 7272.19
3078.0 7233.8
3078.0 6745.88
3078.0 6546.42
3078.0 6187.565
2332.0 5768.825
2332.0 5120.36
1987.0 5124.46
1974.0 4863.99
1067.0 3787.255
1067.0 3392.42
1067.0 3066.15
1057.0 2644.145
1057.0 2326.65
1057.0 2065.58
1057.0 1736.99
712.0 1695.7
741.0 1545.72
741.0 1526.725
741.0 1473.0
741.0 1495.445
741.0 1337.405
741.0 1097.505
741.0 1159.44
741.0 1306.205
741.0 1091.32
741.0 1191.805
741.0 1014.765
741.0 1066.735
741.0 1162.385
612.0 1029.065
612.0 1126.88
612.0 1154.42
480.0 1193.135
480.0 1107.525
480.0 1119.39
480.0 1060.395
480.0 1063.09
480.0 1060.08
419.0 1099.58
419.0 979.685
419.0 898.675
419.0 790.36
419.0 840.54
419.0 853.055
419.0 649.105
419.0 640.105
419.0 787.915
419.0 799.455
419.0 749.4
419.0 630.045
419.0 702.495
419.0 675.075
419.0 770.66
419.0 668.06
419.0 666.12
419.0 742.13
419.0 609.685
419.0 734.525
419.0 653.61
419.0 653.975
419.0 720.125
419.0 743.97
419.0 660.46
419.0 753.875
419.0 729.505
419.0 706.93
419.0 715.21
419.0 604.15
419.0 705.585
419.0 667.955
419.0 676.145
419.0 620.32
419.0 619.93
419.0 756.035
419.0 779.145
419.0 797.42
419.0 667.465
419.0 724.16
419.0 652.16
419.0 743.515
312.0 710.63
312.0 641.18
312.0 731.77
312.0 628.805
312.0 672.41
312.0 521.89
312.0 558.255
312.0 580.2
312.0 542.885
312.0 535.41
312.0 466.52
312.0 519.165
312.0 536.25
312.0 486.0
312.0 578.41
312.0 585.885
312.0 521.955
312.0 537.42
312.0 509.87
312.0 482.44
312.0 507.665
312.0 559.595
312.0 670.295
312.0 509.29
312.0 574.135
312.0 552.885
312.0 470.37
312.0 506.87
312.0 417.95
312.0 496.5
312.0 459.005
312.0 503.535
312.0 441.925
312.0 496.66
312.0 474.975
312.0 440.72
312.0 591.815
312.0 575.915
312.0 489.155
312.0 556.06
312.0 696.33
312.0 580.725
312.0 529.3
311.0 573.145
311.0 495.775
311.0 566.12
311.0 478.98
311.0 544.245
311.0 448.88
311.0 489.725
311.0 543.305
311.0 614.095
311.0 569.405
311.0 552.455
311.0 554.57
311.0 589.535
311.0 560.36
311.0 496.86
311.0 445.92
311.0 459.37
311.0 491.515
311.0 586.365
311.0 584.13
311.0 552.18
311.0 611.975
311.0 518.96
311.0 451.8
311.0 488.26
311.0 559.22
311.0 503.42
311.0 515.82
311.0 461.43
311.0 452.77
311.0 548.125
311.0 530.42
311.0 449.415
311.0 558.29
311.0 431.265
311.0 443.465
311.0 493.955
311.0 528.92
311.0 603.425
311.0 592.66
311.0 549.315
311.0 556.36
311.0 483.72
311.0 545.76
311.0 497.15
311.0 581.95
311.0 511.075
311.0 486.585
311.0 524.11
311.0 636.415
311.0 477.275
311.0 521.25
311.0 497.035
311.0 458.635
311.0 600.425
311.0 450.56
311.0 522.245
311.0 491.34
311.0 538.24
311.0 540.525
311.0 504.605
311.0 437.515
311.0 587.97
311.0 533.19
311.0 479.37
311.0 524.905
311.0 533.145
311.0 515.22
311.0 487.29
311.0 528.53
311.0 643.66
311.0 529.82
