5.937022792963247E-4 2.9663436540055773E-4
5.937022792963247E-4 3.3837808188686704E-4
6.686610954317151E-4 3.6545801882325755E-4
7.940080231362464E-4 4.0886639785676275E-4
7.940080231362464E-4 4.6420374099074825E-4
0.0015106533025843014 5.61424551233263E-4
0.0017125028434706235 7.42702226881664E-4
0.0018124165520957592 0.0011188047959948641
0.0019207177265338944 0.0012454652569179705
0.0027205225143148337 0.0013873555494767662
0.003391426518313411 0.0014784553939355433
0.003391426518313411 0.001578311162645656
0.003391426518313411 0.0017062488940028635
0.003391426518313411 0.001836552235622505
0.005069072035175039 0.002122780475023478
0.005069072035175039 0.002333447290251432
0.005069072035175039 0.002861879683730231
0.005069072035175039 0.0031398661009312016
0.005126565069482784 0.003632606485117861
0.007731342515059775 0.00403320460238204
0.007731342515059775 0.004253820442953714
0.007731342515059775 0.004423994832554232
0.007731342515059775 0.005066946979047382
0.007731342515059775 0.005170872449308914
0.007731342515059775 0.005919107478591593
0.007731342515059775 0.006825496992727457
0.007731342515059775 0.006833086946888447
0.007731342515059775 0.007004062560424184
0.007731342515059775 0.006737886021872054
0.007731342515059775 0.006449458790080449
0.007731342515059775 0.0068006986298327085
0.007731342515059775 0.006729568352595816
0.007731342515059775 0.006805590017133235
0.007731342515059775 0.006846034247087889
0.007731342515059775 0.006658941281155113
0.007731342515059775 0.006935057521919724
0.007731342515059775 0.007000108372774218
0.007731342515059775 0.006818284255568188
0.007731342515059775 0.006887285834653943
0.007731342515059775 0.007002930641757244
0.007731342515059775 0.006849871009809183
0.007731342515059775 0.006799870365069
0.007731342515059775 0.007073762874254628
0.007731342515059775 0.0068542432261613625
0.007731342515059775 0.0064659617576850546
0.007731342515059775 0.0066287315547269845
0.007731342515059775 0.006779738414369576
0.007731342515059775 0.007111268746063171
0.007731342515059775 0.006822460273218918
0.007731342515059775 0.0066138620123047005
0.007731342515059775 0.0066984633333728736
0.007731342515059775 0.0067241957794450654
0.007731342515059775 0.006852102758119705
0.007731342515059775 0.00710587635666683
0.007731342515059775 0.00688546324901186
0.007731342515059775 0.006827315230540001
0.007731342515059775 0.006715272546188002
0.007731342515059775 0.007031824284679613
0.007731342515059775 0.0063487545119887655
0.008150368590642117 0.0069286522837453375
0.008150368590642117 0.006920892286726753
0.008150368590642117 0.0071756715077732755
0.008150368590642117 0.006828797986376185
0.008150368590642117 0.006834533913692997
0.008150368590642117 0.006765346124050903
0.008150368590642117 0.006510797001838023
0.008150368590642117 0.00652276096324623
0.008150368590642117 0.00632201224087587
0.008150368590642117 0.0069076724964551904
0.008150368590642117 0.006217521493483268
0.008150368590642117 0.005990770525877788
0.008150368590642117 0.006704864581508147
0.008150368590642117 0.00628617127195729
0.008150368590642117 0.006494067058551485
0.008150368590642117 0.006636787796780008
0.008150368590642117 0.007243484067606519
0.008150368590642117 0.007336447213900327
0.008150368590642117 0.007298186717966111
0.008150368590642117 0.007537422117205542
0.008150368590642117 0.007109305043009528
0.008150368590642117 0.0072107672680160285
0.008150368590642117 0.007405317418340583
0.008150368590642117 0.006798049384411004
0.008150368590642117 0.007327150270724353
0.008150368590642117 0.007271283421483611
0.008150368590642117 0.007438743622559931
0.008150368590642117 0.007213623122013415
0.008150368590642117 0.007284259136685261
0.008150368590642117 0.007413460748289408
0.008150368590642117 0.007542540809273444
0.008150368590642117 0.007625170399052931
0.008150368590642117 0.007041960398053996
0.008150368590642117 0.0073356388930937155
0.008150368590642117 0.007262487318658251
0.008150368590642117 0.00721298333458483
0.008150368590642117 0.006851212557338007
0.008150368590642117 0.0071800337517975085
0.008150368590642117 0.0071358788247526264
0.008150368590642117 0.0070872256601840185
0.008150368590642117 0.007055311629288393
0.008150368590642117 0.007336291278382794
0.008150368590642117 0.007341575584277371
0.008150368590642117 0.0072955163999820416
0.008150368590642117 0.007471085193711461
0.008150368590642117 0.007342252982927956
0.008150368590642117 0.006929344252802489
0.008150368590642117 0.007265708211463789
0.008150368590642117 0.006985262734033781
0.008150368590642117 0.007444067398557603
0.008150368590642117 0.007090442007365262
0.008150368590642117 0.007505469184708349
0.008150368590642117 0.0071748463487912705
0.008150368590642117 0.007300067190108593
0.008150368590642117 0.007357975474589135
0.008150368590642117 0.007267150022368119
0.008150368590642117 0.007412909490722919
0.008150368590642117 0.007009583916312459
0.008150368590642117 0.007323371740767789
0.008150368590642117 0.0071632969304593315
0.008150368590642117 0.007323748428025173
0.008150368590642117 0.007588855457480901
0.008150368590642117 0.007074538567129294
0.008150368590642117 0.007171223419930087
0.008150368590642117 0.007403133583404538
0.008150368590642117 0.007638995966361276
0.008150368590642117 0.0073673297310502565
0.008150368590642117 0.007636173607257346
0.008150368590642117 0.006876553308970256
0.008150368590642117 0.007597341663985537
0.008150368590642117 0.007031258771241134
0.008150368590642117 0.0071649026410949305
0.008150368590642117 0.007087203261706397
0.008150368590642117 0.007205737016338418
0.008150368590642117 0.00702989597242675
0.008150368590642117 0.007296462658590234
0.008150368590642117 0.007417020485540461
0.008150368590642117 0.00730185786583976
0.008697588840730703 0.0075281726477233425
0.008697588840730703 0.007507469469801636
0.008697588840730703 0.006952155608337245
0.008697588840730703 0.00733648046331695
0.008697588840730703 0.007292565632624272
0.008697588840730703 0.007534414880704617
0.008697588840730703 0.0074099527141769485
0.008697588840730703 0.00699166006693096
0.008697588840730703 0.007391738645896033
0.008697588840730703 0.0077517850475231605
0.008697588840730703 0.007833847743275005
0.008697588840730703 0.007478176824453301
0.008697588840730703 0.007143445710683157
0.008697588840730703 0.007509549680263602
0.008697588840730703 0.007552919980193522
0.008697588840730703 0.007615218595664522
0.008697588840730703 0.007805598050241161
0.008697588840730703 0.007914533311714688
0.008697588840730703 0.00789195592429014
0.008697588840730703 0.007936011911951838
0.008697588840730703 0.008065833020717793
0.008697588840730703 0.007754544403313588
0.008697588840730703 0.007740001854521667
0.008697588840730703 0.007730899693820703
0.008697588840730703 0.007390779172022287
0.008697588840730703 0.008203716072041322
0.008697588840730703 0.007955068752847757
0.008697588840730703 0.007891333480392946
0.008697588840730703 0.007863570493137972
0.008697588840730703 0.007894862533295226
0.008697588840730703 0.008188631884946746
0.008697588840730703 0.007642412748517586
0.008697588840730703 0.007651812101185015
0.008697588840730703 0.0075496501139167985
0.008697588840730703 0.00789565086609198
0.008697588840730703 0.007815030766427965
0.008697588840730703 0.0076763371212877265
0.008697588840730703 0.007694176401191221
0.008697588840730703 0.0076809783984706625
0.008697588840730703 0.008128613127180637
0.008697588840730703 0.008020989805328638
0.008697588840730703 0.0076944358187321215
0.008697588840730703 0.0076583835480586795
0.008697588840730703 0.007512506191754095
0.008697588840730703 0.007598087510056147
0.008697588840730703 0.007770100260500449
0.008697588840730703 0.007606452348629683
0.008697588840730703 0.008012898872283243
0.008697588840730703 0.007525130870054488
0.008697588840730703 0.007675459012728034
0.008697588840730703 0.007906669076100997
0.008697588840730703 0.007620759589262688
0.008697588840730703 0.007729567776816426
0.008697588840730703 0.007633438291932204
0.008697588840730703 0.007723976901542546
0.008697588840730703 0.007862201063641307
0.008697588840730703 0.007558132065398351
0.008697588840730703 0.007701536296013422
0.008697588840730703 0.0076329324184038995
0.008697588840730703 0.0077919185706893015
0.008697588840730703 0.0079990531799899
0.008697588840730703 0.008185857947260402
0.008697588840730703 0.007962167306391382
