3501.0 11011.385
3501.0 9483.19
3018.0 8245.8
3018.0 7222.33
3018.0 6300.05
3018.0 6507.415
3018.0 5087.115
1837.0 4450.67
1837.0 3915.905
1353.0 3485.785
1353.0 3263.57
1320.0 3096.955
1092.0 2993.325
1092.0 2689.22
1092.0 2287.245
1157.0 2087.245
1157.0 2047.53
840.0 1908.625
762.0 1905.375
715.0 1823.24
662.0 1769.815
662.0 1763.54
583.0 1598.015
583.0 1447.545
583.0 1298.69
583.0 1247.87
583.0 1132.535
583.0 1070.455
583.0 1131.335
583.0 1156.195
583.0 957.18
583.0 1169.335
583.0 1072.265
646.0 991.925
646.0 1015.195
646.0 1002.19
646.0 1044.87
646.0 911.375
646.0 1077.445
646.0 1064.035
646.0 995.695
646.0 1075.74
646.0 1153.165
646.0 983.04
646.0 1040.695
646.0 1217.41
488.0 1026.59
488.0 1092.67
488.0 1081.36
488.0 954.08
488.0 1059.205
488.0 828.1
488.0 814.125
488.0 891.75
488.0 845.44
488.0 757.975
488.0 756.42
488.0 818.445
488.0 938.395
488.0 912.005
488.0 917.225
488.0 785.455
488.0 790.48
488.0 855.34
488.0 746.41
488.0 752.705
488.0 681.535
488.0 842.63
488.0 891.72
488.0 861.205
488.0 1035.99
488.0 764.7
488.0 880.185
488.0 892.47
488.0 889.905
488.0 879.425
488.0 707.965
488.0 954.41
488.0 954.46
488.0 926.1
488.0 903.165
488.0 777.17
488.0 845.12
488.0 778.05
488.0 830.35
488.0 804.51
488.0 938.285
488.0 726.395
488.0 753.75
488.0 770.325
488.0 808.385
488.0 941.445
488.0 857.355
488.0 838.78
488.0 969.74
488.0 841.665
488.0 933.41
488.0 910.92
453.0 860.67
453.0 825.66
453.0 894.255
453.0 689.335
453.0 834.05
453.0 859.47
453.0 887.28
453.0 737.57
444.0 811.825
444.0 791.295
444.0 837.785
444.0 815.805
444.0 768.145
444.0 837.825
444.0 846.295
444.0 728.775
444.0 736.69
444.0 705.43
444.0 733.95
444.0 678.09
444.0 778.615
444.0 797.945
444.0 895.43
444.0 676.87
444.0 754.025
444.0 787.57
444.0 941.59
444.0 726.695
444.0 875.875
444.0 789.02
444.0 667.52
444.0 838.775
444.0 823.985
444.0 810.125
444.0 761.06
444.0 803.995
444.0 745.94
444.0 742.785
444.0 760.05
444.0 764.625
444.0 788.255
444.0 824.305
444.0 742.785
444.0 735.105
444.0 850.975
444.0 738.615
444.0 841.3
444.0 731.225
444.0 833.585
378.0 930.6
378.0 757.765
378.0 763.33
378.0 679.75
378.0 787.345
378.0 797.285
378.0 697.415
378.0 727.295
378.0 741.43
378.0 734.8
378.0 738.68
378.0 772.41
378.0 804.85
378.0 856.135
378.0 741.83
378.0 679.725
378.0 738.22
378.0 799.225
378.0 669.105
378.0 623.4
378.0 658.125
378.0 664.17
378.0 660.795
378.0 633.84
378.0 663.83
378.0 653.3
378.0 814.96
362.0 682.51
362.0 591.28
362.0 564.39
362.0 709.17
362.0 667.105
362.0 689.18
362.0 630.49
362.0 714.07
362.0 718.975
362.0 736.46
362.0 615.02
362.0 677.695
362.0 690.885
362.0 666.5
362.0 744.7
362.0 724.135
362.0 729.965
362.0 602.395
362.0 705.575
362.0 600.01
362.0 640.075
362.0 710.31
362.0 623.355
362.0 665.845
362.0 632.825
362.0 719.955
