8.518334626524132E-4 3.16836364112646E-4
8.518334626524132E-4 3.6046556575423944E-4
8.518334626524132E-4 3.8399637946611993E-4
8.518334626524132E-4 4.2438490482920086E-4
8.518334626524132E-4 4.714219021862071E-4
8.518334626524132E-4 5.055149503193536E-4
0.0010933560309706214 5.596957987237854E-4
0.0010933560309706214 5.901921699178707E-4
0.0010933560309706214 6.149636622486152E-4
0.001453018103871893 7.389264115755415E-4
0.0017874097853743907 8.216705651419288E-4
0.0017874097853743907 8.99982072600041E-4
0.0017877848914167065 0.001000065019609868
0.002427608783551538 0.0010707162942483325
0.002427608783551538 0.001086331063687835
0.002427608783551538 0.0012287055574946922
0.002427608783551538 0.0014982539799569443
0.002427608783551538 0.0017272665178263708
0.002984830832417451 0.0019146237627634638
0.0035172574558484655 0.0021452694060551387
0.0035571249793680143 0.002268221081491641
0.0035571249793680143 0.00261065673071796
0.0035571249793680143 0.0027321709142468483
0.004046295501537888 0.002952137766703043
0.004046295501537888 0.002994715317306951
0.005535243778611206 0.0031886320839536663
0.005535243778611206 0.0033065009139649506
0.005535243778611206 0.003567941187161672
0.005535243778611206 0.0040342801555066626
0.005535243778611206 0.004419327359839024
0.005535243778611206 0.004892200555438053
0.005535243778611206 0.004960464317015887
0.005535243778611206 0.005213258768603528
0.005535243778611206 0.005297232362597624
0.005535243778611206 0.005293659955469624
0.005535243778611206 0.005221727167942978
0.005535243778611206 0.005269947423978405
0.005535243778611206 0.005250837073821789
0.005535243778611206 0.005285141681765999
0.005535243778611206 0.005131334199297846
0.005535243778611206 0.005210761031727119
0.005535243778611206 0.005296009857103674
0.005535243778611206 0.005159884370481189
0.005535243778611206 0.005259846858207162
0.005535243778611206 0.005157963093314582
0.005535243778611206 0.005125861638237603
0.005535243778611206 0.0052894954749225735
0.005535243778611206 0.005278192217188537
0.005535243778611206 0.005322351050077004
0.005535243778611206 0.005140284048050772
0.005535243778611206 0.005342471727215134
0.005535243778611206 0.004969949631125831
0.005535243778611206 0.005036446215830908
0.005535243778611206 0.00525093641856649
0.005535243778611206 0.005265839807336316
0.005535243778611206 0.005254325605905588
0.005535243778611206 0.005335393213610604
0.005535243778611206 0.005259900844297468
0.005535243778611206 0.005187979515740413
0.005535243778611206 0.005304343979021841
0.005535243778611206 0.005189782460425829
0.005535243778611206 0.005215114343767979
0.005535243778611206 0.005266384327804797
0.005535243778611206 0.005277005899779338
0.005535243778611206 0.005184349014044117
0.00562148766746896 0.005291498870493983
0.00562148766746896 0.005252273268219529
0.00562148766746896 0.005265017076142504
0.00562148766746896 0.005305696051632662
0.00562148766746896 0.005264562372844172
0.00562148766746896 0.0054871235011093
0.00562148766746896 0.005215510689543148
0.00562148766746896 0.005236159438325679
0.00562148766746896 0.005415650349165943
0.00562148766746896 0.005418652273575127
0.00562148766746896 0.005360044124407769
0.00562148766746896 0.005358615768820994
0.00562148766746896 0.00533533598880701
0.00562148766746896 0.005341764124991135
0.00562148766746896 0.005380001896196197
0.00562148766746896 0.005149560393405872
0.00590750371801581 0.005268788820640929
0.00590750371801581 0.005358945463755255
0.00590750371801581 0.00552350828527845
0.00590750371801581 0.0054582064093254565
0.00590750371801581 0.005614557171137675
0.00590750371801581 0.0052835047431987895
0.00590750371801581 0.0055821357622344425
0.00590750371801581 0.005584542420079131
0.00590750371801581 0.005594997859473658
0.00590750371801581 0.005509202071817368
0.00590750371801581 0.005508390701279065
0.00590750371801581 0.005515667987046945
0.00590750371801581 0.005713247254762622
0.00590750371801581 0.00551440061560854
0.00590750371801581 0.005617325184266922
0.00590750371801581 0.005741826056030167
0.00590750371801581 0.005522262822833287
0.00590750371801581 0.005406715316019849
0.00590750371801581 0.0055661119729228485
0.00590750371801581 0.005633517545583714
0.00590750371801581 0.005757928669854252
0.00590750371801581 0.005559960171316423
0.00590750371801581 0.005663350643580764
0.00590750371801581 0.005700318813062858
0.00590750371801581 0.005637993377677289
0.00590750371801581 0.005780985453728873
0.00590750371801581 0.0056119813834920205
0.00590750371801581 0.005684477272095886
0.00590750371801581 0.005636951293054481
0.00590750371801581 0.005612032550740445
0.00590750371801581 0.0056245442743167885
0.00590750371801581 0.005587710759233615
0.00590750371801581 0.005597856238157194
0.007862946373433958 0.005675551463019889
0.007862946373433958 0.005704884116166808
0.007862946373433958 0.005640108760951303
0.007862946373433958 0.005802115673479357
0.007862946373433958 0.00659061900395925
0.007862946373433958 0.006909485532352577
0.007862946373433958 0.006961945089018016
0.007862946373433958 0.007050873311967163
0.007862946373433958 0.0072518650652276286
0.007862946373433958 0.007492167552334167
0.007862946373433958 0.007704429484963713
0.007862946373433958 0.007639602840234999
0.007862946373433958 0.007619219585306648
0.007862946373433958 0.007643306484484815
0.007862946373433958 0.007358173794516163
0.007862946373433958 0.007623944392299825
0.007862946373433958 0.0077961341427376365
0.007862946373433958 0.0077023833213783885
0.007862946373433958 0.007712090552011464
0.007862946373433958 0.007457304635370061
0.007862946373433958 0.007466741902716196
0.007862946373433958 0.007634785179536091
0.007862946373433958 0.0076050196583123085
0.007862946373433958 0.007419058456751484
0.007862946373433958 0.007367418234319775
0.007862946373433958 0.007530382151991101
0.007862946373433958 0.007528629291207999
0.007862946373433958 0.00751224603134559
0.007862946373433958 0.007715556578143079
0.007862946373433958 0.007416318658580993
0.007862946373433958 0.007402247993329333
0.007862946373433958 0.007606279844859437
0.007862946373433958 0.007458003715612743
0.007862946373433958 0.007422438992955024
0.007862946373433958 0.00763949811319726
0.007862946373433958 0.007431272447197998
0.007862946373433958 0.007450752052064442
0.007862946373433958 0.007418026156482235
0.007862946373433958 0.007560385012457406
0.007862946373433958 0.007497547040947473
0.007862946373433958 0.007680412182717606
0.007862946373433958 0.007545546246438949
0.007862946373433958 0.007731531249592252
0.007862946373433958 0.007580807728083688
0.007862946373433958 0.00776323198703453
0.007862946373433958 0.007593239078326941
0.007862946373433958 0.007595857616614616
0.007862946373433958 0.007582521765724849
0.007862946373433958 0.007611693289318767
0.007862946373433958 0.0076821705177768495
0.007862946373433958 0.007684570550368224
0.007862946373433958 0.007390785142695106
0.007862946373433958 0.007631912203289725
0.007862946373433958 0.007473311599399256
0.007862946373433958 0.007709082834033388
0.007862946373433958 0.007492217761263648
0.007862946373433958 0.007391551341035022
0.007862946373433958 0.007381536751852341
0.007862946373433958 0.007342647345980075
0.007862946373433958 0.007487588020265751
0.007862946373433958 0.00764528560666282
0.007862946373433958 0.007562927567118989
0.007862946373433958 0.0076127703789216515
0.007862946373433958 0.007652535245818128
0.007862946373433958 0.007506963794735432
0.007862946373433958 0.007563052447521674
0.007862946373433958 0.0077963968472327325
0.007862946373433958 0.007499400252339631
0.007862946373433958 0.007541619067583305
0.007862946373433958 0.007678899809639793
0.007862946373433958 0.0075196887751787555
0.007862946373433958 0.007630913977740167
0.007862946373433958 0.007402745288258413
0.007862946373433958 0.007592388311996092
0.007862946373433958 0.007617748502899282
0.007862946373433958 0.007393851315624126
0.007862946373433958 0.007362496160476353
0.007862946373433958 0.0075308166254218255
0.007862946373433958 0.007619610854424653
0.007862946373433958 0.007430845640551249
0.007862946373433958 0.00764069739655673
0.007862946373433958 0.007612213301460102
0.007862946373433958 0.007371264583257327
0.007862946373433958 0.007602265861821409
0.007862946373433958 0.007450929766769434
0.007862946373433958 0.007323486528493252
