0.0011127428038265527 3.4973109969042626E-4
0.0011127428038265527 4.182485019543393E-4
0.0014261422643797156 5.313153299114828E-4
0.0014261422643797156 7.234469982895151E-4
0.001488010300400073 8.959858753555441E-4
0.0016877985030130478 0.0010625315222793814
0.0017003120207710728 0.0011842426961088286
0.0019034337531479617 0.001287035597549158
0.002197493805465974 0.001366757337723922
0.002197493805465974 0.0013969682505431422
0.0026906727782855613 0.001497312117667017
0.003119828269411596 0.0015856592653524305
0.003119828269411596 0.0017349693270594102
0.003119828269411596 0.0019252369579740398
0.003119828269411596 0.0021195539457153313
0.0038565763755482926 0.0022258291067432114
0.0038565763755482926 0.0025746437995786096
0.0046846758636167754 0.0026940329852781714
0.004790633312644897 0.0031020362609404982
0.004790633312644897 0.0035196764396349055
0.004790633312644897 0.0036366793802943354
0.004790633312644897 0.003871295691518175
0.004790633312644897 0.004169109778439985
0.004790633312644897 0.004367265579919605
0.004790633312644897 0.0043046914730109544
0.004790633312644897 0.004461371440753718
0.004790633312644897 0.0044146267973415474
0.004790633312644897 0.004401126453623715
0.004790633312644897 0.004536922045120532
0.004790633312644897 0.004492740866551836
0.004790633312644897 0.004402381577746302
0.004790633312644897 0.004625101090412419
0.004790633312644897 0.004540547705374877
0.004790633312644897 0.0045109413917537025
0.004790633312644897 0.004609445415968042
0.004790633312644897 0.004511228660964705
0.004790633312644897 0.004537376344303918
0.004790633312644897 0.004465769973024215
0.004790633312644897 0.004458956193979846
0.004790633312644897 0.004553136218266475
0.004790633312644897 0.004517873270513337
0.004790633312644897 0.004605248826295594
0.004790633312644897 0.004539012024970736
0.0062274179024281165 0.0044562683732561476
0.0062274179024281165 0.004600356100428726
0.0062274179024281165 0.004538200632095896
0.0062274179024281165 0.0045782195021331525
0.0062274179024281165 0.004730440497434634
0.0062274179024281165 0.004777647302109955
0.0062274179024281165 0.005066234797306744
0.0062274179024281165 0.005336745461404347
0.0062274179024281165 0.005410883454951511
0.0062274179024281165 0.005669371195731581
0.0062274179024281165 0.005780332652948869
0.0062274179024281165 0.0057843530092748915
0.0062274179024281165 0.005888808174619334
0.0062274179024281165 0.005718630180730253
0.0062274179024281165 0.00574337659444519
0.0062274179024281165 0.005878040113300018
0.0062274179024281165 0.005846078238042499
0.0062274179024281165 0.005809379253471254
0.0062274179024281165 0.005910333458282127
0.0062274179024281165 0.006088741414055053
0.0062274179024281165 0.005973651909620379
0.0062274179024281165 0.005949604843440823
0.0062274179024281165 0.005983663609086631
0.0062274179024281165 0.0058574966438015704
0.0062274179024281165 0.006037651279577556
0.0062274179024281165 0.005999468344658338
0.0062274179024281165 0.005842999938870579
0.0062274179024281165 0.005894615910225344
0.0062274179024281165 0.005986236551577809
0.0062274179024281165 0.005902725619751506
0.0062274179024281165 0.006070619040713276
0.0062274179024281165 0.005795787705929656
0.0062274179024281165 0.005857993780108477
0.0062274179024281165 0.005880962859425429
0.0062274179024281165 0.00587583334514424
0.0062274179024281165 0.006042747595626032
0.0062274179024281165 0.005975854226264003
0.0062274179024281165 0.005956079620258478
0.0062274179024281165 0.006105490471525862
0.0062274179024281165 0.006139935385686188
0.0062274179024281165 0.005907138459130943
0.0062274179024281165 0.005924147098857846
0.0062274179024281165 0.005786424506372579
0.0062274179024281165 0.005977772093514265
0.0062274179024281165 0.005993203619473476
0.0062274179024281165 0.006055274100077021
0.0062274179024281165 0.0058677705373574975
0.0062274179024281165 0.006013874465318097
0.0062274179024281165 0.005893020197496402
0.0062274179024281165 0.005967618294953268
0.0062274179024281165 0.005898959925917745
0.0062274179024281165 0.005849306475536162
0.0062274179024281165 0.005962759903288449
0.0062274179024281165 0.006031886100484091
0.0062274179024281165 0.005920041006683751
0.0062274179024281165 0.00588992817248531
0.0062274179024281165 0.005982164706118348
0.0062274179024281165 0.006014259995169961
0.0062274179024281165 0.005933328063623541
0.0062274179024281165 0.006084894547875583
0.0062274179024281165 0.005919899834297948
0.0062274179024281165 0.005829902392882005
0.0062274179024281165 0.006064886290872019
0.0062274179024281165 0.006062819747041858
0.0062274179024281165 0.005890222814068863
0.0062274179024281165 0.005895587435471556
0.0062274179024281165 0.005932126089334835
0.0062274179024281165 0.005722166403259197
0.0062274179024281165 0.005876460928011845
0.0062274179024281165 0.005928325052502954
0.0062274179024281165 0.0059470140680368475
0.0062274179024281165 0.005953861014310927
0.0062274179024281165 0.006001547514108296
0.0062274179024281165 0.006038767346176766
0.0062274179024281165 0.005988957035552242
0.0062274179024281165 0.006051941131176083
0.0062274179024281165 0.006019930429467738
0.0062274179024281165 0.005817357838587447
0.0062274179024281165 0.0059973834296005455
0.0062274179024281165 0.0058845100287356145
0.0062274179024281165 0.005781472942062863
0.0062274179024281165 0.005864041375660225
0.0062274179024281165 0.006003465140061978
0.0062274179024281165 0.00590053264922901
0.0062274179024281165 0.005972076508091484
0.0062274179024281165 0.005704798889534636
0.0062274179024281165 0.005937491671014357
0.0062274179024281165 0.005833181079190739
0.0062274179024281165 0.005951671009871378
0.0062274179024281165 0.005895248437493141
0.0062274179024281165 0.005925921735391757
0.0062274179024281165 0.005966834395914147
0.0062274179024281165 0.005945072013699544
0.0062274179024281165 0.006102368393156914
0.0062274179024281165 0.005946712576901344
0.0062274179024281165 0.00596137190983898
0.0062274179024281165 0.006014996724959662
0.0062274179024281165 0.005914666917920376
0.0062274179024281165 0.005749138301582203
0.0062274179024281165 0.005989366769810759
0.0062274179024281165 0.006058289501371011
0.0062274179024281165 0.005933416281255179
0.0062274179024281165 0.005736841842276681
0.0062274179024281165 0.005896557936207322
0.0062274179024281165 0.00592544298445313
0.0062274179024281165 0.005927660356721721
0.0062274179024281165 0.005955461218012386
0.0062274179024281165 0.005882170205277514
0.0062274179024281165 0.005873567595055683
0.0062274179024281165 0.0058036018973668824
0.0062274179024281165 0.005887681960403208
0.0062274179024281165 0.005900811517636543
0.0062274179024281165 0.0057309486733776215
0.0062274179024281165 0.0060263425321110155
0.0062274179024281165 0.005898908298973405
0.0062274179024281165 0.005915036082303568
0.0062274179024281165 0.005918274587462584
0.0062274179024281165 0.005981396753108214
0.0062274179024281165 0.005893784510502736
0.0062274179024281165 0.005796694556721835
0.0062274179024281165 0.005730872485255536
0.0062274179024281165 0.005936336291060448
0.0062274179024281165 0.005868995049356373
0.0062274179024281165 0.00561151423415539
0.0062274179024281165 0.00582650729575102
0.0062274179024281165 0.005776523773957664
0.0062274179024281165 0.005688237583616062
0.0062274179024281165 0.005927160106094116
0.0062274179024281165 0.006065423085795656
0.0062274179024281165 0.006005578999573682
0.0062274179024281165 0.00598729463198153
0.0062274179024281165 0.006020562106003746
0.0062274179024281165 0.005895510384273018
0.0062274179024281165 0.005953040881954534
0.0062274179024281165 0.005797207981920124
0.006233625771121568 0.005982212220110208
0.006579137212376953 0.0058560418625878885
0.006579137212376953 0.005768799160157651
0.006579137212376953 0.006007549124188101
0.006579137212376953 0.005909595471699966
0.006579137212376953 0.005796212893393548
0.006579137212376953 0.0061369402011490016
0.006579137212376953 0.005920446221324256
0.006579137212376953 0.005949246964131208
0.006579137212376953 0.0059663588767451614
0.006579137212376953 0.006081362036827223
0.006579137212376953 0.006251955655539229
0.006579137212376953 0.006238411176517577
0.006579137212376953 0.006102605004117667
0.006579137212376953 0.006033115599528049
0.006579137212376953 0.006181688712930789
0.006579137212376953 0.006249726091640496
0.006579137212376953 0.006219882573876194
0.006579137212376953 0.006074222289844406
0.006579137212376953 0.006308985589817535
0.006579137212376953 0.006165195098080026
0.006579137212376953 0.006334122802303821
