4747.0 11389.955
4747.0 10093.485
3832.0 8882.46
3832.0 7992.25
2834.0 7245.755
2834.0 7146.21
3201.0 6380.835
3269.0 6105.01
2860.0 5455.565
2109.0 4711.02
2109.0 4507.165
2541.0 4171.64
2541.0 4143.63
1602.0 4032.735
1602.0 3680.81
1438.0 3394.55
1438.0 3277.84
1437.0 2977.865
1437.0 2768.475
1003.0 2442.145
1003.0 2425.21
1003.0 2337.485
1003.0 2260.31
1003.0 2114.335
461.0 1979.79
461.0 1794.605
461.0 1917.525
461.0 1844.68
461.0 1617.13
461.0 1632.41
461.0 1185.705
461.0 784.03
461.0 912.855
461.0 852.49
461.0 795.18
406.0 844.695
406.0 820.79
406.0 818.61
406.0 665.295
406.0 748.14
406.0 718.465
406.0 717.445
406.0 729.41
406.0 829.915
406.0 766.31
406.0 763.06
406.0 711.88
406.0 576.075
406.0 761.66
406.0 712.6
406.0 804.025
406.0 815.88
406.0 735.795
406.0 640.38
406.0 706.1
406.0 727.82
406.0 753.595
406.0 720.835
406.0 768.315
406.0 804.59
406.0 712.035
406.0 694.615
406.0 818.895
406.0 706.825
406.0 821.86
406.0 641.37
406.0 740.96
406.0 717.71
406.0 766.51
406.0 790.635
406.0 783.875
406.0 752.62
406.0 714.555
406.0 585.985
406.0 759.455
406.0 763.135
406.0 675.82
406.0 674.905
406.0 641.61
406.0 702.865
406.0 696.855
406.0 676.385
406.0 657.52
406.0 872.95
406.0 804.645
406.0 697.84
406.0 631.865
406.0 735.835
406.0 658.065
406.0 743.18
406.0 759.535
406.0 716.015
406.0 798.915
406.0 719.525
406.0 799.575
406.0 737.15
406.0 701.145
406.0 804.445
406.0 669.375
406.0 743.795
406.0 682.01
406.0 688.37
406.0 738.15
406.0 830.945
406.0 640.255
406.0 716.98
406.0 844.755
406.0 729.06
406.0 835.035
406.0 698.205
406.0 853.435
406.0 726.945
406.0 771.845
406.0 897.325
406.0 877.8
406.0 701.175
406.0 775.73
406.0 813.375
406.0 800.355
406.0 723.885
406.0 691.2
406.0 764.505
406.0 807.29
406.0 790.125
406.0 843.775
406.0 703.205
406.0 702.58
406.0 673.555
406.0 823.43
406.0 665.99
406.0 690.285
406.0 741.175
406.0 766.56
406.0 777.01
406.0 681.59
406.0 716.6
406.0 735.005
406.0 696.815
406.0 746.39
406.0 815.325
406.0 706.465
406.0 732.215
406.0 780.65
406.0 704.125
406.0 648.13
406.0 744.605
406.0 742.24
406.0 749.655
406.0 723.525
406.0 810.005
406.0 706.175
406.0 663.97
406.0 657.53
406.0 650.335
406.0 683.09
406.0 644.71
406.0 724.545
406.0 609.565
406.0 684.02
406.0 758.515
406.0 745.445
406.0 715.535
406.0 713.05
406.0 649.81
406.0 658.035
406.0 629.79
406.0 731.82
406.0 807.23
406.0 660.84
406.0 760.155
406.0 774.055
406.0 656.715
406.0 814.27
406.0 791.58
406.0 710.51
406.0 723.32
406.0 726.34
406.0 714.89
406.0 799.715
406.0 750.85
406.0 770.165
406.0 698.845
406.0 697.44
406.0 718.925
406.0 601.22
406.0 764.71
406.0 669.295
406.0 705.235
406.0 645.27
406.0 745.065
406.0 727.03
406.0 767.26
406.0 655.525
400.0 672.985
400.0 846.235
400.0 797.645
400.0 738.85
400.0 786.77
400.0 834.635
400.0 823.34
