6.298525929434787E-4 3.246678337309867E-4
8.565730933890563E-4 3.7339935259372896E-4
8.565730933890563E-4 4.0305258404934154E-4
8.988566444661951E-4 4.489512122462774E-4
0.001377393627328043 5.428256941437937E-4
0.001377393627328043 6.306529159810141E-4
0.0014964933351400067 7.087672405181273E-4
0.0014964933351400067 8.218218859671869E-4
0.0016743845558576586 9.401333384005296E-4
0.0016743845558576586 0.0010084825762528866
0.0018075306769931472 0.0011556209160109119
0.002096948643462821 0.0012053498877180207
0.002096948643462821 0.0012526132995902021
0.002376715018412109 0.0013135098212088542
0.002839412291877702 0.0014383721091531245
0.0029379280212391266 0.0015280412653648965
0.0029963466842101525 0.0017293266934513291
0.0029963466842101525 0.0018500523711839452
0.003142207193573391 0.002046878993883326
0.003334898220644704 0.0022087900886216803
0.003492743118238642 0.002313897989918335
0.0037284950043380946 0.002298048201471813
0.0046792249973518435 0.002427190759921715
0.0046792249973518435 0.002666641778517855
0.0046792249973518435 0.0026472563749049623
0.0046792249973518435 0.002797560716048064
0.0046792249973518435 0.002850458306069487
0.005195009646276034 0.002855807338830324
0.005195009646276034 0.002924093852572067
0.005195009646276034 0.0032187795140384075
0.006455390662189653 0.0034678882747180046
0.006455390662189653 0.00361729102730119
0.006455390662189653 0.003873484102651919
0.006455390662189653 0.0041402915410488055
0.006455390662189653 0.004583864383983182
0.006455390662189653 0.005137431321804006
0.006455390662189653 0.005229587531106825
0.006455390662189653 0.0058053624262271375
0.006455390662189653 0.005535952674757678
0.006455390662189653 0.0056054695067474895
0.007530608233383854 0.005749640918994349
0.007530608233383854 0.005482394334896367
0.007530608233383854 0.0057240929543140254
0.007530608233383854 0.005816874130742393
0.007530608233383854 0.006263379340125413
0.007530608233383854 0.006270527399224959
0.007530608233383854 0.006488917120240884
0.007530608233383854 0.0064453127719633595
0.007530608233383854 0.006374150936086746
0.007530608233383854 0.006415085504660714
0.007530608233383854 0.00641049227467007
0.007530608233383854 0.00677902187013274
0.007530608233383854 0.006480342846720214
0.007530608233383854 0.006415806117322724
0.007530608233383854 0.006811770612068597
0.007530608233383854 0.006427804383043189
0.007530608233383854 0.006592795730774421
0.007530608233383854 0.006382203638365352
0.007530608233383854 0.006660431705535759
0.007530608233383854 0.006672490002412334
0.007530608233383854 0.006684709762346982
0.007530608233383854 0.006719206941555671
0.007530608233383854 0.006808784632235359
0.007530608233383854 0.006823623247035695
0.007530608233383854 0.006538795031655328
0.007530608233383854 0.006702022506631941
0.007530608233383854 0.006710681487232894
0.007530608233383854 0.006840102900847225
0.007530608233383854 0.006646259154283276
0.007530608233383854 0.0068861464427150375
0.007530608233383854 0.006677445532103472
0.007530608233383854 0.0066284489403643935
0.007530608233383854 0.0067231618511256
0.007530608233383854 0.006370319634961966
0.007530608233383854 0.006635026674264009
0.007530608233383854 0.006550786369101707
0.007530608233383854 0.006741700234754231
0.007530608233383854 0.0061807611990824345
0.007530608233383854 0.006593034130079059
0.007530608233383854 0.007018294952970131
0.007530608233383854 0.006559534206318234
0.007530608233383854 0.006601084654357037
0.007530608233383854 0.00656448246237992
0.007530608233383854 0.006724215875747548
0.007530608233383854 0.006879287481288073
0.007530608233383854 0.0067384327775885525
0.007530608233383854 0.006800334343817597
0.007530608233383854 0.006528751399785346
0.007530608233383854 0.006578024880144161
0.007530608233383854 0.006780437482770365
0.007530608233383854 0.006627295532129694
0.007530608233383854 0.0064475339638156645
0.007530608233383854 0.006829791056628989
0.007530608233383854 0.0068479395097433005
0.007530608233383854 0.006528893362758573
0.007530608233383854 0.0063675621122892025
0.007530608233383854 0.006241715903517015
0.007530608233383854 0.006444882005868412
0.007530608233383854 0.006617847897704198
0.007530608233383854 0.006850440068555753
0.007530608233383854 0.006842581046612574
0.007530608233383854 0.006843842550679609
0.007530608233383854 0.00655203284913077
0.007530608233383854 0.006483040132218648
0.007530608233383854 0.00598870638048407
0.007530608233383854 0.006542568585805497
0.007530608233383854 0.006732785442601729
0.007530608233383854 0.006766265906383332
0.007530608233383854 0.006428272987487279
0.007530608233383854 0.0066775191385876256
0.007530608233383854 0.006806899426950964
0.007530608233383854 0.006549955766053942
0.007530608233383854 0.0064539785427112795
0.007530608233383854 0.006527782995083923
0.007530608233383854 0.0070293272069181624
0.007530608233383854 0.006664340467414944
0.007530608233383854 0.006593314773366307
0.007530608233383854 0.006869715185752369
0.007530608233383854 0.006756861996902782
0.007530608233383854 0.006940014745814075
0.007530608233383854 0.006563917315285906
0.007530608233383854 0.006791703034468175
0.007530608233383854 0.006476228430488985
0.007530608233383854 0.006396572773607334
0.007530608233383854 0.006498249038922792
0.007530608233383854 0.006805445623615158
0.007530608233383854 0.006528383220231424
0.007530608233383854 0.006447999927874475
0.007530608233383854 0.006987517128149422
0.007530608233383854 0.006402581548129795
0.007530608233383854 0.00633959902522949
0.007530608233383854 0.006690060678878677
0.007530608233383854 0.006852781753983988
0.007530608233383854 0.006508917364400789
0.007530608233383854 0.006493611819700389
0.007530608233383854 0.006603891526576366
0.007530608233383854 0.006299494584700736
0.007530608233383854 0.0065527328754466894
0.007530608233383854 0.006557440939393842
0.007530608233383854 0.0063031654646859905
0.007530608233383854 0.00655045548577729
0.007530608233383854 0.006613809077901482
0.007530608233383854 0.006633753216996829
0.007530608233383854 0.006809787749314637
0.007530608233383854 0.006661591013837328
0.007530608233383854 0.006659193096878654
0.007530608233383854 0.0068611452359650495
0.007530608233383854 0.006635727605874221
0.007530608233383854 0.006722100139296796
0.007592333791112269 0.006627234115342573
0.007592333791112269 0.006685506595197467
0.007592333791112269 0.006518115087332223
0.007592333791112269 0.006849710046444409
0.007592333791112269 0.006565578429454338
0.007592333791112269 0.006599591356216874
0.007592333791112269 0.006498345945657009
0.007592333791112269 0.006519235286246351
0.007592333791112269 0.006655440593067042
0.007592333791112269 0.006565077946073373
0.007592333791112269 0.006071078254207479
0.007592333791112269 0.005917993510610158
0.007592333791112269 0.006508341276607242
0.007592333791112269 0.0064303511848883485
0.007592333791112269 0.006430266301231374
0.007592333791112269 0.006245004426608779
0.007592333791112269 0.006367162551471577
0.007592333791112269 0.006519359742121152
0.007592333791112269 0.006770895390584747
0.007592333791112269 0.006837279169022441
0.007592333791112269 0.006324274261682178
0.007592333791112269 0.006449906964315499
0.007592333791112269 0.006575536700309515
0.007592333791112269 0.006758437818015031
0.007592333791112269 0.006688991399288352
0.007592333791112269 0.006888273515198962
0.007592333791112269 0.006817024363231148
0.007592333791112269 0.006484244420324807
0.007592333791112269 0.0067688786417526795
0.007592333791112269 0.006808996834045543
0.007592333791112269 0.006817854939803472
0.007592333791112269 0.00707062720412656
0.007592333791112269 0.006784446122697915
0.007592333791112269 0.0068469524698958565
0.007592333791112269 0.006796507385067564
0.007592333791112269 0.006625245342333168
0.007592333791112269 0.006939188123093949
0.007592333791112269 0.006404464533302298
0.007592333791112269 0.006327902715075015
0.007592333791112269 0.0065028126535134935
0.007592333791112269 0.006749500105797336
0.007592333791112269 0.006716805485233232
0.007592333791112269 0.006676273721814394
0.007592333791112269 0.007022687362901368
0.007592333791112269 0.006802917320828269
0.007592333791112269 0.0065988813748593216
0.007592333791112269 0.0063248435510594135
0.007592333791112269 0.006740580156124564
0.007592333791112269 0.006978619527390594
0.007592333791112269 0.007026278605801074
0.007592333791112269 0.0067818985377675785
