5.85275558976523E-4 3.0597652781475594E-4
5.900535138881383E-4 3.3976185609891447E-4
6.722887965788192E-4 3.7643335445889444E-4
6.722887965788192E-4 3.993082104056809E-4
0.0010780084158514699 4.340056134492041E-4
0.001091999251779841 4.8395993009171204E-4
0.001091999251779841 5.041301431513458E-4
0.0013113348587488014 5.692662531560867E-4
0.0013113348587488014 6.459886513460303E-4
0.0016131158600173323 8.222492159442791E-4
0.0017407941434250127 9.501214436588977E-4
0.0021529258438194015 0.0010510985021970852
0.0021529258438194015 0.001197756805513579
0.0021529258438194015 0.0012282021819851063
0.002272929476434993 0.001317211418656315
0.0027912013135601905 0.001440922448327227
0.0027912013135601905 0.001563259346415072
0.003536472177881119 0.0017666185150973354
0.003536472177881119 0.0018450768372224805
0.003536472177881119 0.0019021777544151325
0.003536472177881119 0.002015664059275306
0.004320506600458577 0.0020319463416784158
0.004320506600458577 0.002296323611030464
0.004849634923794397 0.00240031887239428
0.004849634923794397 0.002792392380936803
0.006322897533420456 0.003182471976773559
0.006322897533420456 0.00324744497023261
0.006322897533420456 0.003685763140348374
0.006322897533420456 0.004006982601237376
0.006322897533420456 0.004137300875173047
0.006322897533420456 0.004760687180187196
0.006322897533420456 0.004792284533169892
0.006322897533420456 0.005366026142362299
0.006322897533420456 0.0056031025549338346
0.006322897533420456 0.005527766200937365
0.006322897533420456 0.005622157862029895
0.006322897533420456 0.005757732952909641
0.006322897533420456 0.005468142719643683
0.006322897533420456 0.005251789797742881
0.006322897533420456 0.00558067289486056
0.006322897533420456 0.005521402012072855
0.006322897533420456 0.005378309091284451
0.006322897533420456 0.005599604148664258
0.006322897533420456 0.005365816355534444
0.006322897533420456 0.005617404653449299
0.006322897533420456 0.005403530100194484
0.006322897533420456 0.005653242375322851
0.006322897533420456 0.005370529540435613
0.006322897533420456 0.005292151925162305
0.006322897533420456 0.005379874400763311
0.006322897533420456 0.005244830484134175
0.006322897533420456 0.0055492282982412666
0.006322897533420456 0.005274824579280551
0.006322897533420456 0.005323519761348928
0.006322897533420456 0.0052975543693367455
0.006322897533420456 0.0053507498277573775
0.006322897533420456 0.005434277412548286
0.006322897533420456 0.005444468845729787
0.006322897533420456 0.005706637517602563
0.006322897533420456 0.00555096750478
0.006322897533420456 0.0054397288240586785
0.006322897533420456 0.005541865460137772
0.006322897533420456 0.005312196249743537
0.006322897533420456 0.0056895236918764625
0.006322897533420456 0.0053267595585310655
0.006322897533420456 0.005422980097787773
0.006322897533420456 0.005335794912857262
0.006322897533420456 0.005356237821534925
0.006322897533420456 0.0054249551523316095
0.006322897533420456 0.005473047100168775
0.006322897533420456 0.005735976835986418
0.006322897533420456 0.005490760390450212
0.006322897533420456 0.005757704721484596
0.006322897533420456 0.005463755480145772
0.006322897533420456 0.0053596445852195865
0.006322897533420456 0.0054780065735391984
0.006322897533420456 0.005377289766771254
0.006322897533420456 0.005426291943893435
0.006322897533420456 0.005623846910801003
0.006322897533420456 0.005644885598977423
0.006322897533420456 0.005570493597262758
0.006322897533420456 0.005657369565704439
0.006322897533420456 0.005693000325905783
0.006322897533420456 0.005482055900310391
0.006322897533420456 0.005414678027616262
0.006322897533420456 0.00530382380094443
0.006322897533420456 0.00527960930333174
0.006322897533420456 0.005439730346139051
0.006322897533420456 0.005349381338490711
0.006322897533420456 0.0050711174422195075
0.006322897533420456 0.005350537880350035
0.006322897533420456 0.005387967143474889
0.006322897533420456 0.005262660727533009
0.006322897533420456 0.005271711981492288
0.006322897533420456 0.005271445643887235
0.006322897533420456 0.005661443553289775
0.006322897533420456 0.005663123964162513
0.006322897533420456 0.0058107932234397796
0.006322897533420456 0.005722227475968942
0.006322897533420456 0.005465109495118564
0.006322897533420456 0.005540479197206441
0.006322897533420456 0.0054524495722287954
0.006322897533420456 0.005644383895063587
0.006322897533420456 0.005372457094555456
0.006322897533420456 0.005559979084844924
0.006322897533420456 0.005528706651286
0.006322897533420456 0.005812485936675244
0.006322897533420456 0.005509649448183963
0.007692560574852669 0.005753807601705843
0.007692560574852669 0.005769575345146815
0.007692560574852669 0.005670113629435668
0.007692560574852669 0.006050367082071235
0.007692560574852669 0.00572411169457207
0.007692560574852669 0.005836167801889764
0.007692560574852669 0.005740004364337541
0.007692560574852669 0.005894804807957697
0.007692560574852669 0.005966086766919149
0.007692560574852669 0.005902252317925693
0.007692560574852669 0.006145097685783002
0.007692560574852669 0.006236896834275264
0.007692560574852669 0.006119929606173822
0.007692560574852669 0.006666564928034494
0.007692560574852669 0.006883507566695824
0.007692560574852669 0.00719758374974109
0.007692560574852669 0.007008021901174614
0.007692560574852669 0.0066787773493787094
0.007692560574852669 0.007013019796380609
0.007692560574852669 0.006690740120167916
0.007692560574852669 0.006814122868175499
0.007692560574852669 0.00675737738123903
0.007692560574852669 0.006918901561082348
0.007692560574852669 0.0069470617958173045
0.007692560574852669 0.006682577358741403
0.007692560574852669 0.006632169754582962
0.007692560574852669 0.006725415632024684
0.007692560574852669 0.0066403535020105806
0.008128320447973732 0.00663301097648324
0.008128320447973732 0.006787052171029828
0.008128320447973732 0.006957996218268319
0.008128320447973732 0.0068913170591002396
0.008128320447973732 0.006875928149973993
0.008128320447973732 0.007087954206471019
0.008128320447973732 0.007137680936611608
0.008128320447973732 0.007278582714852393
0.008128320447973732 0.0071303470927947185
0.008128320447973732 0.007170335731453984
0.008128320447973732 0.007491905551630565
0.008128320447973732 0.007323815965864355
0.008128320447973732 0.007015171993794269
0.008128320447973732 0.007298466899554532
0.008128320447973732 0.007263449079833105
0.008128320447973732 0.007157314798372258
0.008128320447973732 0.007350600108253955
0.008128320447973732 0.007164714574533084
0.008128320447973732 0.007259483735516132
0.008128320447973732 0.0069211257988774965
0.008128320447973732 0.0067526569487727115
0.008128320447973732 0.007249861051551517
0.008128320447973732 0.007327557266102607
0.008128320447973732 0.007371036965268929
0.008128320447973732 0.007109840893741142
0.008128320447973732 0.007401100810701263
0.008128320447973732 0.007338209910506956
0.008128320447973732 0.00710785841276388
0.008128320447973732 0.007208406483146794
0.008128320447973732 0.007418253708968902
0.008128320447973732 0.006916466145746168
0.008128320447973732 0.007061025242608653
0.008128320447973732 0.006955182542709151
0.008128320447973732 0.007507316948061354
0.008128320447973732 0.007487610423395161
0.008128320447973732 0.006915425007893474
0.008128320447973732 0.00708817772108153
0.008128320447973732 0.0072309473973747665
0.008128320447973732 0.007130293178107105
0.008128320447973732 0.007505643444087479
0.008128320447973732 0.007473861069053836
0.008128320447973732 0.007433504522053384
0.008128320447973732 0.007317177286686295
0.008128320447973732 0.007049664385862681
0.008128320447973732 0.007302707220286454
0.008128320447973732 0.007013776505603567
0.008128320447973732 0.007194082504953775
0.008128320447973732 0.00722222679330728
0.008128320447973732 0.006851123281299687
0.008128320447973732 0.006949093083688505
0.008128320447973732 0.00708060013854989
0.008128320447973732 0.007111080852165854
0.008128320447973732 0.00712127070200911
0.008128320447973732 0.007388818752832327
0.008128320447973732 0.007320468087490673
0.008128320447973732 0.007491823937041167
0.008128320447973732 0.007241583007721929
0.008128320447973732 0.00740610156947928
0.008128320447973732 0.006982507778239479
0.008128320447973732 0.007492693359586268
0.008128320447973732 0.007375326811737879
0.008128320447973732 0.007055578640138513
0.008128320447973732 0.007342603230698115
0.008128320447973732 0.007239961162739823
