5.791626881555383E-4 2.9933422513844766E-4
7.309679826815401E-4 3.382029942868977E-4
7.309679826815401E-4 3.7231869356565007E-4
9.87340195826012E-4 4.316236235662009E-4
9.87340195826012E-4 4.934626749674646E-4
0.0011134436911563537 5.692382897337098E-4
0.0011277567522486015 6.457848397226875E-4
0.0013907582612398977 7.60095352501676E-4
0.0013907582612398977 8.617532979803866E-4
0.0013907582612398977 9.436335588084932E-4
0.0017591178414275755 9.754950786630094E-4
0.0017591178414275755 0.0010474239534336554
0.001991378733472564 0.0011164057405865788
0.001991378733472564 0.0011827071188797624
0.002092455235276202 0.0012320271765884343
0.002092455235276202 0.0012936208851045412
0.002253079105957452 0.0013121767662441538
0.002253079105957452 0.0013804355343523655
0.0023732736386927497 0.0014920660273488393
0.0030810013676722155 0.001468119847801987
0.0030810013676722155 0.0014571282176244421
0.0030810013676722155 0.0015897598065450875
0.0030810013676722155 0.0015544817937771969
0.0030810013676722155 0.0016144657752941913
0.0030810013676722155 0.001549235459009863
0.0030810013676722155 0.001620118350428066
0.003619294494538616 0.001750155292558353
0.003619294494538616 0.001791251718527058
0.003619294494538616 0.0017781962136044474
0.003619294494538616 0.0019876472957594295
0.003619294494538616 0.0020477288211483893
0.003619294494538616 0.002130398326070401
0.003619294494538616 0.002297001527161122
0.003619294494538616 0.002398384456499921
0.0054112497774623574 0.002883378286037432
0.0054112497774623574 0.0031915047077828635
0.0054112497774623574 0.0032612272328528483
0.0054112497774623574 0.0036935352240397524
0.0054112497774623574 0.004074182848164942
0.0054112497774623574 0.004117135567300042
0.0054112497774623574 0.004484797170991085
0.0054112497774623574 0.004531700019476647
0.0054112497774623574 0.00466540857661633
0.0054112497774623574 0.004542984595791217
0.0054112497774623574 0.004591147475262241
0.0054112497774623574 0.004489752005294893
0.0054112497774623574 0.004307385063886656
0.0054112497774623574 0.004453843561615323
0.0054112497774623574 0.004646405813310855
0.0054112497774623574 0.004772566812692741
0.0054112497774623574 0.004353936024636756
0.0054112497774623574 0.00456258596425668
0.0054112497774623574 0.00471364618929933
0.0054112497774623574 0.004522633996828318
0.0054112497774623574 0.004679472953762642
0.0054112497774623574 0.004783459325877928
0.0054112497774623574 0.004777387765607938
0.0054112497774623574 0.004865691294925107
0.0054112497774623574 0.004744787215425993
0.0054112497774623574 0.004302191315856628
0.0054112497774623574 0.004592218000043008
0.0054112497774623574 0.004644253982079472
0.0054112497774623574 0.004908232877635483
0.0054112497774623574 0.004747222019569253
0.0054112497774623574 0.004582412388022666
0.0054112497774623574 0.004749014666718267
0.0054112497774623574 0.0044304414632368285
0.0054112497774623574 0.004571478819178625
0.0054112497774623574 0.0047019841521999586
0.0054112497774623574 0.004639214388825375
0.0054112497774623574 0.004788495168367361
0.005417616609466763 0.004786951876513493
0.005417616609466763 0.004573978124694106
0.005417616609466763 0.004588802715968526
0.005517559218537485 0.004470151828254715
0.005517559218537485 0.004860115006713903
0.005517559218537485 0.00479117512529751
0.005517559218537485 0.004813380893644266
0.005517559218537485 0.004720028142571796
0.005517559218537485 0.0048257573612473
0.005517559218537485 0.004668900265679605
0.005517559218537485 0.0045467223982748875
0.005517559218537485 0.004459347617605444
0.005517559218537485 0.004585093163990301
0.005517559218537485 0.004733814791588127
0.005517559218537485 0.0046160457788088985
0.005517559218537485 0.004610795776945475
0.005517559218537485 0.0049284663635696955
0.005517559218537485 0.004601022543863756
0.005517559218537485 0.004691934818271508
0.006396748435205601 0.004821976453406173
0.006396748435205601 0.004586315656181469
0.006396748435205601 0.004834130335007083
0.006396748435205601 0.004775162939013805
0.006397941161010373 0.005090468171963461
0.006397941161010373 0.005147493100389794
0.006397941161010373 0.005143153493600977
0.006397941161010373 0.005460456935565625
0.006397941161010373 0.005424482804086821
0.006397941161010373 0.0054722759400196155
0.006397941161010373 0.005353589063991923
0.006397941161010373 0.005669771056686981
0.006397941161010373 0.005809124826574415
0.006397941161010373 0.0055138600186229745
0.006397941161010373 0.005629292158085592
0.006397941161010373 0.005575987380209641
0.006397941161010373 0.005366113856608671
0.006397941161010373 0.005681989861396657
0.006397941161010373 0.005672079211943589
0.006397941161010373 0.005458196048431496
0.006397941161010373 0.005667154633551763
0.006397941161010373 0.005306681583564707
0.006397941161010373 0.005857325768483711
0.006397941161010373 0.005383752563045887
0.006397941161010373 0.00523458702381589
0.006397941161010373 0.0052844685851529734
0.006397941161010373 0.005291309773069224
0.006397941161010373 0.00565154904764932
0.006397941161010373 0.005641018065645702
0.006397941161010373 0.005498148669754378
0.006397941161010373 0.005544688114888813
0.006397941161010373 0.0057399819675446415
0.006397941161010373 0.005415493100788878
0.006397941161010373 0.005530150780347995
0.006397941161010373 0.005508608496048728
0.006397941161010373 0.005642166219232481
0.006397941161010373 0.005674242226961688
0.006397941161010373 0.005476340348401669
0.006397941161010373 0.005521073217537712
0.0064120717580390596 0.005860025371519715
0.0064120717580390596 0.005498368344258802
0.0064120717580390596 0.005643557714139165
0.0064120717580390596 0.005414373833512302
0.0064120717580390596 0.005368011175159249
0.0064120717580390596 0.005561534989842004
0.0064120717580390596 0.005763070798923305
0.0064120717580390596 0.005345272575227895
0.0064120717580390596 0.0056184558604732
0.0064120717580390596 0.005385891843900096
0.0064120717580390596 0.005342668904623046
0.0064120717580390596 0.0054453291867453835
0.0064120717580390596 0.005601599791276774
0.0064120717580390596 0.005655840791994855
0.0064120717580390596 0.005572979783505357
0.0064120717580390596 0.005826752245125136
0.0064120717580390596 0.0054544034877495075
0.0064120717580390596 0.005418075416580677
0.0064120717580390596 0.0048794704210469875
0.0064120717580390596 0.0053929759755870195
0.0064120717580390596 0.005542742948144623
0.0064120717580390596 0.005611421859077841
0.0064120717580390596 0.005705948303205626
0.0064120717580390596 0.005627420459006986
0.0064120717580390596 0.005556270171716815
0.0064120717580390596 0.005414113880089734
0.0064120717580390596 0.00547852192447433
0.0064120717580390596 0.0057779048222989645
0.0064120717580390596 0.005668227325123771
0.0064120717580390596 0.005526594951334995
0.0064120717580390596 0.005780737918699261
0.0064120717580390596 0.005490358145954631
0.0064120717580390596 0.005670817501385187
0.0064120717580390596 0.005666119317891168
0.0064120717580390596 0.005785868496446974
0.0064120717580390596 0.00553889964408915
0.0064120717580390596 0.005220219941312575
0.00712068994916312 0.005579586193258152
0.00712068994916312 0.005522209574325477
0.00712068994916312 0.0057241632101710845
0.00712068994916312 0.005685034444805458
0.00712068994916312 0.005537498371455476
0.00712068994916312 0.005813098204112625
0.00712068994916312 0.005712004799835289
0.00712068994916312 0.005927114239439121
0.00712068994916312 0.006046756860150565
0.00712068994916312 0.0061417734083400455
0.00712068994916312 0.006024731675393113
0.00712068994916312 0.005997932173039034
0.00712068994916312 0.0062577110205122325
0.00712068994916312 0.006427658815587387
0.00712068994916312 0.0065007788414591875
0.00712068994916312 0.006252058072649156
0.00712068994916312 0.006475400874661264
0.00712068994916312 0.006034057356183829
0.00712068994916312 0.006062450577187064
0.00712068994916312 0.005950409114816992
0.00712068994916312 0.0062657503666517286
0.00712068994916312 0.006178651247887037
0.00712068994916312 0.006072479264168658
0.00712068994916312 0.006077735733558882
0.00712068994916312 0.006137102752371401
0.00712068994916312 0.005981942919020718
0.00712068994916312 0.006159583678025157
0.00712068994916312 0.006189846623366309
0.00712068994916312 0.005976333439473826
0.00712068994916312 0.006204071933709693
0.00712068994916312 0.006184743588781782
0.00712068994916312 0.006195386940156086
0.00712068994916312 0.006178307887415108
0.00712068994916312 0.0064385493462148745
