11.0 7.5
11.0 8.35
12.0 9.13
16.0 9.86
18.0 10.36
18.0 11.57
18.0 13.02
18.0 14.2
18.0 14.95
19.0 15.66
19.0 16.02
19.0 16.3
19.0 16.73
19.0 17.21
21.0 17.21
21.0 17.57
21.0 17.95
21.0 18.33
21.0 18.26
21.0 18.44
21.0 18.63
21.0 18.82
21.0 19.04
21.0 19.22
21.0 19.31
21.0 19.51
22.0 19.65
21.0 19.62
22.0 19.66
22.0 19.87
22.0 20.25
22.0 20.35
22.0 20.14
22.0 20.31
22.0 20.63
22.0 21.16
23.0 20.97
23.0 21.22
23.0 21.33
23.0 21.36
23.0 21.54
23.0 21.71
23.0 21.74
23.0 21.71
23.0 21.93
23.0 21.95
23.0 22.07
23.0 22.05
23.0 22.08
23.0 21.92
