12.0 7.86
12.0 9.28
14.0 9.94
14.0 10.4
14.0 10.78
15.0 11.59
16.0 12.22
16.0 12.64
16.0 13.4
17.0 13.85
17.0 14.48
18.0 14.58
17.0 14.85
17.0 14.8
19.0 15.38
18.0 15.72
18.0 15.81
18.0 15.93
18.0 16.23
19.0 16.52
19.0 16.49
19.0 16.71
19.0 16.76
19.0 16.85
19.0 16.89
20.0 16.76
20.0 17.11
20.0 17.35
20.0 17.5
20.0 17.32
20.0 17.39
21.0 17.55
19.0 17.51
20.0 17.59
20.0 17.87
20.0 17.92
20.0 18.09
20.0 18.27
19.0 18.03
20.0 18.06
20.0 18.15
20.0 18.29
20.0 18.21
20.0 18.33
20.0 18.26
20.0 18.17
20.0 18.52
20.0 18.5
20.0 18.49
20.0 18.5
