11.0 7.41
12.0 8.24
12.0 9.07
13.0 9.86
15.0 10.06
16.0 11.03
16.0 11.77
16.0 12.13
17.0 12.91
16.0 13.38
17.0 13.58
16.0 13.83
17.0 13.73
17.0 14.07
17.0 14.42
18.0 14.55
17.0 14.9
17.0 15.29
18.0 15.2
18.0 14.97
17.0 15.6
18.0 15.95
18.0 16.15
18.0 16.48
18.0 16.6
18.0 17.08
18.0 17.31
19.0 17.27
19.0 17.37
19.0 17.46
19.0 17.57
19.0 17.61
19.0 17.7
19.0 17.61
19.0 17.79
19.0 17.9
20.0 17.87
20.0 18.05
20.0 18.09
20.0 18.26
20.0 18.29
20.0 18.36
20.0 18.31
20.0 18.35
20.0 18.46
20.0 18.52
20.0 18.68
20.0 19.03
20.0 18.8
20.0 19.05
