13.0 7.24
14.0 8.32
14.0 8.87
15.0 10.05
15.0 10.75
16.0 11.44
16.0 12.0
16.0 12.54
16.0 13.14
18.0 13.62
18.0 14.07
18.0 14.54
18.0 14.94
18.0 15.32
18.0 15.5
18.0 15.91
20.0 15.97
20.0 16.26
20.0 16.52
21.0 16.32
21.0 16.71
21.0 16.55
20.0 16.49
20.0 17.11
20.0 17.44
20.0 17.88
21.0 18.15
21.0 18.29
21.0 18.58
22.0 18.61
22.0 18.87
21.0 18.97
21.0 19.44
21.0 19.61
21.0 19.74
21.0 19.85
21.0 20.04
21.0 19.81
21.0 20.07
21.0 20.03
21.0 20.18
21.0 20.22
21.0 20.21
21.0 20.26
22.0 20.37
22.0 20.26
23.0 20.53
23.0 20.46
23.0 20.62
23.0 20.85
