12.0 7.66
12.0 8.76
13.0 9.17
15.0 9.76
15.0 10.58
15.0 11.16
14.0 11.72
15.0 12.1
16.0 12.69
16.0 13.11
17.0 13.94
19.0 14.59
18.0 15.3
18.0 15.72
18.0 16.0
19.0 15.86
18.0 15.94
19.0 16.48
19.0 16.5
20.0 16.94
20.0 17.1
21.0 17.57
20.0 17.93
21.0 18.27
20.0 18.36
21.0 18.51
22.0 18.59
22.0 18.63
22.0 18.85
22.0 18.82
21.0 18.85
21.0 18.88
22.0 19.14
21.0 19.09
21.0 19.04
22.0 18.99
22.0 19.12
22.0 19.02
22.0 19.27
22.0 19.07
21.0 19.14
22.0 19.25
22.0 19.47
22.0 19.69
22.0 19.9
23.0 20.27
23.0 19.95
22.0 20.33
23.0 20.49
23.0 20.58
