14.0 8.0
14.0 8.94
14.0 9.62
14.0 10.45
15.0 11.29
17.0 12.23
17.0 12.66
19.0 13.58
20.0 14.1
20.0 14.77
20.0 15.73
21.0 16.4
21.0 16.5
21.0 17.17
21.0 17.67
22.0 18.19
21.0 18.13
21.0 18.23
21.0 18.52
22.0 18.8
22.0 19.36
22.0 19.25
22.0 19.37
22.0 19.5
22.0 19.73
22.0 19.84
22.0 20.32
22.0 20.37
22.0 20.18
22.0 20.17
22.0 20.16
22.0 20.27
22.0 20.29
22.0 20.2
22.0 20.18
22.0 20.12
22.0 20.1
22.0 20.13
22.0 20.32
22.0 20.51
22.0 20.35
22.0 20.48
22.0 20.61
22.0 20.74
22.0 20.66
22.0 20.77
22.0 20.73
22.0 20.79
22.0 20.8
22.0 20.95
