12.0 7.77
16.0 8.7
16.0 10.01
17.0 10.81
16.0 12.19
16.0 12.99
16.0 13.36
16.0 13.81
16.0 14.06
17.0 14.56
17.0 15.16
18.0 15.54
18.0 15.93
18.0 15.94
18.0 16.26
20.0 16.39
19.0 16.48
19.0 16.72
19.0 16.85
19.0 17.24
19.0 17.31
19.0 17.61
20.0 17.72
20.0 18.02
20.0 18.06
20.0 18.17
20.0 18.19
20.0 18.12
20.0 18.11
20.0 18.52
20.0 18.63
20.0 18.76
20.0 18.68
21.0 18.93
21.0 19.1
21.0 19.2
21.0 19.4
21.0 19.3
21.0 19.51
21.0 19.73
21.0 19.78
21.0 19.94
21.0 20.17
21.0 20.19
21.0 20.08
21.0 20.14
21.0 20.23
21.0 20.29
21.0 20.34
21.0 20.29
