12.0 7.95
13.0 8.79
14.0 9.96
14.0 11.08
15.0 12.1
16.0 12.21
16.0 12.6
16.0 13.05
17.0 13.98
18.0 14.75
18.0 14.82
18.0 15.06
19.0 15.26
19.0 15.92
20.0 16.43
21.0 17.18
21.0 17.44
21.0 17.71
21.0 17.81
21.0 18.1
21.0 18.83
21.0 19.28
21.0 19.16
21.0 19.38
21.0 19.65
21.0 19.78
21.0 19.8
21.0 19.91
21.0 20.0
21.0 19.83
22.0 19.95
22.0 20.02
22.0 19.96
22.0 19.95
22.0 20.04
22.0 20.33
22.0 20.43
22.0 20.62
22.0 20.78
22.0 20.7
22.0 20.73
22.0 20.81
22.0 20.99
22.0 20.92
22.0 21.0
22.0 21.02
22.0 21.16
23.0 21.27
22.0 21.25
23.0 21.27
