14.0 7.82
15.0 9.32
15.0 10.65
15.0 11.5
16.0 12.32
16.0 12.95
16.0 13.08
17.0 13.66
16.0 14.35
17.0 14.8
18.0 15.15
18.0 15.17
19.0 15.49
19.0 15.51
19.0 15.8
18.0 15.66
18.0 15.54
19.0 16.05
19.0 16.12
19.0 16.42
20.0 16.82
20.0 17.28
20.0 17.49
20.0 17.39
20.0 17.63
20.0 18.04
21.0 18.22
21.0 18.24
21.0 18.51
21.0 18.55
22.0 18.66
21.0 18.89
21.0 18.87
21.0 18.89
21.0 19.27
22.0 19.56
23.0 20.0
23.0 20.28
23.0 20.33
23.0 20.39
23.0 20.12
22.0 19.96
23.0 19.94
23.0 20.14
23.0 20.44
24.0 20.82
24.0 20.96
24.0 20.96
23.0 21.12
23.0 21.24
