14.0 7.58
14.0 8.85
16.0 9.72
17.0 11.43
17.0 12.75
18.0 13.31
18.0 13.75
19.0 14.0
19.0 14.57
20.0 15.74
20.0 15.94
20.0 16.35
21.0 17.11
20.0 17.26
21.0 17.45
21.0 17.74
21.0 17.52
22.0 17.68
21.0 17.63
21.0 17.58
21.0 18.08
21.0 18.45
23.0 18.78
23.0 18.66
22.0 18.58
23.0 18.81
23.0 19.1
23.0 19.67
23.0 20.94
23.0 21.21
23.0 21.64
23.0 21.72
23.0 21.66
23.0 22.14
23.0 22.02
23.0 22.24
23.0 22.3
24.0 22.53
24.0 22.55
24.0 22.61
24.0 22.64
24.0 22.65
24.0 22.71
24.0 22.83
24.0 22.94
24.0 22.77
24.0 22.82
24.0 22.91
24.0 22.94
24.0 22.85
