11.0 7.31
12.0 7.83
12.0 8.53
12.0 9.14
12.0 9.78
12.0 9.96
13.0 10.11
14.0 10.71
15.0 11.0
15.0 11.79
15.0 12.49
17.0 12.76
16.0 13.26
17.0 13.57
17.0 14.08
19.0 13.91
18.0 14.05
17.0 14.41
18.0 15.13
18.0 15.31
18.0 15.29
19.0 15.54
19.0 15.98
20.0 16.67
20.0 16.73
20.0 17.14
20.0 17.31
20.0 17.8
21.0 18.14
21.0 18.46
21.0 18.56
21.0 18.65
21.0 18.97
21.0 19.17
21.0 19.28
21.0 19.12
21.0 19.09
21.0 19.37
21.0 19.26
21.0 19.45
21.0 19.47
21.0 19.44
21.0 19.58
21.0 19.63
21.0 19.57
21.0 19.56
21.0 19.73
21.0 19.9
21.0 19.86
21.0 19.97
