0.0 1.0
1.0 0.0
0.005065176101100577 0.9288299494091751
0.0 1.0
1.0 0.0
0.9626679697506559 0.018843554905408566
0.01844073570955937 0.8642033295343389
0.013661828125161387 0.8831161768029409
0.19873770594666798 0.5541999260355961
0.4541112676749952 0.32612221606956415
0.2978000304923591 0.4542894260760938
0.04824407434049734 0.780354662374779
0.03355475630277305 0.8168204260765599
0.3081365670111833 0.4448994982787502
0.3740722744052691 0.388385518152759
0.9040461110582615 0.049186605553822926
0.8738334060820915 0.06520943196773132
0.5138430437006792 0.2831715381622467
0.9626679697506559 0.018843554905408566
0.9328600271716039 0.034153207195052104
0.5913343496146692 0.23101732814408016
0.9328600271716039 0.034153207195052104
0.9040461110582615 0.049186605553822926
0.12261145335908519 0.649840817114437
0.10529412472556218 0.6755094381564201
0.22736062416468672 0.5231765272507165
0.539229517216977 0.26567751143181173
0.38138022409979877 0.3824401048482837
0.3992481411192728 0.36813914417866267
0.2470997776269376 0.5029086828087443
0.5648741532059867 0.2484188977854841
0.17116258409740093 0.5862819993070147
0.15403187699289106 0.6075310496448272
0.49160743687389696 0.298852770900507
0.42051960011242295 0.3515251738791837
0.49160743687389696 0.298852770900507
0.4698781860921929 0.31452338764025445
0.8738334060820915 0.06520943196773132
0.8500422302703075 0.07802265197549052
0.28127166139574955 0.4696494919435359
0.2626360332403595 0.4875197240474912
0.07003283709620846 0.735362819890688
0.057816219568136706 0.7595499645079321
0.7942372703044277 0.10880009520622835
0.771073403991116 0.12189214558169681
0.7306376768285856 0.1452265347891375
0.7078595027573409 0.15865613286995373
0.5439301838342736 0.2624837738501792
0.518537744678896 0.27990435032636396
0.7521810371761988 0.13271628795635815
0.7306376768285856 0.1452265347891375
0.3557936701427429 0.4035155742663997
0.18688292712391025 0.5677004197042168
0.17157246690859837 0.5857869305434722
0.6115072696024191 0.2180106972583199
0.5674877828982521 0.24668215015290385
0.4225660452037565 0.3499491979823758
0.8152067997095016 0.09711196723541538
0.7942372703044277 0.10880009520622835
0.39760506812157403 0.3694406704190525
0.8325125179779925 0.08757876067137027
0.09307202729078101 0.6949229158216221
0.08119379182584971 0.7150547564428391
0.28127166139574955 0.4696494919435359
0.686239320912992 0.1716043693300936
0.6665166750222088 0.1835952749878227
0.10529412472556218 0.6755094381564201
0.09307202729078101 0.6949229158216221
0.02565814088977885 0.8398184127629557
0.08119379182584971 0.7150547564428391
0.07003283709620846 0.735362819890688
0.6492335259604489 0.19424971240436473
0.6300515556579873 0.20624213033319327
0.00832286898933865 0.9087702406594282
0.24712696780272775 0.5028813342845315
0.03355475630277305 0.8168204260765599
0.02565814088977885 0.8398184127629557
0.2626360332403595 0.4875197240474912
0.04853821264062913 0.7796861042951917
0.3509956537770172 0.4075511382600038
0.6300515556579873 0.20624213033319327
0.6115072696024191 0.2180106972583199
0.1436707981697085 0.6209606904690379
0.13100434176431408 0.6380547807135531
0.771073403991116 0.12189214558169681
0.7521810371761988 0.13271628795635815
0.057816219568136706 0.7595499645079321
0.43906847032098 0.33737758087959324
0.21227536627928778 0.5392664910392475
0.22181432657491984 0.5290283165890758
0.5845853288081804 0.23541820005431702
0.32267915757569404 0.43195144787114015
0.8500422302703075 0.07802265197549052
0.8292790059066613 0.08935242497074569
0.336818002485904 0.41963976489950316
0.32267915757569404 0.43195144787114015
0.43906847032098 0.33737758087959324
0.46909179536982143 0.31509723655848676
0.18688292712391025 0.5677004197042168
0.15403187699289106 0.6075310496448272
