101.15659269107643 101.1565926910765
10.666666666666671 10.666666666666659
0.5958571049152113 0.5958571049152113
0.23376146999446235 0.23376146999446235
0.16534906950180073 0.16534906950180073
0.11190823680793471 0.11190823680793471
0.102165257145586 0.102165257145586
0.10136025776728275 0.10136025776728275
0.08141895224997597 0.08141895224997597
0.08141895224997597 0.08141895224997597
0.05824555197349923 0.05824555197349923
0.05824555197349923 0.05824555197349923
0.05767443392254279 0.05767443392254279
0.05610113354238422 0.05610113354238422
0.055191248738296395 0.055191248738296395
0.05292500017598911 0.05292500017598911
0.04531676277328245 0.04531676277328245
0.02681164071636033 0.02681164071636033
0.023885739971817088 0.023885739971817088
0.023885739971817088 0.023885739971817088
0.02117260403431942 0.02117260403431942
0.02041174103212029 0.02041174103212029
0.018823122847379636 0.018823122847379636
0.017737471537785154 0.017737471537785154
0.017683793747394816 0.017683793747394816
0.017683793747394816 0.017683793747394816
0.01757581108337547 0.01757581108337547
0.017336870167881102 0.017336870167881102
0.016408956808177777 0.016408956808177777
0.016278215415610475 0.016278215415610475
0.014929847108646754 0.014929847108646754
0.014950849176628367 0.014950849176628367
0.014597655419976263 0.014597655419976263
0.01455055628693458 0.01455055628693458
0.014058085719867108 0.014058085719867108
0.014058085719867108 0.014058085719867108
0.01394339267024236 0.01394339267024236
0.013256672673151115 0.013256672673151115
0.013256672673151115 0.013256672673151115
0.013256672673151115 0.013256672673151115
0.013194313863749585 0.013194313863749585
0.01266767701100946 0.01266767701100946
0.012688017819485253 0.012688017819485253
0.01171448133601416 0.01171448133601416
0.011050037136016044 0.011050037136016044
0.011087175207336486 0.011087175207336486
0.010903351153856988 0.010903351153856988
0.010616580892047978 0.010616580892047978
0.010361514430073271 0.010361514430073271
0.010403539261901074 0.010403539261901074
0.010038252829303929 0.010038252829303929
0.010184262463283744 0.010184262463283744
0.010205914235669411 0.010205914235669411
0.009361754633843589 0.009361754633843589
0.009243464300482174 0.009243464300482174
0.008930873363254932 0.008930873363254932
0.008909007922738965 0.008909007922738965
0.00908727230269335 0.00908727230269335
0.009125022530170668 0.009125022530170668
0.009077124709719442 0.009077124709719442
0.00904106576078334 0.00904106576078334
0.009172832830515176 0.009172832830515176
0.009094921042148485 0.009094921042148485
0.009074232690821304 0.009074232690821304
0.009008935230482962 0.009008935230482962
0.008203772540539944 0.008203772540539944
0.008189225299119585 0.008189225299119585
0.008100477179269205 0.008100477179269205
0.00827543484292903 0.00827543484292903
0.008106426942759981 0.008106426942759981
0.008174580241018248 0.008174580241018248
0.008355176508672457 0.008355176508672457
0.008364797206866115 0.008364797206866115
0.007962024010794266 0.007962024010794266
0.008075224872641229 0.008075224872641229
0.008160684764504822 0.008160684764504822
0.008218032149031274 0.008218032149031274
0.008226421122927263 0.008226421122927263
0.008226421122927263 0.008226421122927263
0.008149536786518752 0.008149536786518752
0.007954676179807052 0.007954676179807052
0.008185130953748398 0.008185130953748398
0.008351259470742889 0.008351259470742889
0.008228438432809071 0.008228438432809071
0.008423415320322647 0.008423415320322647
0.008472865335733104 0.008472865335733104
0.008427046116338488 0.008427046116338488
0.008427046116338488 0.008427046116338488
0.008329250578810843 0.008329250578810843
0.008511088459883354 0.008511088459883354
0.008496694371316948 0.008496694371316948
0.008400409323726876 0.008400409323726876
0.008303347112160964 0.008303347112160964
0.008198320530169667 0.008198320530169667
0.008056572317372002 0.008056572317372002
0.008115453487604896 0.008115453487604896
0.008066654306190912 0.008066654306190912
0.008384635884354452 0.008384635884354452
0.008618579043442764 0.008618579043442764
0.008631999214856023 0.008631999214856023
0.008745221515795265 0.008745221515795265
0.008814198043296528 0.008814198043296528
0.008743539333522676 0.008743539333522676
0.008486863238857723 0.008486863238857723
0.008428153740311473 0.008428153740311473
0.008209710145763438 0.008209710145763438
0.007976193509520613 0.007976193509520613
0.008010457178201591 0.008010457178201591
0.008048111320562157 0.008048111320562157
0.00807708552129327 0.00807708552129327
0.007975805168385364 0.007975805168385364
0.008100322485177003 0.008100322485177003
0.008355903971903444 0.008355903971903444
0.008311842617501952 0.008311842617501952
0.008285316303599188 0.008285316303599188
0.007912613980408878 0.007912613980408878
0.007941482813038192 0.007941482813038192
0.007941032948565407 0.007941032948565407
0.0079892702221116 0.0079892702221116
0.007779533852456666 0.007779533852456666
0.007700678654842363 0.007700678654842363
0.007808057471294205 0.007808057471294205
0.007932772724117854 0.007932772724117854
0.00800799468687785 0.00800799468687785
0.007543008177293586 0.007543008177293586
0.007445590710020156 0.007445590710020156
0.007408602085305915 0.007408602085305915
0.0074939438454890706 0.0074939438454890706
0.007448071809051271 0.007448071809051271
0.007405075443003284 0.007405075443003284
0.007481196973330384 0.007481196973330384
0.00753849803007256 0.00753849803007256
0.007495704580307461 0.007495704580307461
0.007431220685759854 0.007431220685759854
0.0074640186917633855 0.0074640186917633855
0.007523665486360187 0.007523665486360187
0.00754092897841474 0.00754092897841474
0.007547496716526325 0.007547496716526325
0.007502644614433507 0.007502644614433507
0.007635724127936783 0.007635724127936783
0.007790625002471074 0.007790625002471074
0.0075770250631137515 0.0075770250631137515
0.007642740357624689 0.007642740357624689
0.007901197757377076 0.007901197757377076
0.007793428770398236 0.007793428770398236
0.007843197805016189 0.007843197805016189
0.007766544725342328 0.007766544725342328
0.0076433165524179 0.0076433165524179
0.007568401214356868 0.007568401214356868
0.007615880232975769 0.007615880232975769
